cruises/baja2025/cnv/20250419_cast1.cnv
* Sea-Bird SBE19plus Data File:
* FileName = C:\Users\ScienceTech\OneDrive - Western Flyer Foundation\Desktop\ProfilingCTD\data\20250419_DeepChannel_cast6.hex
* Software Version 1.59
* Temperature SN =  8289
* Conductivity SN =  8289
* System UpLoad Time = Apr 19 2025 11:40:39
** DeepChannel
** 4/19/2025
** 0710 UTC
** 28 30.112'N
** 112 45.913'W
** ~1000 m bottom depth
** 500-m cast target depth
# nquan = 18
# nvalues = 12389                                 
# units = specified
# name 0 = timeS: Time, Elapsed [seconds]
# name 1 = prdM: Pressure, Strain Gauge [db]
# name 2 = c0S/m: Conductivity [S/m]
# name 3 = sbeox0V: Oxygen raw, SBE 43 [V]
# name 4 = flECO-AFL: Fluorescence, WET Labs ECO-AFL/FL [mg/m^3]
# name 5 = depSM: Depth [salt water, m], lat = 0.00
# name 6 = sigma-t00: Density [sigma-t, kg/m^3 ]
# name 7 = sigma-100: Density [sigma-1, kg/m^3 ]
# name 8 = tv268C: Temperature [IPTS-68, deg C]
# name 9 = tv290C: Temperature [ITS-90, deg C]
# name 10 = svCF: Sound Velocity [Chen-Millero, ft/s]
# name 11 = sal00: Salinity, Practical [PSU]
# name 12 = sbeox0ML/L: Oxygen, SBE 43 [ml/l]
# name 13 = sbeox0Mg/L: Oxygen, SBE 43 [mg/l]
# name 14 = sbeox0PS: Oxygen, SBE 43 [% saturation]
# name 15 = sbeox0Mm/L: Oxygen, SBE 43 [umol/l]
# name 16 = ph: pH
# name 17 = flag:  0.000e+00
# span 0 =      0.000,   3097.000                 
# span 1 =     -0.150,    505.806                 
# span 2 =  -0.000042,   4.402193                 
# span 3 =     1.0181,     3.3430                 
# span 4 =    -0.1337,   128.6741                 
# span 5 =     -0.149,    502.413                 
# span 6 =    -1.1875,    26.4873                 
# span 7 =     3.3745,    30.9106                 
# span 8 =    12.1970,    16.7936                 
# span 9 =    12.1940,    16.7896                 
# span 10 =    4819.83,    4953.97                
# span 11 =     0.0000,    35.2646                
# span 12 =     1.6835,     8.6850                
# span 13 =     2.4059,    12.4118                
# span 14 =     27.917,    154.801                
# span 15 =     75.185,    387.873                
# span 16 =      7.278,      7.919                
# span 17 = 0.0000e+00, 0.0000e+00                
# interval = seconds: 0.25
# start_time = Apr 19 2025 00:07:12 [Instrument's time stamp, header]
# bad_flag = -9.990e-29
*END*
[from data line 4423]
   1105.750    409.262   4.050103     1.0545    -0.0682    406.611    26.4570    30.8746    12.4095    12.4065    4937.29    34.9311     1.7815     2.5460     29.677     79.563      7.688  0.000e+00
   1106.000    409.342   4.049969     1.0545    -0.0543    406.691    26.4565    30.8741    12.4089    12.4059    4937.28    34.9303     1.7830     2.5480     29.701     79.627      7.688  0.000e+00
   1106.250    409.448   4.049963     1.0550    -0.0623    406.795    26.4571    30.8747    12.4082    12.4052    4937.28    34.9308     1.7864     2.5530     29.758     79.782      7.690  0.000e+00
   1106.500    409.578   4.049909     1.0543    -0.0702    406.925    26.4573    30.8749    12.4074    12.4045    4937.28    34.9309     1.7844     2.5501     29.724     79.693      7.688  0.000e+00
   1106.750    409.708   4.049876     1.0540    -0.0722    407.054    26.4575    30.8751    12.4069    12.4039    4937.28    34.9310     1.7836     2.5490     29.711     79.657      7.689  0.000e+00
   1107.000    409.869   4.049695     1.0541    -0.0623    407.214    26.4568    30.8744    12.4062    12.4032    4937.28    34.9299     1.7834     2.5487     29.706     79.647      7.688  0.000e+00
   1107.250    410.043   4.049876     1.0543    -0.0464    407.386    26.4587    30.8764    12.4055    12.4025    4937.29    34.9323     1.7841     2.5497     29.718     79.680      7.690  0.000e+00
   1107.500    410.204   4.049749     1.0557    -0.0801    407.546    26.4580    30.8756    12.4052    12.4022    4937.29    34.9312     1.7920     2.5609     29.848     80.029      7.692  0.000e+00
   1107.750    410.365   4.049502     1.0553    -0.0781    407.706    26.4562    30.8739    12.4050    12.4021    4937.29    34.9289     1.7911     2.5597     29.833     79.990      7.690  0.000e+00
   1108.000    410.539   4.049448     1.0545    -0.0861    407.879    26.4566    30.8743    12.4041    12.4011    4937.29    34.9292     1.7882     2.5555     29.785     79.862      7.688  0.000e+00
   1108.250    410.682   4.049502     1.0547    -0.0702    408.020    26.4581    30.8758    12.4028    12.3999    4937.29    34.9308     1.7890     2.5567     29.797     79.897      7.688  0.000e+00
   1108.500    410.812   4.049475     1.0549    -0.0722    408.150    26.4584    30.8761    12.4023    12.3994    4937.29    34.9310     1.7903     2.5585     29.819     79.955      7.689  0.000e+00
   1108.750    410.917   4.049535     1.0540    -0.0643    408.254    26.4592    30.8770    12.4018    12.3988    4937.29    34.9320     1.7863     2.5528     29.752     79.776      7.690  0.000e+00
   1109.000    410.998   4.049636     1.0547    -0.0682    408.334    26.4597    30.8774    12.4021    12.3991    4937.30    34.9326     1.7878     2.5549     29.777     79.843      7.688  0.000e+00
   1109.250    411.078   4.049502     1.0540    -0.0682    408.414    26.4583    30.8761    12.4025    12.3995    4937.31    34.9310     1.7834     2.5487     29.705     79.649      7.692  0.000e+00
   1109.500    411.128   4.049449     1.0544    -0.0722    408.463    26.4580    30.8757    12.4024    12.3994    4937.31    34.9305     1.7837     2.5492     29.710     79.662      7.690  0.000e+00
   1109.750    411.190   4.049649     1.0545    -0.0484    408.525    26.4598    30.8775    12.4020    12.3991    4937.31    34.9328     1.7856     2.5518     29.741     79.746      7.688  0.000e+00
   1110.000    411.271   4.049749     1.0545    -0.0702    408.605    26.4604    30.8781    12.4022    12.3992    4937.32    34.9336     1.7867     2.5533     29.759     79.792      7.687  0.000e+00
   1110.250    411.345   4.049696     1.0544    -0.0643    408.679    26.4593    30.8770    12.4029    12.3999    4937.33    34.9323     1.7864     2.5529     29.754     79.780      7.690  0.000e+00
   1110.500    411.432   4.049589     1.0542    -0.0762    408.765    26.4581    30.8758    12.4034    12.4004    4937.34    34.9309     1.7857     2.5520     29.743     79.750      7.688  0.000e+00
   1110.750    411.513   4.049723     1.0547    -0.0722    408.845    26.4595    30.8772    12.4028    12.3999    4937.34    34.9326     1.7884     2.5557     29.787     79.868      7.688  0.000e+00
   1111.000    411.587   4.049823     1.0545    -0.0623    408.919    26.4600    30.8777    12.4031    12.4002    4937.35    34.9333     1.7875     2.5545     29.773     79.829      7.690  0.000e+00
   1111.250    411.680   4.049723     1.0543    -0.0781    409.011    26.4588    30.8765    12.4036    12.4006    4937.35    34.9318     1.7870     2.5538     29.765     79.807      7.689  0.000e+00
   1111.500    411.792   4.049623     1.0548    -0.0623    409.122    26.4578    30.8755    12.4038    12.4008    4937.36    34.9306     1.7888     2.5563     29.794     79.886      7.690  0.000e+00
   1111.750    411.934   4.049636     1.0544    -0.0702    409.264    26.4581    30.8758    12.4035    12.4005    4937.36    34.9310     1.7873     2.5542     29.769     79.819      7.687  0.000e+00
   1112.000    412.108   4.049302     1.0530    -0.0702    409.436    26.4559    30.8737    12.4031    12.4002    4937.36    34.9280     1.7806     2.5447     29.658     79.522      7.689  0.000e+00
   1112.250    412.275   4.049609     1.0544    -0.0623    409.602    26.4591    30.8768    12.4021    12.3991    4937.37    34.9319     1.7857     2.5519     29.742     79.749      7.690  0.000e+00
   1112.500    412.480   4.049737     1.0533    -0.0702    409.805    26.4602    30.8780    12.4018    12.3988    4937.38    34.9333     1.7811     2.5453     29.665     79.542      7.690  0.000e+00
   1112.750    412.666   4.049610     1.0545    -0.0682    409.990    26.4586    30.8764    12.4025    12.3995    4937.39    34.9314     1.7857     2.5520     29.743     79.751      7.690  0.000e+00
   1113.000    412.840   4.049449     1.0534    -0.0722    410.162    26.4574    30.8751    12.4025    12.3995    4937.40    34.9297     1.7819     2.5465     29.679     79.580      7.689  0.000e+00
   1113.250    412.995   4.049476     1.0540    -0.0603    410.316    26.4580    30.8758    12.4019    12.3989    4937.40    34.9305     1.7843     2.5500     29.719     79.689      7.688  0.000e+00
   1113.500    413.112   4.049162     1.0540    -0.0484    410.433    26.4561    30.8739    12.4014    12.3984    4937.39    34.9279     1.7848     2.5506     29.726     79.709      7.687  0.000e+00
   1113.750    413.212   4.049282     1.0532    -0.0762    410.531    26.4580    30.8758    12.4003    12.3973    4937.39    34.9300     1.7826     2.5475     29.689     79.610      7.687  0.000e+00
   1114.000    413.286   4.049363     1.0537    -0.0623    410.605    26.4591    30.8769    12.3997    12.3967    4937.40    34.9313     1.7850     2.5509     29.729     79.718      7.689  0.000e+00
   1114.250    413.342   4.049309     1.0538    -0.0643    410.661    26.4588    30.8767    12.3996    12.3966    4937.40    34.9309     1.7846     2.5503     29.721     79.698      7.689  0.000e+00
   1114.500    413.392   4.049389     1.0527    -0.0702    410.710    26.4594    30.8772    12.3996    12.3966    4937.40    34.9316     1.7801     2.5440     29.648     79.500      7.691  0.000e+00
   1114.750    413.423   4.049423     1.0527    -0.0682    410.741    26.4596    30.8774    12.3996    12.3967    4937.41    34.9319     1.7785     2.5416     29.620     79.426      7.690  0.000e+00
   1115.000    413.497   4.049222     1.0537    -0.0623    410.815    26.4577    30.8756    12.4000    12.3970    4937.40    34.9296     1.7838     2.5493     29.710     79.666      7.689  0.000e+00
   1115.250    413.596   4.049396     1.0527    -0.0623    410.913    26.4590    30.8768    12.4000    12.3970    4937.42    34.9312     1.7792     2.5426     29.633     79.459      7.692  0.000e+00
   1115.500    413.714   4.049135     1.0532    -0.0484    411.030    26.4575    30.8753    12.3995    12.3965    4937.41    34.9291     1.7818     2.5464     29.675     79.575      7.688  0.000e+00
   1115.750    413.882   4.049035     1.0521    -0.0643    411.196    26.4571    30.8749    12.3991    12.3961    4937.41    34.9285     1.7775     2.5402     29.603     79.382      7.689  0.000e+00
   1116.000    414.080   4.048788     1.0544    -0.0543    411.393    26.4560    30.8739    12.3981    12.3951    4937.40    34.9269     1.7871     2.5540     29.763     79.814      7.687  0.000e+00
   1116.250    414.272   4.048962     1.0542    -0.0702    411.584    26.4586    30.8765    12.3967    12.3937    4937.41    34.9298     1.7886     2.5561     29.787     79.879      7.689  0.000e+00
   1116.500    414.452   4.049477     1.0518    -0.0722    411.762    26.4631    30.8810    12.3958    12.3929    4937.43    34.9355     1.7796     2.5433     29.638     79.478      7.690  0.000e+00
   1116.750    414.657   4.049450     1.0540    -0.0702    411.966    26.4615    30.8794    12.3973    12.3943    4937.45    34.9338     1.7875     2.5545     29.770     79.829      7.688  0.000e+00
   1117.000    414.824   4.049363     1.0528    -0.0643    412.132    26.4596    30.8775    12.3986    12.3956    4937.47    34.9316     1.7824     2.5472     29.684     79.600      7.685  0.000e+00
   1117.250    414.948   4.049303     1.0538    -0.0623    412.255    26.4584    30.8763    12.3993    12.3964    4937.48    34.9303     1.7873     2.5543     29.767     79.822      7.690  0.000e+00
   1117.500    415.072   4.049363     1.0525    -0.0722    412.378    26.4592    30.8771    12.3990    12.3960    4937.49    34.9312     1.7812     2.5456     29.666     79.550      7.687  0.000e+00
   1117.750    415.171   4.049303     1.0544    -0.0722    412.476    26.4588    30.8767    12.3989    12.3959    4937.49    34.9307     1.7890     2.5566     29.794     79.895      7.686  0.000e+00
   1118.000    415.252   4.049337     1.0530    -0.0781    412.556    26.4591    30.8770    12.3988    12.3958    4937.49    34.9311     1.7819     2.5466     29.677     79.581      7.689  0.000e+00
   1118.250    415.326   4.048708     1.0524    -0.0702    412.630    26.4545    30.8724    12.3987    12.3957    4937.47    34.9251     1.7800     2.5439     29.645     79.497      7.687  0.000e+00
   1118.500    415.426   4.048815     1.0529    -0.0702    412.729    26.4566    30.8745    12.3972    12.3943    4937.47    34.9274     1.7831     2.5482     29.695     79.632      7.689  0.000e+00
   1118.750    415.525   4.048388     1.0518    -0.0543    412.827    26.4549    30.8730    12.3955    12.3925    4937.45    34.9249     1.7762     2.5383     29.578     79.323      7.688  0.000e+00
   1119.000    415.649   4.048902     1.0549    -0.0623    412.950    26.4607    30.8787    12.3934    12.3904    4937.46    34.9317     1.7902     2.5584     29.813     79.952      7.686  0.000e+00
   1119.250    415.779   4.049110     1.0545    -0.0702    413.080    26.4626    30.8806    12.3929    12.3900    4937.47    34.9341     1.7901     2.5582     29.810     79.945      7.689  0.000e+00
   1119.500    415.909   4.048515     1.0545    -0.0702    413.209    26.4570    30.8750    12.3942    12.3912    4937.46    34.9271     1.7923     2.5613     29.846     80.042      7.686  0.000e+00
   1119.750    416.008   4.047759     1.0537    -0.0722    413.307    26.4515    30.8696    12.3940    12.3910    4937.44    34.9200     1.7884     2.5558     29.780     79.870      7.687  0.000e+00
   1120.000    416.126   4.047753     1.0538    -0.0861    413.424    26.4549    30.8731    12.3901    12.3871    4937.41    34.9235     1.7906     2.5590     29.815     79.969      7.687  0.000e+00
   1120.250    416.238   4.047646     1.0541    -0.0762    413.535    26.4570    30.8751    12.3870    12.3840    4937.39    34.9253     1.7918     2.5606     29.833     80.021      7.690  0.000e+00
   1120.500    416.331   4.047726     1.0536    -0.0643    413.627    26.4593    30.8775    12.3850    12.3820    4937.39    34.9279     1.7881     2.5553     29.770     79.855      7.687  0.000e+00
   1120.750    416.443   4.047706     1.0526    -0.0603    413.738    26.4600    30.8782    12.3840    12.3811    4937.38    34.9285     1.7820     2.5467     29.669     79.584      7.689  0.000e+00
   1121.000    416.567   4.047666     1.0522    -0.0702    413.861    26.4601    30.8784    12.3835    12.3806    4937.38    34.9285     1.7760     2.5381     29.569     79.316      7.692  0.000e+00
   1121.250    416.734   4.047760     1.0524    -0.0623    414.027    26.4612    30.8795    12.3830    12.3801    4937.39    34.9298     1.7766     2.5389     29.578     79.342      7.687  0.000e+00
   1121.500    416.908   4.047700     1.0525    -0.0623    414.200    26.4607    30.8789    12.3831    12.3801    4937.40    34.9291     1.7772     2.5397     29.588     79.368      7.687  0.000e+00
   1121.750    417.100   4.047707     1.0534    -0.0543    414.390    26.4607    30.8790    12.3830    12.3801    4937.41    34.9292     1.7827     2.5477     29.680     79.616      7.688  0.000e+00
   1122.000    417.298   4.047753     1.0540    -0.0524    414.587    26.4611    30.8794    12.3829    12.3799    4937.42    34.9297     1.7864     2.5530     29.742     79.781      7.689  0.000e+00
   1122.250    417.460   4.047760     1.0527    -0.0524    414.748    26.4611    30.8794    12.3829    12.3799    4937.43    34.9297     1.7824     2.5472     29.675     79.601      7.687  0.000e+00
   1122.500    417.615   4.047754     1.0527    -0.0543    414.901    26.4610    30.8793    12.3830    12.3800    4937.44    34.9295     1.7836     2.5490     29.695     79.656      7.686  0.000e+00
   1122.750    417.720   4.047734     1.0532    -0.0643    415.006    26.4608    30.8791    12.3830    12.3800    4937.44    34.9292     1.7869     2.5537     29.751     79.805      7.687  0.000e+00
   1123.000    417.776   4.047780     1.0519    -0.0643    415.061    26.4611    30.8794    12.3830    12.3800    4937.45    34.9297     1.7810     2.5452     29.652     79.539      7.690  0.000e+00
   1123.250    417.819   4.047820     1.0508    -0.0623    415.104    26.4616    30.8799    12.3827    12.3798    4937.45    34.9302     1.7738     2.5349     29.532     79.218      7.690  0.000e+00
   1123.500    417.869   4.047807     1.0531    -0.0702    415.154    26.4611    30.8794    12.3832    12.3802    4937.46    34.9297     1.7822     2.5469     29.671     79.592      7.685  0.000e+00
   1123.750    417.937   4.047794     1.0512    -0.0623    415.221    26.4610    30.8793    12.3832    12.3802    4937.46    34.9295     1.7731     2.5340     29.521     79.188      7.687  0.000e+00
   1124.000    418.024   4.047754     1.0522    -0.0623    415.308    26.4606    30.8789    12.3832    12.3803    4937.46    34.9290     1.7778     2.5406     29.598     79.395      7.687  0.000e+00
   1124.250    418.148   4.047781     1.0512    -0.0563    415.431    26.4609    30.8792    12.3831    12.3801    4937.47    34.9294     1.7753     2.5371     29.558     79.287      7.690  0.000e+00
   1124.500    418.303   4.047674     1.0515    -0.0643    415.585    26.4600    30.8783    12.3832    12.3802    4937.47    34.9282     1.7762     2.5384     29.573     79.327      7.688  0.000e+00
   1124.750    418.458   4.047507     1.0512    -0.0543    415.739    26.4590    30.8773    12.3828    12.3798    4937.47    34.9269     1.7753     2.5371     29.557     79.287      7.688  0.000e+00
   1125.000    418.607   4.047306     1.0512    -0.0623    415.886    26.4584    30.8767    12.3818    12.3788    4937.47    34.9258     1.7771     2.5397     29.586     79.367      7.685  0.000e+00
   1125.250    418.768   4.047233     1.0518    -0.0623    416.046    26.4589    30.8773    12.3806    12.3776    4937.46    34.9262     1.7798     2.5435     29.629     79.484      7.691  0.000e+00
