cruises/baja2025/cnv/20250421.cnv
* Sea-Bird SBE19plus Data File:
* FileName = C:\Users\ScienceTech\OneDrive - Western Flyer Foundation\Desktop\ProfilingCTD\data\20250421_IslaTiburon_cast10.hex
* Software Version 1.59
* Temperature SN =  8289
* Conductivity SN =  8289
* System UpLoad Time = Apr 21 2025 08:55:31
** Isla Tiburon
** April 21 2025 1305 UTC
** Lat: 28 50.474 'N
** Long: 112 37.037 'W
** 600+m water
# nquan = 18
# nvalues = 9333                                  
# units = specified
# name 0 = timeS: Time, Elapsed [seconds]
# name 1 = prdM: Pressure, Strain Gauge [db]
# name 2 = c0S/m: Conductivity [S/m]
# name 3 = sbeox0V: Oxygen raw, SBE 43 [V]
# name 4 = flECO-AFL: Fluorescence, WET Labs ECO-AFL/FL [mg/m^3]
# name 5 = depSM: Depth [salt water, m], lat = 0.00
# name 6 = sigma-t00: Density [sigma-t, kg/m^3 ]
# name 7 = sigma-100: Density [sigma-1, kg/m^3 ]
# name 8 = tv268C: Temperature [IPTS-68, deg C]
# name 9 = tv290C: Temperature [ITS-90, deg C]
# name 10 = svCF: Sound Velocity [Chen-Millero, ft/s]
# name 11 = sal00: Salinity, Practical [PSU]
# name 12 = sbeox0ML/L: Oxygen, SBE 43 [ml/l]
# name 13 = sbeox0Mg/L: Oxygen, SBE 43 [mg/l]
# name 14 = sbeox0PS: Oxygen, SBE 43 [% saturation]
# name 15 = sbeox0Mm/L: Oxygen, SBE 43 [umol/l]
# name 16 = ph: pH
# name 17 = flag:  0.000e+00
# span 0 =      0.000,   2333.000                 
# span 1 =     -0.145,    545.742                 
# span 2 =  -0.000027,   4.393691                 
# span 3 =     0.8936,     3.0052                 
# span 4 =    -0.1376,   128.6840                 
# span 5 =     -0.144,    542.029                 
# span 6 =    -1.1577,    26.7013                 
# span 7 =     3.4080,    31.1579                 
# span 8 =    10.5831,    16.6186                 
# span 9 =    10.5806,    16.6146                 
# span 10 =    4821.84,    4953.42                
# span 11 =     0.0000,    35.1641                
# span 12 =     1.3126,     8.7048                
# span 13 =     1.8758,    12.4401                
# span 14 =     21.024,    134.699                
# span 15 =     58.621,    388.758                
# span 16 =      7.389,      7.984                
# span 17 = 0.0000e+00, 0.0000e+00                
# interval = seconds: 0.25
# start_time = Apr 21 2025 06:04:58 [Instrument's time stamp, header]
# bad_flag = -9.990e-29
*END*
[from data line 5387]
   1346.750    513.688   3.876943     0.9089    -0.0702    510.233    26.6886    31.1431    10.6738    10.6713    4922.79    34.8127     1.3609     1.9449     21.840     60.780      7.663  0.000e+00
   1347.000    513.570   3.876916     0.9092    -0.0524    510.116    26.6882    31.1426    10.6742    10.6716    4922.78    34.8121     1.3634     1.9485     21.880     60.891      7.662  0.000e+00
   1347.250    513.446   3.877048     0.9091    -0.0543    509.993    26.6890    31.1435    10.6744    10.6718    4922.79    34.8133     1.3645     1.9501     21.898     60.940      7.662  0.000e+00
   1347.500    513.310   3.877107     0.9089    -0.0682    509.857    26.6892    31.1436    10.6748    10.6722    4922.78    34.8136     1.3662     1.9524     21.925     61.014      7.660  0.000e+00
   1347.750    513.198   3.877212     0.9101    -0.0623    509.747    26.6894    31.1438    10.6755    10.6729    4922.79    34.8140     1.3704     1.9584     21.992     61.201      7.662  0.000e+00
   1348.000    513.049   3.877297     0.9095    -0.0543    509.599    26.6893    31.1437    10.6764    10.6738    4922.79    34.8141     1.3705     1.9586     21.994     61.207      7.662  0.000e+00
   1348.250    512.913   3.877376     0.9092    -0.0801    509.464    26.6891    31.1435    10.6773    10.6747    4922.79    34.8141     1.3672     1.9538     21.941     61.058      7.661  0.000e+00
   1348.500    512.783   3.877455     0.9118    -0.0623    509.334    26.6890    31.1434    10.6781    10.6756    4922.80    34.8141     1.3797     1.9717     22.142     61.615      7.661  0.000e+00
   1348.750    512.652   3.877540     0.9091    -0.0524    509.205    26.6890    31.1433    10.6789    10.6764    4922.80    34.8143     1.3672     1.9538     21.942     61.057      7.662  0.000e+00
   1349.000    512.522   3.877566     0.9096    -0.0464    509.076    26.6885    31.1428    10.6797    10.6771    4922.80    34.8139     1.3677     1.9546     21.951     61.082      7.661  0.000e+00
   1349.250    512.398   3.877593     0.9097    -0.0543    508.953    26.6881    31.1424    10.6804    10.6778    4922.80    34.8135     1.3673     1.9540     21.945     61.063      7.661  0.000e+00
   1349.500    512.274   3.877592     0.9095    -0.0444    508.830    26.6877    31.1420    10.6809    10.6784    4922.80    34.8131     1.3654     1.9513     21.915     60.979      7.662  0.000e+00
   1349.750    512.138   3.877592     0.9109    -0.0543    508.694    26.6874    31.1417    10.6813    10.6787    4922.79    34.8128     1.3705     1.9586     21.997     61.208      7.663  0.000e+00
   1350.000    512.032   3.877619     0.9097    -0.0623    508.590    26.6875    31.1417    10.6815    10.6789    4922.79    34.8129     1.3664     1.9528     21.931     61.025      7.661  0.000e+00
   1350.250    511.896   3.877678     0.9099    -0.0801    508.455    26.6878    31.1420    10.6817    10.6791    4922.79    34.8134     1.3663     1.9525     21.929     61.018      7.659  0.000e+00
   1350.500    511.772   3.877783     0.9102    -0.0643    508.331    26.6882    31.1424    10.6822    10.6796    4922.79    34.8140     1.3664     1.9527     21.931     61.024      7.661  0.000e+00
   1350.750    511.635   3.877862     0.9100    -0.0563    508.196    26.6882    31.1424    10.6829    10.6804    4922.79    34.8141     1.3686     1.9558     21.966     61.120      7.661  0.000e+00
   1351.000    511.505   3.877894     0.9103    -0.0643    508.067    26.6878    31.1420    10.6836    10.6811    4922.79    34.8139     1.3690     1.9564     21.973     61.138      7.662  0.000e+00
   1351.250    511.368   3.877861     0.9105    -0.0623    507.931    26.6870    31.1412    10.6843    10.6818    4922.79    34.8130     1.3698     1.9576     21.987     61.176      7.664  0.000e+00
   1351.500    511.213   3.877920     0.9094    -0.0702    507.778    26.6873    31.1415    10.6845    10.6820    4922.78    34.8134     1.3643     1.9497     21.899     60.930      7.662  0.000e+00
   1351.750    511.096   3.877947     0.9099    -0.0623    507.661    26.6872    31.1414    10.6849    10.6823    4922.78    34.8134     1.3648     1.9504     21.906     60.950      7.665  0.000e+00
   1352.000    510.965   3.877947     0.9107    -0.0643    507.532    26.6870    31.1411    10.6852    10.6827    4922.78    34.8131     1.3697     1.9575     21.986     61.171      7.664  0.000e+00
   1352.250    510.841   3.877947     0.9097    -0.0524    507.408    26.6867    31.1408    10.6856    10.6830    4922.77    34.8129     1.3650     1.9507     21.910     60.959      7.661  0.000e+00
   1352.500    510.699   3.877999     0.9101    -0.0484    507.267    26.6870    31.1411    10.6858    10.6832    4922.77    34.8133     1.3664     1.9527     21.933     61.023      7.662  0.000e+00
   1352.750    510.581   3.878052     0.9104    -0.0623    507.150    26.6872    31.1413    10.6860    10.6835    4922.77    34.8136     1.3678     1.9547     21.955     61.085      7.660  0.000e+00
   1353.000    510.444   3.878084     0.9107    -0.0623    507.015    26.6871    31.1412    10.6865    10.6839    4922.76    34.8136     1.3698     1.9576     21.988     61.175      7.664  0.000e+00
   1353.250    510.302   3.878163     0.9099    -0.0603    506.873    26.6874    31.1415    10.6869    10.6843    4922.76    34.8140     1.3665     1.9529     21.935     61.027      7.662  0.000e+00
   1353.500    510.165   3.878163     0.9111    -0.0623    506.738    26.6870    31.1411    10.6874    10.6848    4922.76    34.8136     1.3725     1.9614     22.032     61.296      7.663  0.000e+00
   1353.750    510.035   3.878216     0.9109    -0.0623    506.609    26.6869    31.1409    10.6880    10.6854    4922.76    34.8136     1.3715     1.9601     22.016     61.253      7.661  0.000e+00
   1354.000    509.892   3.878275     0.9111    -0.0543    506.467    26.6872    31.1412    10.6882    10.6856    4922.76    34.8141     1.3722     1.9610     22.027     61.282      7.662  0.000e+00
   1354.250    509.768   3.878275     0.9113    -0.0623    506.344    26.6868    31.1408    10.6887    10.6861    4922.75    34.8137     1.3744     1.9641     22.062     61.380      7.661  0.000e+00
   1354.500    509.638   3.878275     0.9120    -0.0563    506.215    26.6865    31.1406    10.6890    10.6864    4922.75    34.8134     1.3772     1.9682     22.108     61.507      7.664  0.000e+00
   1354.750    509.508   3.878301     0.9107    -0.0524    506.086    26.6864    31.1405    10.6894    10.6868    4922.75    34.8134     1.3715     1.9600     22.016     61.250      7.663  0.000e+00
   1355.000    509.402   3.878301     0.9120    -0.0603    505.981    26.6863    31.1403    10.6896    10.6870    4922.74    34.8132     1.3764     1.9671     22.096     61.472      7.664  0.000e+00
   1355.250    509.297   3.878301     0.9124    -0.0682    505.876    26.6862    31.1402    10.6897    10.6871    4922.74    34.8132     1.3794     1.9713     22.144     61.605      7.664  0.000e+00
   1355.500    509.173   3.878327     0.9120    -0.0762    505.753    26.6861    31.1401    10.6900    10.6875    4922.73    34.8132     1.3764     1.9670     22.095     61.469      7.662  0.000e+00
   1355.750    509.030   3.878465     0.9128    -0.0643    505.612    26.6872    31.1412    10.6901    10.6876    4922.73    34.8145     1.3805     1.9728     22.161     61.651      7.665  0.000e+00
   1356.000    508.937   3.878570     0.9126    -0.0643    505.520    26.6874    31.1414    10.6908    10.6882    4922.74    34.8150     1.3795     1.9714     22.146     61.608      7.662  0.000e+00
   1356.250    508.801   3.878570     0.9124    -0.0702    505.384    26.6867    31.1407    10.6916    10.6891    4922.74    34.8142     1.3782     1.9696     22.126     61.552      7.661  0.000e+00
   1356.500    508.664   3.878708     0.9130    -0.0543    505.249    26.6869    31.1409    10.6926    10.6900    4922.74    34.8148     1.3805     1.9729     22.163     61.654      7.662  0.000e+00
   1356.750    508.528   3.878734     0.9125    -0.0543    505.113    26.6866    31.1405    10.6932    10.6907    4922.74    34.8145     1.3785     1.9701     22.131     61.565      7.662  0.000e+00
   1357.000    508.385   3.878813     0.9121    -0.0543    504.972    26.6868    31.1407    10.6937    10.6911    4922.74    34.8149     1.3742     1.9638     22.062     61.371      7.661  0.000e+00
   1357.250    508.230   3.878845     0.9123    -0.0702    504.818    26.6864    31.1403    10.6945    10.6920    4922.74    34.8145     1.3737     1.9631     22.054     61.347      7.663  0.000e+00
   1357.500    508.088   3.878924     0.9126    -0.0623    504.677    26.6865    31.1404    10.6952    10.6926    4922.74    34.8148     1.3748     1.9647     22.073     61.399      7.662  0.000e+00
   1357.750    507.926   3.878950     0.9126    -0.0524    504.517    26.6860    31.1399    10.6959    10.6933    4922.74    34.8144     1.3740     1.9636     22.060     61.363      7.662  0.000e+00
   1358.000    507.759   3.879049     0.9126    -0.0563    504.350    26.6864    31.1402    10.6965    10.6939    4922.74    34.8149     1.3745     1.9643     22.068     61.384      7.663  0.000e+00
   1358.250    507.622   3.879167     0.9127    -0.0762    504.215    26.6866    31.1404    10.6973    10.6947    4922.74    34.8154     1.3750     1.9650     22.077     61.407      7.662  0.000e+00
   1358.500    507.467   3.879279     0.9130    -0.0543    504.061    26.6867    31.1405    10.6982    10.6956    4922.75    34.8157     1.3765     1.9671     22.101     61.473      7.662  0.000e+00
   1358.750    507.337   3.879220     0.9128    -0.0643    503.932    26.6852    31.1390    10.6993    10.6967    4922.75    34.8141     1.3770     1.9678     22.109     61.496      7.660  0.000e+00
   1359.000    507.238   3.879305     0.9139    -0.0484    503.834    26.6856    31.1394    10.6996    10.6971    4922.75    34.8147     1.3826     1.9758     22.199     61.745      7.665  0.000e+00
   1359.250    507.132   3.879331     0.9137    -0.0841    503.729    26.6855    31.1392    10.7001    10.6975    4922.75    34.8146     1.3824     1.9755     22.196     61.736      7.661  0.000e+00
   1359.500    507.046   3.879384     0.9133    -0.0623    503.643    26.6855    31.1392    10.7005    10.6980    4922.75    34.8147     1.3801     1.9723     22.160     61.636      7.663  0.000e+00
   1359.750    506.959   3.879384     0.9134    -0.0543    503.557    26.6850    31.1387    10.7011    10.6985    4922.75    34.8142     1.3805     1.9728     22.166     61.652      7.665  0.000e+00
   1360.000    506.847   3.879522     0.9136    -0.0563    503.446    26.6859    31.1396    10.7014    10.6988    4922.75    34.8154     1.3807     1.9732     22.171     61.664      7.664  0.000e+00
   1360.250    506.723   3.879817     0.9127    -0.0623    503.323    26.6875    31.1411    10.7022    10.6996    4922.76    34.8176     1.3759     1.9662     22.093     61.446      7.665  0.000e+00
   1360.500    506.593   3.879765     0.9139    -0.0543    503.194    26.6859    31.1396    10.7035    10.7009    4922.76    34.8159     1.3798     1.9719     22.157     61.624      7.661  0.000e+00
   1360.750    506.432   3.880067     0.9139    -0.0643    503.034    26.6874    31.1411    10.7045    10.7019    4922.77    34.8181     1.3798     1.9719     22.157     61.622      7.660  0.000e+00
   1361.000    506.270   3.880389     0.9136    -0.0543    502.874    26.6886    31.1422    10.7060    10.7034    4922.79    34.8200     1.3776     1.9687     22.123     61.524      7.662  0.000e+00
   1361.250    506.097   3.880388     0.9134    -0.0603    502.701    26.6864    31.1399    10.7085    10.7059    4922.80    34.8177     1.3770     1.9679     22.114     61.496      7.661  0.000e+00
   1361.500    505.911   3.880388     0.9141    -0.0623    502.517    26.6847    31.1382    10.7104    10.7078    4922.80    34.8159     1.3810     1.9735     22.179     61.673      7.664  0.000e+00
   1361.750    505.768   3.880447     0.9139    -0.0543    502.375    26.6844    31.1378    10.7113    10.7087    4922.81    34.8157     1.3801     1.9723     22.165     61.635      7.660  0.000e+00
   1362.000    505.631   3.880691     0.9150    -0.0762    502.240    26.6857    31.1391    10.7120    10.7094    4922.81    34.8176     1.3859     1.9805     22.258     61.893      7.665  0.000e+00
   1362.250    505.495   3.880769     0.9145    -0.0623    502.105    26.6853    31.1388    10.7131    10.7105    4922.82    34.8174     1.3845     1.9786     22.237     61.833      7.664  0.000e+00
   1362.500    505.377   3.880802     0.9140    -0.0643    501.988    26.6843    31.1377    10.7145    10.7120    4922.83    34.8164     1.3810     1.9736     22.182     61.676      7.662  0.000e+00
   1362.750    505.278   3.880828     0.9147    -0.0702    501.889    26.6836    31.1370    10.7156    10.7130    4922.83    34.8157     1.3838     1.9776     22.226     61.800      7.661  0.000e+00
   1363.000    505.172   3.880960     0.9147    -0.0702    501.785    26.6840    31.1374    10.7163    10.7137    4922.83    34.8164     1.3845     1.9786     22.238     61.831      7.666  0.000e+00
   1363.250    505.086   3.881019     0.9145    -0.0524    501.698    26.6839    31.1372    10.7170    10.7144    4922.84    34.8164     1.3829     1.9763     22.213     61.761      7.662  0.000e+00
   1363.500    504.986   3.881071     0.9142    -0.0643    501.600    26.6835    31.1369    10.7178    10.7152    4922.84    34.8162     1.3799     1.9720     22.165     61.627      7.663  0.000e+00
   1363.750    504.869   3.881071     0.9149    -0.0623    501.483    26.6830    31.1363    10.7184    10.7158    4922.84    34.8156     1.3825     1.9757     22.207     61.743      7.662  0.000e+00
   1364.000    504.751   3.881288     0.9139    -0.0643    501.366    26.6844    31.1377    10.7188    10.7163    4922.85    34.8175     1.3770     1.9678     22.119     61.495      7.666  0.000e+00
   1364.250    504.620   3.881262     0.9148    -0.0623    501.237    26.6830    31.1363    10.7201    10.7176    4922.85    34.8160     1.3816     1.9745     22.194     61.703      7.662  0.000e+00
   1364.500    504.484   3.881341     0.9144    -0.0702    501.102    26.6829    31.1362    10.7210    10.7184    4922.85    34.8161     1.3798     1.9719     22.165     61.622      7.665  0.000e+00
   1364.750    504.329   3.881478     0.9145    -0.0682    500.948    26.6837    31.1370    10.7213    10.7187    4922.85    34.8172     1.3797     1.9717     22.163     61.616      7.664  0.000e+00
   1365.000    504.186   3.881426     0.9154    -0.0464    500.806    26.6824    31.1356    10.7223    10.7198    4922.85    34.8157     1.3841     1.9780     22.235     61.814      7.664  0.000e+00
   1365.250    504.050   3.881399     0.9164    -0.0722    500.671    26.6819    31.1351    10.7228    10.7202    4922.84    34.8151     1.3908     1.9875     22.342     62.112      7.664  0.000e+00
   1365.500    503.901   3.881426     0.9156    -0.0682    500.523    26.6820    31.1352    10.7229    10.7203    4922.84    34.8153     1.3884     1.9842     22.304     62.006      7.664  0.000e+00
   1365.750    503.752   3.881544     0.9161    -0.0543    500.376    26.6831    31.1363    10.7228    10.7202    4922.83    34.8167     1.3908     1.9876     22.343     62.113      7.665  0.000e+00
   1366.000    503.610   3.881695     0.9164    -0.0444    500.234    26.6836    31.1367    10.7236    10.7210    4922.84    34.8175     1.3933     1.9912     22.384     62.226      7.661  0.000e+00
   1366.250    503.479   3.881721     0.9162    -0.0563    500.105    26.6830    31.1361    10.7245    10.7219    4922.84    34.8170     1.3913     1.9883     22.352     62.136      7.663  0.000e+00
   1366.500    503.361   3.881780     0.9169    -0.0603    499.988    26.6825    31.1357    10.7255    10.7229    4922.84    34.8166     1.3944     1.9927     22.402     62.273      7.665  0.000e+00
