cruises/baja2025/cnv/20250421.cnv
* Sea-Bird SBE19plus Data File:
* FileName = C:\Users\ScienceTech\OneDrive - Western Flyer Foundation\Desktop\ProfilingCTD\data\20250421_IslaTiburon_cast10.hex
* Software Version 1.59
* Temperature SN =  8289
* Conductivity SN =  8289
* System UpLoad Time = Apr 21 2025 08:55:31
** Isla Tiburon
** April 21 2025 1305 UTC
** Lat: 28 50.474 'N
** Long: 112 37.037 'W
** 600+m water
# nquan = 18
# nvalues = 9333                                  
# units = specified
# name 0 = timeS: Time, Elapsed [seconds]
# name 1 = prdM: Pressure, Strain Gauge [db]
# name 2 = c0S/m: Conductivity [S/m]
# name 3 = sbeox0V: Oxygen raw, SBE 43 [V]
# name 4 = flECO-AFL: Fluorescence, WET Labs ECO-AFL/FL [mg/m^3]
# name 5 = depSM: Depth [salt water, m], lat = 0.00
# name 6 = sigma-t00: Density [sigma-t, kg/m^3 ]
# name 7 = sigma-100: Density [sigma-1, kg/m^3 ]
# name 8 = tv268C: Temperature [IPTS-68, deg C]
# name 9 = tv290C: Temperature [ITS-90, deg C]
# name 10 = svCF: Sound Velocity [Chen-Millero, ft/s]
# name 11 = sal00: Salinity, Practical [PSU]
# name 12 = sbeox0ML/L: Oxygen, SBE 43 [ml/l]
# name 13 = sbeox0Mg/L: Oxygen, SBE 43 [mg/l]
# name 14 = sbeox0PS: Oxygen, SBE 43 [% saturation]
# name 15 = sbeox0Mm/L: Oxygen, SBE 43 [umol/l]
# name 16 = ph: pH
# name 17 = flag:  0.000e+00
# span 0 =      0.000,   2333.000                 
# span 1 =     -0.145,    545.742                 
# span 2 =  -0.000027,   4.393691                 
# span 3 =     0.8936,     3.0052                 
# span 4 =    -0.1376,   128.6840                 
# span 5 =     -0.144,    542.029                 
# span 6 =    -1.1577,    26.7013                 
# span 7 =     3.4080,    31.1579                 
# span 8 =    10.5831,    16.6186                 
# span 9 =    10.5806,    16.6146                 
# span 10 =    4821.84,    4953.42                
# span 11 =     0.0000,    35.1641                
# span 12 =     1.3126,     8.7048                
# span 13 =     1.8758,    12.4401                
# span 14 =     21.024,    134.699                
# span 15 =     58.621,    388.758                
# span 16 =      7.389,      7.984                
# span 17 = 0.0000e+00, 0.0000e+00                
# interval = seconds: 0.25
# start_time = Apr 21 2025 06:04:58 [Instrument's time stamp, header]
# bad_flag = -9.990e-29
*END*
[from data line 7960]
   1990.000    180.601   4.132641     1.3351    -0.0702    179.531    26.3229    30.7163    13.3053    13.3022    4934.93    34.9886     2.6104     3.7306     44.312    116.583      7.774  0.000e+00
   1990.250    180.477   4.132702     1.3364    -0.0623    179.407    26.3230    30.7164    13.3058    13.3026    4934.93    34.9888     2.6173     3.7404     44.429    116.890      7.774  0.000e+00
   1990.500    180.341   4.132729     1.3359    -0.0702    179.272    26.3230    30.7164    13.3060    13.3028    4934.92    34.9889     2.6181     3.7416     44.443    116.927      7.774  0.000e+00
   1990.750    180.217   4.132836     1.3365    -0.0543    179.149    26.3236    30.7170    13.3063    13.3031    4934.92    34.9897     2.6224     3.7476     44.515    117.115      7.776  0.000e+00
   1991.000    180.118   4.132897     1.3364    -0.0682    179.050    26.3234    30.7168    13.3070    13.3038    4934.92    34.9897     2.6196     3.7437     44.470    116.993      7.777  0.000e+00
   1991.250    180.019   4.132978     1.3365    -0.0702    178.952    26.3236    30.7170    13.3074    13.3043    4934.92    34.9901     2.6173     3.7403     44.430    116.887      7.775  0.000e+00
   1991.500    179.895   4.133092     1.3364    -0.0702    178.829    26.3238    30.7172    13.3082    13.3050    4934.93    34.9906     2.6157     3.7381     44.404    116.817      7.773  0.000e+00
   1991.750    179.771   4.133207     1.3367    -0.0643    178.705    26.3238    30.7171    13.3092    13.3060    4934.93    34.9908     2.6152     3.7375     44.397    116.797      7.775  0.000e+00
   1992.000    179.622   4.133342     1.3348    -0.0702    178.558    26.3240    30.7173    13.3101    13.3070    4934.94    34.9912     2.6072     3.7260     44.262    116.438      7.776  0.000e+00
   1992.250    179.461   4.133483     1.3355    -0.0543    178.398    26.3241    30.7174    13.3112    13.3080    4934.94    34.9917     2.6077     3.7266     44.271    116.458      7.776  0.000e+00
   1992.500    179.294   4.133679     1.3342    -0.0543    178.231    26.3241    30.7174    13.3128    13.3096    4934.95    34.9922     2.6017     3.7181     44.171    116.193      7.774  0.000e+00
   1992.750    179.120   4.133989     1.3367    -0.0781    178.059    26.3250    30.7182    13.3143    13.3112    4934.96    34.9937     2.6107     3.7309     44.325    116.593      7.772  0.000e+00
   1993.000    178.971   4.134521     1.3361    -0.0722    177.911    26.3271    30.7202    13.3165    13.3133    4934.99    34.9969     2.6094     3.7291     44.306    116.535      7.771  0.000e+00
   1993.250    178.835   4.134885     1.3358    -0.0702    177.776    26.3268    30.7199    13.3197    13.3165    4935.02    34.9974     2.6086     3.7280     44.297    116.502      7.774  0.000e+00
   1993.500    178.711   4.135168     1.3366    -0.0623    177.652    26.3253    30.7183    13.3237    13.3205    4935.05    34.9965     2.6125     3.7335     44.365    116.674      7.778  0.000e+00
   1993.750    178.612   4.135195     1.3354    -0.0623    177.554    26.3227    30.7156    13.3267    13.3235    4935.07    34.9940     2.6088     3.7283     44.305    116.510      7.773  0.000e+00
   1994.000    178.519   4.135869     1.3368    -0.0643    177.461    26.3255    30.7183    13.3291    13.3259    4935.11    34.9982     2.6153     3.7376     44.419    116.801      7.774  0.000e+00
   1994.250    178.438   4.136206     1.3365    -0.0643    177.381    26.3249    30.7177    13.3324    13.3292    4935.14    34.9984     2.6135     3.7350     44.391    116.720      7.775  0.000e+00
   1994.500    178.358   4.136098     1.3371    -0.0702    177.301    26.3207    30.7135    13.3362    13.3330    4935.16    34.9939     2.6159     3.7384     44.435    116.828      7.776  0.000e+00
   1994.750    178.259   4.136010     1.3376    -0.0524    177.203    26.3183    30.7111    13.3382    13.3350    4935.17    34.9913     2.6163     3.7389     44.441    116.842      7.775  0.000e+00
   1995.000    178.135   4.136037     1.3372    -0.0623    177.080    26.3177    30.7104    13.3391    13.3359    4935.17    34.9907     2.6159     3.7384     44.436    116.827      7.775  0.000e+00
   1995.250    178.005   4.136489     1.3380    -0.0524    176.950    26.3209    30.7136    13.3393    13.3361    4935.18    34.9949     2.6192     3.7430     44.492    116.971      7.772  0.000e+00
   1995.500    177.850   4.136631     1.3388    -0.0524    176.796    26.3204    30.7130    13.3410    13.3378    4935.19    34.9947     2.6226     3.7479     44.552    117.125      7.773  0.000e+00
   1995.750    177.719   4.136630     1.3393    -0.0623    176.667    26.3186    30.7113    13.3430    13.3398    4935.20    34.9930     2.6255     3.7521     44.603    117.256      7.776  0.000e+00
   1996.000    177.577   4.136603     1.3396    -0.0603    176.525    26.3173    30.7099    13.3442    13.3410    4935.20    34.9916     2.6264     3.7534     44.619    117.295      7.777  0.000e+00
   1996.250    177.447   4.136711     1.3394    -0.0623    176.396    26.3175    30.7100    13.3450    13.3418    4935.20    34.9920     2.6258     3.7525     44.609    117.268      7.778  0.000e+00
   1996.500    177.304   4.136967     1.3390    -0.0702    176.254    26.3190    30.7115    13.3454    13.3422    4935.20    34.9941     2.6232     3.7488     44.566    117.151      7.776  0.000e+00
   1996.750    177.199   4.136967     1.3398    -0.0702    176.150    26.3179    30.7104    13.3466    13.3434    4935.21    34.9930     2.6252     3.7517     44.602    117.243      7.774  0.000e+00
   1997.000    177.093   4.137136     1.3400    -0.0524    176.045    26.3181    30.7106    13.3478    13.3446    4935.22    34.9936     2.6257     3.7524     44.611    117.263      7.774  0.000e+00
   1997.250    176.988   4.137277     1.3392    -0.0623    175.940    26.3183    30.7107    13.3488    13.3456    4935.22    34.9941     2.6206     3.7452     44.526    117.038      7.775  0.000e+00
   1997.500    176.901   4.137527     1.3394    -0.0702    175.854    26.3189    30.7113    13.3502    13.3470    4935.24    34.9952     2.6198     3.7439     44.513    116.999      7.775  0.000e+00
   1997.750    176.808   4.137695     1.3398    -0.0722    175.762    26.3184    30.7108    13.3521    13.3488    4935.25    34.9951     2.6205     3.7449     44.527    117.031      7.777  0.000e+00
   1998.000    176.728   4.137864     1.3394    -0.0543    175.682    26.3182    30.7105    13.3537    13.3505    4935.27    34.9952     2.6187     3.7424     44.498    116.952      7.776  0.000e+00
   1998.250    176.647   4.138032     1.3401    -0.0563    175.602    26.3179    30.7102    13.3554    13.3522    4935.28    34.9953     2.6216     3.7465     44.548    117.079      7.776  0.000e+00
   1998.500    176.573   4.138174     1.3399    -0.0643    175.528    26.3174    30.7097    13.3571    13.3539    4935.29    34.9951     2.6208     3.7454     44.537    117.045      7.775  0.000e+00
   1998.750    176.443   4.138424     1.3407    -0.0524    175.398    26.3178    30.7101    13.3587    13.3555    4935.31    34.9961     2.6237     3.7496     44.588    117.176      7.773  0.000e+00
   1999.000    176.300   4.138902     1.3417    -0.0464    175.257    26.3196    30.7118    13.3605    13.3573    4935.33    34.9989     2.6287     3.7567     44.675    117.399      7.777  0.000e+00
   1999.250    176.139   4.139327     1.3420    -0.0623    175.097    26.3202    30.7123    13.3634    13.3602    4935.36    35.0004     2.6316     3.7608     44.727    117.525      7.776  0.000e+00
   1999.500    175.990   4.139779     1.3409    -0.0643    174.949    26.3204    30.7125    13.3668    13.3636    4935.39    35.0016     2.6268     3.7540     44.650    117.315      7.773  0.000e+00
   1999.750    175.835   4.139833     1.3421    -0.0543    174.795    26.3175    30.7095    13.3705    13.3673    4935.41    34.9988     2.6310     3.7599     44.723    117.499      7.778  0.000e+00
   2000.000    175.705   4.140116     1.3427    -0.0543    174.666    26.3170    30.7090    13.3733    13.3701    4935.44    34.9989     2.6336     3.7636     44.769    117.615      7.780  0.000e+00
   2000.250    175.594   4.140561     1.3441    -0.0682    174.555    26.3180    30.7099    13.3758    13.3726    4935.47    35.0009     2.6392     3.7716     44.867    117.865      7.776  0.000e+00
   2000.500    175.488   4.140730     1.3437    -0.0702    174.450    26.3165    30.7084    13.3788    13.3756    4935.49    34.9998     2.6378     3.7696     44.846    117.802      7.777  0.000e+00
   2000.750    175.383   4.141154     1.3439    -0.0563    174.345    26.3172    30.7090    13.3815    13.3783    4935.52    35.0013     2.6376     3.7693     44.845    117.793      7.773  0.000e+00
   2001.000    175.296   4.141519     1.3447    -0.0524    174.259    26.3172    30.7088    13.3845    13.3813    4935.55    35.0021     2.6399     3.7727     44.889    117.899      7.774  0.000e+00
   2001.250    175.191   4.141883     1.3450    -0.0543    174.155    26.3170    30.7086    13.3877    13.3845    4935.58    35.0026     2.6414     3.7748     44.916    117.964      7.776  0.000e+00
   2001.500    175.104   4.141997     1.3443    -0.0702    174.068    26.3145    30.7061    13.3913    13.3881    4935.61    35.0004     2.6385     3.7706     44.870    117.834      7.777  0.000e+00
   2001.750    174.974   4.142166     1.3454    -0.0623    173.939    26.3135    30.7050    13.3938    13.3906    4935.62    34.9998     2.6403     3.7732     44.902    117.915      7.775  0.000e+00
   2002.000    174.844   4.142476     1.3461    -0.0623    173.810    26.3138    30.7053    13.3960    13.3928    4935.64    35.0008     2.6420     3.7757     44.934    117.991      7.776  0.000e+00
   2002.250    174.720   4.142760     1.3467    -0.0623    173.686    26.3137    30.7052    13.3984    13.3952    4935.66    35.0013     2.6438     3.7783     44.968    118.074      7.777  0.000e+00
   2002.500    174.584   4.142894     1.3485    -0.0444    173.551    26.3125    30.7039    13.4009    13.3976    4935.68    35.0004     2.6525     3.7906     45.116    118.459      7.776  0.000e+00
   2002.750    174.453   4.143151     1.3488    -0.0543    173.422    26.3125    30.7038    13.4030    13.3998    4935.70    35.0009     2.6547     3.7938     45.157    118.559      7.781  0.000e+00
   2003.000    174.323   4.143205     1.3501    -0.0623    173.292    26.3109    30.7021    13.4052    13.4020    4935.71    34.9994     2.6605     3.8021     45.257    118.819      7.780  0.000e+00
   2003.250    174.199   4.143515     1.3516    -0.0543    173.169    26.3117    30.7030    13.4068    13.4036    4935.73    35.0009     2.6677     3.8124     45.381    119.140      7.776  0.000e+00
   2003.500    174.069   4.143657     1.3524    -0.0543    173.040    26.3110    30.7022    13.4088    13.4056    4935.74    35.0005     2.6724     3.8192     45.463    119.350      7.781  0.000e+00
   2003.750    173.958   4.143913     1.3528    -0.0623    172.929    26.3113    30.7024    13.4106    13.4074    4935.75    35.0013     2.6732     3.8203     45.478    119.385      7.777  0.000e+00
   2004.000    173.834   4.144304     1.3531    -0.0603    172.806    26.3122    30.7033    13.4127    13.4095    4935.78    35.0031     2.6732     3.8202     45.480    119.384      7.777  0.000e+00
   2004.250    173.716   4.144473     1.3538    -0.0623    172.689    26.3111    30.7022    13.4153    13.4121    4935.80    35.0024     2.6740     3.8214     45.497    119.421      7.780  0.000e+00
   2004.500    173.604   4.144641     1.3544    -0.0563    172.578    26.3099    30.7010    13.4180    13.4147    4935.82    35.0016     2.6740     3.8214     45.499    119.421      7.778  0.000e+00
   2004.750    173.487   4.144783     1.3546    -0.0801    172.461    26.3091    30.7001    13.4201    13.4168    4935.83    35.0010     2.6734     3.8206     45.491    119.395      7.779  0.000e+00
   2005.000    173.369   4.144810     1.3549    -0.0643    172.344    26.3077    30.6986    13.4219    13.4187    4935.84    34.9997     2.6722     3.8189     45.472    119.342      7.776  0.000e+00
   2005.250    173.251   4.144898     1.3543    -0.0702    172.227    26.3072    30.6981    13.4232    13.4199    4935.84    34.9994     2.6676     3.8122     45.393    119.133      7.780  0.000e+00
   2005.500    173.133   4.144837     1.3558    -0.0603    172.110    26.3061    30.6970    13.4239    13.4207    4935.84    34.9982     2.6719     3.8184     45.468    119.328      7.779  0.000e+00
   2005.750    173.040   4.144925     1.3551    -0.0643    172.018    26.3065    30.6974    13.4242    13.4210    4935.84    34.9988     2.6687     3.8138     45.413    119.182      7.780  0.000e+00
   2006.000    172.941   4.145006     1.3551    -0.0543    171.919    26.3065    30.6974    13.4248    13.4216    4935.84    34.9990     2.6674     3.8120     45.392    119.126      7.778  0.000e+00
   2006.250    172.823   4.144972     1.3555    -0.0563    171.802    26.3059    30.6968    13.4253    13.4220    4935.84    34.9983     2.6679     3.8127     45.401    119.149      7.778  0.000e+00
   2006.500    172.693   4.145039     1.3560    -0.0881    171.673    26.3060    30.6968    13.4258    13.4226    4935.84    34.9985     2.6692     3.8145     45.423    119.204      7.777  0.000e+00
   2006.750    172.582   4.145093     1.3556    -0.0702    171.562    26.3061    30.6969    13.4262    13.4229    4935.84    34.9987     2.6675     3.8122     45.395    119.131      7.778  0.000e+00
   2007.000    172.452   4.145174     1.3562    -0.0563    171.433    26.3061    30.6970    13.4268    13.4235    4935.84    34.9990     2.6697     3.8152     45.433    119.228      7.780  0.000e+00
   2007.250    172.334   4.145208     1.3580    -0.0543    171.316    26.3059    30.6968    13.4273    13.4241    4935.84    34.9989     2.6774     3.8263     45.564    119.572      7.779  0.000e+00
   2007.500    172.204   4.145289     1.3569    -0.0623    171.186    26.3061    30.6969    13.4278    13.4246    4935.84    34.9992     2.6732     3.8203     45.494    119.387      7.780  0.000e+00
   2007.750    172.074   4.145295     1.3582    -0.0861    171.057    26.3056    30.6964    13.4284    13.4252    4935.84    34.9988     2.6793     3.8290     45.598    119.658      7.781  0.000e+00
   2008.000    171.956   4.145289     1.3597    -0.0722    170.940    26.3052    30.6960    13.4289    13.4257    4935.83    34.9984     2.6862     3.8389     45.716    119.966      7.780  0.000e+00
   2008.250    171.826   4.145342     1.3593    -0.0623    170.811    26.3053    30.6961    13.4293    13.4260    4935.83    34.9986     2.6853     3.8376     45.701    119.926      7.781  0.000e+00
   2008.500    171.702   4.145511     1.3603    -0.0543    170.687    26.3062    30.6970    13.4296    13.4264    4935.83    34.9999     2.6890     3.8429     45.765    120.092      7.778  0.000e+00
   2008.750    171.565   4.145626     1.3606    -0.0643    170.552    26.3062    30.6969    13.4306    13.4274    4935.84    35.0001     2.6904     3.8449     45.790    120.154      7.780  0.000e+00
   2009.000    171.429   4.145936     1.3605    -0.0543    170.417    26.3078    30.6985    13.4314    13.4282    4935.85    35.0024     2.6888     3.8425     45.763    120.081      7.780  0.000e+00
   2009.250    171.286   4.145990     1.3600    -0.0702    170.275    26.3066    30.6972    13.4332    13.4300    4935.85    35.0013     2.6849     3.8370     45.699    119.909      7.778  0.000e+00
   2009.500    171.169   4.146105     1.3603    -0.0643    170.158    26.3059    30.6965    13.4349    13.4317    4935.86    35.0009     2.6849     3.8369     45.699    119.906      7.779  0.000e+00
   2009.750    171.051   4.146219     1.3609    -0.0464    170.041    26.3055    30.6961    13.4363    13.4331    4935.87    35.0007     2.6847     3.8366     45.697    119.897      7.782  0.000e+00
