cruises/baja2025/cnv/20250430_cast2.cnv
* Sea-Bird SBE19plus Data File:
* FileName = C:\Users\ScienceTech\OneDrive - Western Flyer Foundation\Desktop\ProfilingCTD\data\20250430_Seamount2_cast1.hex
* Software Version 1.59
* Temperature SN =  8289
* Conductivity SN =  8289
* System UpLoad Time = Apr 30 2025 18:32:27
** "Seamount2"
** 27-18.113
** 112-05.848
** 520m of water
** SB cast 31
** WF cast 16
# nquan = 18
# nvalues = 7522                                  
# units = specified
# name 0 = timeS: Time, Elapsed [seconds]
# name 1 = prdM: Pressure, Strain Gauge [db]
# name 2 = c0S/m: Conductivity [S/m]
# name 3 = sbeox0V: Oxygen raw, SBE 43 [V]
# name 4 = flECO-AFL: Fluorescence, WET Labs ECO-AFL/FL [mg/m^3]
# name 5 = depSM: Depth [salt water, m], lat = 0.00
# name 6 = sigma-t00: Density [sigma-t, kg/m^3 ]
# name 7 = sigma-100: Density [sigma-1, kg/m^3 ]
# name 8 = tv268C: Temperature [IPTS-68, deg C]
# name 9 = tv290C: Temperature [ITS-90, deg C]
# name 10 = svCF: Sound Velocity [Chen-Millero, ft/s]
# name 11 = sal00: Salinity, Practical [PSU]
# name 12 = sbeox0ML/L: Oxygen, SBE 43 [ml/l]
# name 13 = sbeox0Mg/L: Oxygen, SBE 43 [mg/l]
# name 14 = sbeox0PS: Oxygen, SBE 43 [% saturation]
# name 15 = sbeox0Mm/L: Oxygen, SBE 43 [umol/l]
# name 16 = ph: pH
# name 17 = flag:  0.000e+00
# span 0 =      0.000,   1880.250                 
# span 1 =     -0.171,    435.455                 
# span 2 =   0.027764,   5.026865                 
# span 3 =     0.6971,     3.6775                 
# span 4 =    -0.1694,   128.7217                 
# span 5 =     -0.170,    432.607                 
# span 6 =    -2.0911,    26.7537                 
# span 7 =     2.3727,    31.2197                 
# span 8 =    10.0018,    21.9131                 
# span 9 =     9.9994,    21.9078                 
# span 10 =    4861.82,    5008.96                
# span 11 =     0.1426,    35.6436                
# span 12 =     0.6033,     8.9840                
# span 13 =     0.8622,    12.8391                
# span 14 =      9.544,    179.260                
# span 15 =     26.945,    401.227                
# span 16 =      7.582,      8.285                
# span 17 = 0.0000e+00, 0.0000e+00                
# interval = seconds: 0.25
# start_time = Apr 30 2025 15:46:16 [Instrument's time stamp, header]
# bad_flag = -9.990e-29
*END*
[from data line 1126]
    281.500      5.913   4.829539     3.6292     2.4391      5.881    25.0207    29.2911    19.9778    19.9730    4993.01    35.3301     8.4955    12.1409    164.408    379.407      8.269  0.000e+00
    281.750      5.913   4.827002     3.6338     2.4709      5.881    24.9922    29.2626    19.9917    19.9869    4993.01    35.2975     8.5133    12.1664    164.764    380.204      8.270  0.000e+00
    282.000      5.932   4.819364     3.6312     2.4411      5.899    24.9417    29.2125    19.9946    19.9898    4992.80    35.2324     8.5112    12.1633    164.667    380.108      8.268  0.000e+00
    282.250      5.957   4.820018     3.6351     2.4193      5.924    24.9714    29.2425    19.9663    19.9615    4992.65    35.2616     8.5285    12.1881    164.946    380.883      8.269  0.000e+00
    282.500      5.981   4.819142     3.6354     2.4233      5.948    24.9890    29.2604    19.9408    19.9360    4992.47    35.2758     8.5352    12.1977    165.013    381.184      8.271  0.000e+00
    282.750      6.006   4.816772     3.6362     2.4332      5.973    24.9892    29.2608    19.9242    19.9194    4992.30    35.2702     8.5417    12.2070    165.083    381.473      8.267  0.000e+00
    283.000      6.019   4.814310     3.6286     2.4153      5.985    24.9894    29.2614    19.9068    19.9021    4992.13    35.2645     8.5193    12.1749    164.591    380.471      8.269  0.000e+00
    283.250      6.031   4.813370     3.6312     2.5681      5.998    25.0011    29.2733    19.8874    19.8826    4991.98    35.2732     8.5256    12.1840    164.663    380.755      8.272  0.000e+00
    283.500      6.037   4.813528     3.6292     2.5800      6.004    25.0176    29.2900    19.8701    19.8654    4991.88    35.2889     8.5184    12.1736    164.487    380.430      8.270  0.000e+00
    283.750      6.018   4.814504     3.6326     2.5919      5.985    25.0325    29.3050    19.8605    19.8557    4991.85    35.3051     8.5265    12.1852    164.630    380.793      8.270  0.000e+00
    284.000      6.006   4.820896     3.6281     2.5899      5.973    25.0746    29.3468    19.8584    19.8536    4992.03    35.3595     8.5099    12.1614    164.356    380.050      8.271  0.000e+00
    284.250      5.981   4.823101     3.6286     2.6216      5.948    25.0732    29.3451    19.8752    19.8704    4992.20    35.3635     8.5052    12.1548    164.320    379.841      8.271  0.000e+00
    284.500      5.975   4.825120     3.6270     2.6236      5.942    25.0611    29.3325    19.9026    19.8978    4992.43    35.3570     8.4963    12.1421    164.225    379.446      8.272  0.000e+00
    284.750      5.956   4.825443     3.6293     2.6276      5.924    25.0408    29.3120    19.9273    19.9225    4992.58    35.3389     8.5020    12.1502    164.391    379.700      8.273  0.000e+00
    285.000      5.950   4.825019     3.6299     2.6197      5.918    25.0210    29.2921    19.9461    19.9413    4992.68    35.3196     8.5062    12.1562    164.510    379.886      8.271  0.000e+00
    285.250      5.950   4.821477     3.6321     2.5046      5.918    24.9914    29.2625    19.9544    19.9496    4992.63    35.2835     8.5135    12.1667    164.642    380.214      8.269  0.000e+00
    285.500      5.956   4.820665     3.6321     2.4887      5.924    24.9920    29.2632    19.9481    19.9433    4992.56    35.2822     8.5173    12.1720    164.694    380.381      8.270  0.000e+00
    285.750      5.963   4.816284     3.6302     2.4927      5.930    24.9758    29.2473    19.9356    19.9308    4992.36    35.2566     8.5151    12.1689    164.590    380.285      8.271  0.000e+00
    286.000      5.975   4.814209     3.6293     2.4748      5.942    24.9821    29.2540    19.9142    19.9095    4992.17    35.2575     8.5182    12.1733    164.585    380.421      8.271  0.000e+00
    286.250      5.987   4.814274     3.6285     2.4788      5.954    25.0036    29.2757    19.8909    19.8861    4992.03    35.2776     8.5170    12.1716    164.511    380.368      8.269  0.000e+00
    286.500      6.000   4.814468     3.6289     2.5026      5.967    25.0192    29.2915    19.8749    19.8701    4991.94    35.2927     8.5187    12.1740    164.510    380.443      8.271  0.000e+00
    286.750      6.006   4.814763     3.6280     2.4768      5.973    25.0274    29.2998    19.8679    19.8631    4991.91    35.3010     8.5139    12.1673    164.406    380.233      8.273  0.000e+00
    287.000      5.993   4.814533     3.6280     2.4828      5.960    25.0280    29.3003    19.8657    19.8610    4991.89    35.3009     8.5125    12.1652    164.372    380.169      8.269  0.000e+00
    287.250      5.981   4.815833     3.6281     2.4927      5.948    25.0378    29.3102    19.8639    19.8591    4991.91    35.3132     8.5119    12.1643    164.366    380.139      8.273  0.000e+00
    287.500      5.969   4.816673     3.6271     2.5304      5.936    25.0414    29.3137    19.8657    19.8610    4991.95    35.3186     8.5091    12.1604    164.324    380.017      8.270  0.000e+00
    287.750      5.969   4.816256     3.6251     2.5304      5.936    25.0338    29.3060    19.8713    19.8665    4991.97    35.3105     8.5032    12.1520    164.219    379.755      8.270  0.000e+00
    288.000      5.969   4.816673     3.6231     2.5066      5.936    25.0338    29.3060    19.8742    19.8694    4992.00    35.3115     8.4954    12.1408    164.077    379.405      8.266  0.000e+00
    288.250      5.987   4.818425     3.6198     2.5185      5.954    25.0414    29.3135    19.8779    19.8731    4992.08    35.3227     8.4819    12.1215    163.839    378.804      8.271  0.000e+00
    288.500      5.993   4.816866     3.6152     2.4550      5.960    25.0255    29.2976    19.8846    19.8799    4992.07    35.3042     8.4638    12.0956    163.491    377.993      8.269  0.000e+00
    288.750      6.006   4.815832     3.6138     2.4590      5.973    25.0173    29.2894    19.8865    19.8817    4992.05    35.2941     8.4564    12.0851    163.345    377.665      8.270  0.000e+00
    289.000      6.024   4.816629     3.6138     2.4669      5.991    25.0264    29.2985    19.8820    19.8773    4992.05    35.3045     8.4547    12.0826    163.307    377.586      8.272  0.000e+00
    289.250      6.018   4.818138     3.6166     2.4669      5.985    25.0368    29.3088    19.8810    19.8762    4992.09    35.3178     8.4637    12.0954    163.491    377.987      8.270  0.000e+00
    289.500      6.018   4.815445     3.6202     2.4451      5.985    25.0158    29.2879    19.8855    19.8807    4992.03    35.2918     8.4802    12.1191    163.799    378.727      8.268  0.000e+00
    289.750      6.018   4.816055     3.6209     2.4530      5.985    25.0229    29.2951    19.8818    19.8771    4992.03    35.2999     8.4894    12.1322    163.974    379.138      8.269  0.000e+00
    290.000      6.012   4.817743     3.6231     2.4570      5.979    25.0368    29.3089    19.8782    19.8734    4992.06    35.3169     8.5032    12.1520    164.246    379.754      8.270  0.000e+00
    290.250      6.000   4.819172     3.6239     2.4709      5.967    25.0418    29.3138    19.8826    19.8778    4992.13    35.3249     8.5115    12.1638    164.426    380.123      8.271  0.000e+00
    290.500      5.975   4.820896     3.6238     2.4590      5.942    25.0455    29.3173    19.8905    19.8858    4992.23    35.3324     8.5138    12.1671    164.503    380.227      8.271  0.000e+00
    290.750      5.975   4.821643     3.6222     2.4074      5.942    25.0396    29.3113    19.9022    19.8974    4992.32    35.3288     8.5063    12.1564    164.389    379.892      8.268  0.000e+00
    291.000      5.956   4.822390     3.6193     2.3896      5.923    25.0348    29.3063    19.9126    19.9079    4992.40    35.3261     8.4915    12.1352    164.132    379.231      8.270  0.000e+00
    291.250      5.956   4.822583     3.6199     2.3915      5.924    25.0282    29.2996    19.9214    19.9166    4992.46    35.3204     8.4864    12.1279    164.053    379.001      8.271  0.000e+00
    291.500      5.950   4.824437     3.6213     2.4134      5.917    25.0332    29.3044    19.9287    19.9239    4992.56    35.3295     8.4852    12.1262    164.061    378.948      8.267  0.000e+00
    291.750      5.950   4.827491     3.6220     2.2844      5.917    25.0436    29.3146    19.9383    19.9335    4992.71    35.3465     8.4836    12.1240    164.077    378.879      8.266  0.000e+00
    292.000      5.963   4.830733     3.6218     2.3142      5.930    25.0479    29.3186    19.9559    19.9512    4992.91    35.3583     8.4786    12.1168    164.044    378.655      8.267  0.000e+00
    292.250      5.987   4.833839     3.6230     2.3162      5.954    25.0460    29.3162    19.9796    19.9748    4993.15    35.3639     8.4792    12.1177    164.132    378.683      8.266  0.000e+00
    292.500      5.981   4.837946     3.6273     2.3102      5.948    25.0492    29.3190    20.0044    19.9996    4993.42    35.3767     8.4913    12.1349    164.453    379.220      8.263  0.000e+00
    292.750      5.987   4.850982     3.6300     2.3062      5.954    25.1026    29.3714    20.0356    20.0308    4994.00    35.4574     8.4953    12.1406    164.703    379.399      8.261  0.000e+00
    293.000      6.000   4.860189     3.6293     1.6159      5.967    25.1074    29.3752    20.0937    20.0889    4994.63    35.4840     8.4851    12.1261    164.707    378.946      8.262  0.000e+00
    293.250      6.006   4.877616     3.6302     1.6298      5.973    25.1479    29.4140    20.1690    20.1642    4995.60    35.5632     8.4711    12.1061    164.738    378.321      8.261  0.000e+00
    293.500      6.012   4.894390     3.6354     1.6278      5.979    25.1658    29.4301    20.2643    20.2595    4996.67    35.6200     8.4687    12.1027    165.033    378.214      8.262  0.000e+00
    293.750      6.012   4.898921     3.6355     1.6258      5.979    25.0660    29.3287    20.4050    20.4001    4997.63    35.5384     8.4501    12.0760    165.012    377.381      8.261  0.000e+00
    294.000      6.031   4.885165     3.6361     1.2648      5.997    24.8816    29.1439    20.5143    20.5094    4997.87    35.3350     8.4431    12.0660    165.005    377.069      8.257  0.000e+00
    294.250      6.037   4.910301     3.6417     1.2608      6.004    25.0120    29.2727    20.5422    20.5373    4998.78    35.5158     8.4455    12.0694    165.311    377.175      8.261  0.000e+00
    294.500      6.055   4.930051     3.6351     1.2589      6.022    25.0755    29.3346    20.6068    20.6019    4999.74    35.6220     8.4061    12.0132    164.837    375.417      8.260  0.000e+00
    294.750      6.049   4.935061     3.6315     1.2608      6.016    24.9869    29.2444    20.7384    20.7334    5000.66    35.5523     8.3718    11.9641    164.486    373.883      8.261  0.000e+00
    295.000      6.055   4.921675     3.6328     1.5881      6.022    24.7940    29.0509    20.8603    20.8553    5000.98    35.3424     8.3614    11.9493    164.442    373.421      8.261  0.000e+00
    295.250      6.049   4.897228     3.6357     1.5941      6.016    24.6135    28.8714    20.8940    20.8890    5000.45    35.1175     8.3721    11.9645    164.534    373.896      8.262  0.000e+00
    295.500      6.037   4.875065     3.6270     1.5822      6.003    24.5453    28.8050    20.8186    20.8136    4999.36    35.0011     8.3588    11.9455    163.937    373.302      8.265  0.000e+00
    295.750      5.999   4.871055     3.6138     1.5881      5.966    24.6496    28.9109    20.6750    20.6701    4998.39    35.0871     8.3310    11.9059    163.052    372.065      8.263  0.000e+00
    296.000      5.975   4.870466     3.5957     1.5862      5.942    24.7582    29.0208    20.5503    20.5453    4997.64    35.1857     8.2780    11.8302    161.742    369.698      8.265  0.000e+00
    296.250      5.962   4.866846     3.5825     1.5643      5.929    24.8047    29.0683    20.4739    20.4690    4997.08    35.2198     8.2318    11.7640    160.647    367.630      8.265  0.000e+00
    296.500      5.925   4.866457     3.5781     1.5604      5.892    24.8488    29.1128    20.4224    20.4175    4996.76    35.2595     8.2146    11.7395    160.200    366.863      8.263  0.000e+00
    296.750      5.919   4.866256     3.5788     1.5624      5.886    24.8772    29.1416    20.3896    20.3847    4996.56    35.2853     8.2143    11.7391    160.123    366.851      8.262  0.000e+00
    297.000      5.913   4.864583     3.5790     1.5743      5.880    24.8834    29.1481    20.3712    20.3663    4996.40    35.2870     8.2172    11.7432    160.128    366.981      8.265  0.000e+00
    297.250      5.931   4.860776     3.5810     1.8559      5.899    24.8736    29.1387    20.3559    20.3510    4996.20    35.2688     8.2363    11.7704    160.437    367.831      8.266  0.000e+00
    297.500      5.944   4.856315     3.5848     1.8480      5.911    24.8616    29.1271    20.3385    20.3336    4995.96    35.2470     8.2731    11.8231    161.083    369.477      8.265  0.000e+00
    297.750      5.968   4.849768     3.5861     1.8440      5.936    24.8442    29.1103    20.3126    20.3078    4995.61    35.2152     8.3073    11.8719    161.642    371.003      8.266  0.000e+00
    298.000      5.987   4.846953     3.5850     1.8540      5.954    24.8683    29.1349    20.2666    20.2618    4995.26    35.2306     8.3316    11.9067    161.994    372.090      8.269  0.000e+00
    298.250      6.024   4.839446     3.5830     2.3261      5.991    24.8582    29.1257    20.2260    20.2211    4994.79    35.2032     8.3438    11.9241    162.085    372.634      8.266  0.000e+00
    298.500      6.024   4.834519     3.5868     2.3241      5.991    24.8718    29.1400    20.1769    20.1720    4994.35    35.2040     8.3657    11.9554    162.365    373.611      8.267  0.000e+00
    298.750      6.030   4.829322     3.5906     2.3419      5.997    24.8876    29.1566    20.1234    20.1186    4993.88    35.2061     8.3870    11.9858    162.622    374.563      8.270  0.000e+00
    299.000      6.043   4.827619     3.5938     2.3400      6.009    24.9229    29.1925    20.0726    20.0678    4993.52    35.2347     8.4051    12.0117    162.849    375.371      8.271  0.000e+00
    299.250      6.043   4.826124     3.5961     2.3380      6.009    24.9505    29.2206    20.0317    20.0269    4993.23    35.2568     8.4187    12.0312    163.013    375.981      8.268  0.000e+00
    299.500      6.030   4.825995     3.5984     2.3618      5.997    24.9749    29.2453    20.0038    19.9990    4993.06    35.2791     8.4308    12.0484    163.185    376.518      8.269  0.000e+00
    299.750      6.043   4.828598     3.5976     2.3677      6.009    25.0065    29.2769    19.9869    19.9821    4993.04    35.3146     8.4312    12.0490    163.176    376.536      8.271  0.000e+00
    300.000      6.030   4.830683     3.6009     2.3657      5.997    25.0228    29.2931    19.9834    19.9786    4993.08    35.3348     8.4426    12.0654    163.407    377.048      8.272  0.000e+00
    300.250      6.012   4.831984     3.6070     2.3657      5.979    25.0224    29.2926    19.9927    19.9879    4993.18    35.3376     8.4607    12.0911    163.787    377.854      8.270  0.000e+00
    300.500      5.999   4.833091     3.6150     2.2745      5.966    25.0173    29.2873    20.0061    20.0013    4993.29    35.3354     8.4837    12.1241    164.271    378.883      8.270  0.000e+00
    300.750      5.993   4.838406     3.6226     2.2765      5.960    25.0404    29.3100    20.0174    20.0126    4993.52    35.3696     8.5070    12.1573    164.789    379.922      8.270  0.000e+00
    301.000      5.968   4.841047     3.6298     2.2586      5.935    25.0357    29.3049    20.0408    20.0360    4993.73    35.3715     8.5304    12.1908    165.315    380.968      8.269  0.000e+00
    301.250      5.962   4.839384     3.6351     2.2745      5.929    24.9987    29.2677    20.0702    20.0653    4993.86    35.3332     8.5494    12.2180    165.735    381.817      8.271  0.000e+00
