cruises/baja2025/cnv/20250424_cast2.cnv
* Sea-Bird SBE19plus Data File:
* FileName = C:\Users\ScienceTech\OneDrive - Western Flyer Foundation\Desktop\ProfilingCTD\data\20250424_SanFrancisquito_cast13.hex
* Software Version 1.59
* Temperature SN =  8289
* Conductivity SN =  8289
* System UpLoad Time = Apr 24 2025 14:54:44
** San Franciscito
** 4/24/2025 1905 UTC
** 24 48.452'N
** 110 29.552'W
** about 300 m on seamount SE of San Franciscito
# nquan = 18
# nvalues = 5628                                  
# units = specified
# name 0 = timeS: Time, Elapsed [seconds]
# name 1 = prdM: Pressure, Strain Gauge [db]
# name 2 = c0S/m: Conductivity [S/m]
# name 3 = sbeox0V: Oxygen raw, SBE 43 [V]
# name 4 = flECO-AFL: Fluorescence, WET Labs ECO-AFL/FL [mg/m^3]
# name 5 = depSM: Depth [salt water, m], lat = 0.00
# name 6 = sigma-t00: Density [sigma-t, kg/m^3 ]
# name 7 = sigma-100: Density [sigma-1, kg/m^3 ]
# name 8 = tv268C: Temperature [IPTS-68, deg C]
# name 9 = tv290C: Temperature [ITS-90, deg C]
# name 10 = svCF: Sound Velocity [Chen-Millero, ft/s]
# name 11 = sal00: Salinity, Practical [PSU]
# name 12 = sbeox0ML/L: Oxygen, SBE 43 [ml/l]
# name 13 = sbeox0Mg/L: Oxygen, SBE 43 [mg/l]
# name 14 = sbeox0PS: Oxygen, SBE 43 [% saturation]
# name 15 = sbeox0Mm/L: Oxygen, SBE 43 [umol/l]
# name 16 = ph: pH
# name 17 = flag:  0.000e+00
# span 0 =      0.000,   1406.750                 
# span 1 =     -0.157,    350.589                 
# span 2 =  -0.467197,   5.242269                 
# span 3 =     0.5338,     3.1809                 
# span 4 =    -0.1734,   128.7495                 
# span 5 =     -0.156,    348.368                 
# span 6 =    -3.9432,    26.8490                 
# span 7 =     0.4149,    31.3035                 
# span 8 =    10.1255,    28.6284                 
# span 9 =    10.1230,    28.6215                 
# span 10 =    4858.85,    5034.81                
# span 11 =     0.0000,    36.1375                
# span 12 =     0.0148,     7.0411                
# span 13 =     0.0211,    10.0624                
# span 14 =      0.217,    144.073                
# span 15 =      0.660,    314.455                
# span 16 =      6.980,      8.188                
# span 17 = 0.0000e+00, 0.0000e+00                
# interval = seconds: 0.25
# start_time = Apr 24 2025 12:03:43 [Instrument's time stamp, header]
# bad_flag = -9.990e-29
*END*
[from data line 3458]
    864.500    347.184   2.633734     0.5362    -0.0702    344.987    17.6206    22.1654    10.1672    10.1647    4860.99    23.0558     0.0266     0.0381      0.392      1.190      7.542  0.000e+00
    864.750    347.141   2.633915     0.5358    -0.0702    344.944    17.6218    22.1665    10.1674    10.1650    4861.00    23.0574     0.0237     0.0339      0.349      1.059      7.541  0.000e+00
    865.000    347.104   2.634175     0.5355    -0.0702    344.907    17.6237    22.1684    10.1676    10.1651    4861.01    23.0598     0.0220     0.0314      0.324      0.982      7.542  0.000e+00
    865.250    347.061   2.634560     0.5362    -0.0722    344.864    17.6265    22.1713    10.1676    10.1651    4861.02    23.0636     0.0249     0.0356      0.366      1.112      7.544  0.000e+00
    865.500    346.993   2.634787     0.5355    -0.0762    344.797    17.6280    22.1727    10.1680    10.1655    4861.03    23.0655     0.0203     0.0290      0.298      0.905      7.542  0.000e+00
    865.750    346.850   2.635109     0.5359    -0.0781    344.655    17.6304    22.1751    10.1680    10.1656    4861.03    23.0686     0.0225     0.0322      0.332      1.006      7.538  0.000e+00
    866.000    346.652   2.635613     0.5356    -0.0623    344.459    17.6340    22.1786    10.1684    10.1660    4861.05    23.0733     0.0228     0.0326      0.336      1.019      7.541  0.000e+00
    866.250    346.454   2.636383     0.5353    -0.0762    344.262    17.6397    22.1842    10.1686    10.1661    4861.07    23.0807     0.0211     0.0302      0.311      0.943      7.543  0.000e+00
    866.500    346.237   2.637499     0.5357    -0.0682    344.046    17.6478    22.1923    10.1690    10.1665    4861.10    23.0912     0.0224     0.0320      0.330      1.000      7.544  0.000e+00
    866.750    346.032   2.638592     0.5355    -0.0643    343.844    17.6559    22.2003    10.1693    10.1668    4861.14    23.1016     0.0220     0.0314      0.324      0.983      7.544  0.000e+00
    867.000    345.846   2.639770     0.5354    -0.0722    343.659    17.6646    22.2089    10.1695    10.1670    4861.17    23.1129     0.0215     0.0307      0.317      0.961      7.540  0.000e+00
    867.250    345.704   2.640745     0.5359    -0.0702    343.518    17.6718    22.2160    10.1697    10.1673    4861.21    23.1221     0.0239     0.0341      0.352      1.066      7.542  0.000e+00
    867.500    345.586   2.641555     0.5358    -0.0781    343.401    17.6778    22.2219    10.1699    10.1674    4861.23    23.1299     0.0245     0.0350      0.361      1.095      7.541  0.000e+00
    867.750    345.500   2.642388     0.5353    -0.0841    343.315    17.6839    22.2280    10.1700    10.1676    4861.26    23.1379     0.0220     0.0315      0.325      0.985      7.543  0.000e+00
    868.000    345.401   2.643142     0.5357    -0.0762    343.216    17.6895    22.2336    10.1701    10.1677    4861.29    23.1451     0.0241     0.0345      0.356      1.078      7.543  0.000e+00
    868.250    345.320   2.643856     0.5352    -0.0841    343.136    17.6948    22.2388    10.1702    10.1678    4861.31    23.1519     0.0220     0.0314      0.323      0.980      7.543  0.000e+00
    868.500    345.190   2.644486     0.5354    -0.0702    343.007    17.6995    22.2434    10.1703    10.1679    4861.33    23.1579     0.0219     0.0313      0.323      0.978      7.541  0.000e+00
    868.750    345.041   2.645092     0.5363    -0.0722    342.860    17.7040    22.2479    10.1705    10.1680    4861.35    23.1637     0.0269     0.0384      0.396      1.200      7.541  0.000e+00
    869.000    344.887   2.645744     0.5355    -0.0643    342.706    17.7088    22.2526    10.1707    10.1682    4861.36    23.1699     0.0231     0.0331      0.341      1.034      7.544  0.000e+00
    869.250    344.732   2.646459     0.5353    -0.0781    342.552    17.7140    22.2578    10.1709    10.1684    4861.39    23.1767     0.0217     0.0310      0.320      0.969      7.542  0.000e+00
    869.500    344.589   2.647394     0.5359    -0.0702    342.411    17.7210    22.2647    10.1710    10.1685    4861.41    23.1857     0.0247     0.0353      0.364      1.104      7.545  0.000e+00
    869.750    344.441   2.648166     0.5361    -0.0702    342.263    17.7267    22.2703    10.1712    10.1687    4861.44    23.1931     0.0267     0.0381      0.393      1.191      7.540  0.000e+00
    870.000    344.342   2.648903     0.5357    -0.0861    342.165    17.7322    22.2757    10.1713    10.1689    4861.46    23.2001     0.0247     0.0353      0.364      1.103      7.544  0.000e+00
    870.250    344.243   2.649510     0.5352    -0.0623    342.067    17.7368    22.2804    10.1712    10.1687    4861.48    23.2061     0.0223     0.0319      0.329      0.998      7.541  0.000e+00
    870.500    344.131   2.649941     0.5359    -0.0702    341.956    17.7401    22.2836    10.1711    10.1686    4861.49    23.2103     0.0247     0.0353      0.364      1.104      7.542  0.000e+00
    870.750    344.013   2.650202     0.5354    -0.0643    341.839    17.7419    22.2854    10.1714    10.1689    4861.50    23.2127     0.0216     0.0309      0.319      0.966      7.543  0.000e+00
    871.000    343.883   2.650531     0.5356    -0.0623    341.710    17.7444    22.2879    10.1714    10.1689    4861.50    23.2159     0.0236     0.0337      0.347      1.052      7.542  0.000e+00
    871.250    343.753   2.650758     0.5356    -0.0702    341.581    17.7461    22.2896    10.1714    10.1689    4861.50    23.2181     0.0229     0.0327      0.337      1.021      7.542  0.000e+00
    871.500    343.605   2.650940     0.5365    -0.0722    341.433    17.7474    22.2909    10.1715    10.1691    4861.50    23.2199     0.0270     0.0386      0.398      1.207      7.540  0.000e+00
    871.750    343.450   2.651144     0.5355    -0.0702    341.279    17.7489    22.2923    10.1717    10.1693    4861.51    23.2217     0.0230     0.0328      0.339      1.026      7.545  0.000e+00
    872.000    343.289   2.651388     0.5353    -0.0722    341.119    17.7507    22.2941    10.1718    10.1693    4861.51    23.2241     0.0225     0.0321      0.331      1.003      7.541  0.000e+00
    872.250    343.115   2.651632     0.5363    -0.0781    340.947    17.7525    22.2959    10.1718    10.1694    4861.51    23.2265     0.0274     0.0392      0.404      1.225      7.541  0.000e+00
    872.500    342.936   2.651859     0.5358    -0.0643    340.769    17.7542    22.2976    10.1719    10.1695    4861.51    23.2287     0.0246     0.0352      0.363      1.100      7.542  0.000e+00
    872.750    342.737   2.652160     0.5361    -0.0702    340.572    17.7564    22.2997    10.1721    10.1697    4861.51    23.2315     0.0266     0.0380      0.392      1.188      7.540  0.000e+00
    873.000    342.552   2.652489     0.5356    -0.0702    340.388    17.7589    22.3022    10.1722    10.1697    4861.51    23.2347     0.0239     0.0341      0.352      1.067      7.542  0.000e+00
    873.250    342.378   2.652875     0.5361    -0.0722    340.215    17.7617    22.3049    10.1724    10.1699    4861.52    23.2383     0.0257     0.0368      0.379      1.149      7.542  0.000e+00
    873.500    342.229   2.653408     0.5362    -0.0623    340.068    17.7657    22.3089    10.1724    10.1700    4861.54    23.2435     0.0263     0.0376      0.388      1.175      7.541  0.000e+00
    873.750    342.099   2.654021     0.5351    -0.0603    339.938    17.7702    22.3134    10.1725    10.1701    4861.55    23.2494     0.0217     0.0310      0.319      0.968      7.541  0.000e+00
    874.000    342.006   2.654487     0.5357    -0.0643    339.846    17.7737    22.3169    10.1725    10.1701    4861.57    23.2539     0.0233     0.0333      0.344      1.042      7.539  0.000e+00
    874.250    341.957   2.654691     0.5351    -0.0702    339.797    17.7753    22.3184    10.1725    10.1701    4861.57    23.2559     0.0190     0.0272      0.280      0.849      7.540  0.000e+00
    874.500    341.889   2.654895     0.5361    -0.0781    339.729    17.7768    22.3199    10.1726    10.1701    4861.58    23.2578     0.0243     0.0347      0.358      1.084      7.542  0.000e+00
    874.750    341.814   2.654918     0.5359    -0.0623    339.656    17.7770    22.3201    10.1726    10.1701    4861.57    23.2580     0.0240     0.0343      0.354      1.072      7.541  0.000e+00
    875.000    341.709   2.654918     0.5354    -0.0702    339.551    17.7770    22.3201    10.1726    10.1702    4861.57    23.2580     0.0220     0.0314      0.324      0.982      7.544  0.000e+00
    875.250    341.536   2.654981     0.5353    -0.0543    339.379    17.7774    22.3205    10.1727    10.1703    4861.56    23.2586     0.0210     0.0300      0.310      0.938      7.542  0.000e+00
    875.500    341.356   2.655083     0.5351    -0.0623    339.200    17.7782    22.3213    10.1728    10.1703    4861.56    23.2596     0.0201     0.0287      0.296      0.896      7.542  0.000e+00
    875.750    341.158   2.655162     0.5362    -0.0801    339.004    17.7788    22.3219    10.1729    10.1704    4861.55    23.2604     0.0264     0.0377      0.389      1.178      7.541  0.000e+00
    876.000    340.953   2.655202     0.5359    -0.0623    338.801    17.7791    22.3222    10.1729    10.1705    4861.54    23.2608     0.0248     0.0355      0.366      1.109      7.542  0.000e+00
    876.250    340.774   2.655139     0.5352    -0.0643    338.622    17.7786    22.3216    10.1731    10.1706    4861.53    23.2602     0.0221     0.0315      0.325      0.985      7.542  0.000e+00
    876.500    340.631   2.655082     0.5349    -0.0623    338.481    17.7782    22.3213    10.1730    10.1705    4861.52    23.2597     0.0190     0.0272      0.280      0.849      7.543  0.000e+00
    876.750    340.507   2.654855     0.5356    -0.0702    338.358    17.7766    22.3196    10.1730    10.1705    4861.51    23.2576     0.0227     0.0325      0.335      1.016      7.540  0.000e+00
    877.000    340.408   2.654469     0.5359    -0.0801    338.259    17.7737    22.3167    10.1731    10.1706    4861.49    23.2539     0.0249     0.0356      0.368      1.114      7.541  0.000e+00
    877.250    340.321   2.654060     0.5355    -0.0682    338.173    17.7706    22.3137    10.1731    10.1707    4861.47    23.2499     0.0232     0.0332      0.343      1.038      7.544  0.000e+00
    877.500    340.210   2.653714     0.5356    -0.0861    338.063    17.7680    22.3111    10.1731    10.1707    4861.45    23.2466     0.0237     0.0338      0.349      1.057      7.540  0.000e+00
    877.750    340.099   2.653408     0.5348    -0.0722    337.952    17.7657    22.3088    10.1733    10.1708    4861.43    23.2436     0.0185     0.0264      0.272      0.825      7.541  0.000e+00
    878.000    339.944   2.653016     0.5361    -0.0702    337.798    17.7628    22.3059    10.1733    10.1708    4861.41    23.2399     0.0255     0.0365      0.376      1.140      7.541  0.000e+00
    878.250    339.776   2.652590     0.5347    -0.0722    337.632    17.7596    22.3028    10.1733    10.1708    4861.38    23.2358     0.0197     0.0282      0.291      0.882      7.541  0.000e+00
    878.500    339.584   2.652017     0.5353    -0.0603    337.442    17.7553    22.2985    10.1734    10.1710    4861.35    23.2303     0.0218     0.0311      0.321      0.972      7.541  0.000e+00
    878.750    339.399   2.651410     0.5353    -0.0722    337.257    17.7506    22.2939    10.1736    10.1712    4861.32    23.2244     0.0205     0.0292      0.301      0.913      7.543  0.000e+00
    879.000    339.231   2.650734     0.5361    -0.0722    337.091    17.7457    22.2890    10.1735    10.1711    4861.29    23.2180     0.0251     0.0358      0.370      1.120      7.542  0.000e+00
    879.250    339.076   2.650184     0.5353    -0.0781    336.937    17.7415    22.2848    10.1737    10.1713    4861.26    23.2126     0.0227     0.0324      0.334      1.012      7.545  0.000e+00
    879.500    338.947   2.649656     0.5353    -0.0643    336.808    17.7375    22.2809    10.1737    10.1713    4861.23    23.2075     0.0227     0.0324      0.334      1.012      7.543  0.000e+00
    879.750    338.823   2.649146     0.5352    -0.0702    336.685    17.7336    22.2770    10.1739    10.1715    4861.21    23.2025     0.0222     0.0317      0.327      0.991      7.542  0.000e+00
    880.000    338.730   2.648760     0.5355    -0.0623    336.593    17.7308    22.2742    10.1739    10.1715    4861.19    23.1988     0.0225     0.0322      0.332      1.007      7.543  0.000e+00
    880.250    338.618   2.648351     0.5353    -0.0801    336.482    17.7277    22.2712    10.1739    10.1715    4861.17    23.1949     0.0231     0.0330      0.340      1.030      7.542  0.000e+00
    880.500    338.507   2.647983     0.5356    -0.0603    336.371    17.7249    22.2684    10.1741    10.1716    4861.15    23.1913     0.0235     0.0336      0.347      1.051      7.542  0.000e+00
    880.750    338.383   2.647699     0.5355    -0.0722    336.248    17.7228    22.2663    10.1741    10.1716    4861.13    23.1886     0.0228     0.0326      0.336      1.018      7.541  0.000e+00
    881.000    338.228   2.647415     0.5358    -0.0702    336.094    17.7206    22.2642    10.1742    10.1718    4861.11    23.1859     0.0241     0.0344      0.355      1.076      7.542  0.000e+00
    881.250    338.066   2.647109     0.5355    -0.0781    335.934    17.7183    22.2618    10.1744    10.1720    4861.09    23.1829     0.0239     0.0342      0.353      1.069      7.542  0.000e+00
    881.500    337.893   2.646803     0.5351    -0.0702    335.762    17.7160    22.2596    10.1744    10.1720    4861.07    23.1800     0.0217     0.0311      0.320      0.971      7.539  0.000e+00
    881.750    337.713   2.646559     0.5359    -0.0722    335.584    17.7142    22.2578    10.1745    10.1720    4861.06    23.1776     0.0256     0.0365      0.377      1.141      7.543  0.000e+00
    882.000    337.521   2.646230     0.5362    -0.0543    335.393    17.7117    22.2553    10.1745    10.1721    4861.03    23.1745     0.0269     0.0384      0.396      1.200      7.542  0.000e+00
    882.250    337.366   2.645946     0.5359    -0.0682    335.239    17.7095    22.2531    10.1748    10.1724    4861.02    23.1716     0.0263     0.0375      0.387      1.173      7.542  0.000e+00
    882.500    337.162   2.645538     0.5351    -0.0682    335.036    17.7065    22.2501    10.1748    10.1724    4860.99    23.1677     0.0216     0.0309      0.319      0.966      7.544  0.000e+00
    882.750    336.994   2.645073     0.5354    -0.0623    334.870    17.7030    22.2466    10.1749    10.1724    4860.96    23.1633     0.0225     0.0321      0.331      1.004      7.541  0.000e+00
    883.000    336.833   2.644483     0.5355    -0.0702    334.710    17.6986    22.2423    10.1750    10.1725    4860.93    23.1576     0.0224     0.0320      0.330      0.999      7.542  0.000e+00
    883.250    336.685   2.643769     0.5349    -0.0643    334.563    17.6931    22.2368    10.1752    10.1728    4860.90    23.1506     0.0193     0.0276      0.284      0.861      7.547  0.000e+00
    883.500    336.573   2.642958     0.5351    -0.0543    334.452    17.6871    22.2309    10.1752    10.1727    4860.86    23.1429     0.0195     0.0279      0.288      0.872      7.542  0.000e+00
    883.750    336.462   2.642023     0.5353    -0.0643    334.341    17.6800    22.2239    10.1753    10.1729    4860.82    23.1338     0.0196     0.0279      0.288      0.873      7.541  0.000e+00
    884.000    336.369   2.641394     0.5351    -0.0682    334.249    17.6753    22.2192    10.1753    10.1729    4860.79    23.1278     0.0190     0.0271      0.279      0.847      7.544  0.000e+00
