cruises/baja2025/cnv/20250502_cast2.cnv
* Sea-Bird SBE19plus Data File:
* FileName = C:\Users\ScienceTech\OneDrive - Western Flyer Foundation\Desktop\ProfilingCTD\data\Leg 3\20250502_T10_cast1.hex
* Software Version 1.59
* Temperature SN =  8289
* Conductivity SN =  8289
* System UpLoad Time = May 03 2025 05:50:01
** Site "T10"
** 27-19.29'N 112-09.68'W
** 2025-05-02 2224Z
** Bottom depth 600m
** Cast to 500m
# nquan = 18
# nvalues = 8024                                  
# units = specified
# name 0 = timeS: Time, Elapsed [seconds]
# name 1 = prdM: Pressure, Strain Gauge [db]
# name 2 = c0S/m: Conductivity [S/m]
# name 3 = sbeox0V: Oxygen raw, SBE 43 [V]
# name 4 = flECO-AFL: Fluorescence, WET Labs ECO-AFL/FL [mg/m^3]
# name 5 = depSM: Depth [salt water, m], lat = 0.00
# name 6 = sigma-t00: Density [sigma-t, kg/m^3 ]
# name 7 = sigma-100: Density [sigma-1, kg/m^3 ]
# name 8 = tv268C: Temperature [IPTS-68, deg C]
# name 9 = tv290C: Temperature [ITS-90, deg C]
# name 10 = svCF: Sound Velocity [Chen-Millero, ft/s]
# name 11 = sal00: Salinity, Practical [PSU]
# name 12 = sbeox0ML/L: Oxygen, SBE 43 [ml/l]
# name 13 = sbeox0Mg/L: Oxygen, SBE 43 [mg/l]
# name 14 = sbeox0PS: Oxygen, SBE 43 [% saturation]
# name 15 = sbeox0Mm/L: Oxygen, SBE 43 [umol/l]
# name 16 = ph: pH
# name 17 = flag:  0.000e+00
# span 0 =      0.000,   2005.750                 
# span 1 =     -0.200,    489.938                 
# span 2 =   0.076823,   4.885025                 
# span 3 =     0.6547,     3.5526                 
# span 4 =    -0.1575,   128.6979                 
# span 5 =     -0.199,    486.670                 
# span 6 =    -1.6431,    26.7914                 
# span 7 =     2.8386,    31.2602                 
# span 8 =     9.8714,    20.8140                 
# span 9 =     9.8690,    20.8090                 
# span 10 =    4858.94,    4997.41                
# span 11 =     0.4115,    36.1136                
# span 12 =     0.4519,     8.4669                
# span 13 =     0.6458,    12.1000                
# span 14 =      7.148,    162.580                
# span 15 =     20.181,    378.131                
# span 16 =      7.608,      8.262                
# span 17 = 0.0000e+00, 0.0000e+00                
# interval = seconds: 0.25
# start_time = May 02 2025 15:23:22 [Instrument's time stamp, header]
# bad_flag = -9.990e-29
*END*
[from data line 3136]
    784.000    304.380   3.973362     0.8911    -0.0722    302.485    26.5042    30.9317    11.7635    11.7607    4923.99    34.8322     1.2341     1.7637     20.271     55.117      7.680  0.000e+00
    784.250    304.585   3.972778     0.8910    -0.0722    302.688    26.5052    30.9328    11.7575    11.7547    4923.93    34.8320     1.2357     1.7659     20.293     55.186      7.682  0.000e+00
    784.500    304.777   3.972672     0.8898    -0.0543    302.879    26.5106    30.9384    11.7506    11.7478    4923.88    34.8373     1.2296     1.7572     20.191     54.914      7.681  0.000e+00
    784.750    304.975   3.972692     0.8906    -0.0781    303.076    26.5156    30.9434    11.7453    11.7425    4923.85    34.8424     1.2322     1.7610     20.233     55.032      7.683  0.000e+00
    785.000    305.149   3.972593     0.8897    -0.0722    303.249    26.5176    30.9455    11.7422    11.7394    4923.83    34.8443     1.2286     1.7558     20.172     54.871      7.682  0.000e+00
    785.250    305.316   3.972354     0.8897    -0.0464    303.415    26.5175    30.9455    11.7403    11.7374    4923.82    34.8437     1.2274     1.7541     20.152     54.818      7.681  0.000e+00
    785.500    305.496   3.972275     0.8878    -0.0682    303.593    26.5183    30.9463    11.7386    11.7358    4923.81    34.8443     1.2175     1.7399     19.988     54.374      7.681  0.000e+00
    785.750    305.651   3.971963     0.8868    -0.0464    303.747    26.5173    30.9453    11.7371    11.7343    4923.80    34.8426     1.2100     1.7292     19.864     54.038      7.678  0.000e+00
    786.000    305.818   3.971771     0.8861    -0.0643    303.913    26.5175    30.9455    11.7353    11.7325    4923.78    34.8424     1.2053     1.7226     19.787     53.831      7.684  0.000e+00
    786.250    305.967   3.971439     0.8849    -0.0781    304.061    26.5169    30.9450    11.7331    11.7302    4923.76    34.8412     1.1989     1.7134     19.681     53.544      7.682  0.000e+00
    786.500    306.116   3.971267     0.8836    -0.0623    304.209    26.5177    30.9459    11.7307    11.7279    4923.75    34.8416     1.1924     1.7041     19.573     53.255      7.679  0.000e+00
    786.750    306.259   3.971181     0.8826    -0.0702    304.351    26.5192    30.9474    11.7283    11.7255    4923.73    34.8429     1.1866     1.6957     19.476     52.992      7.680  0.000e+00
    787.000    306.395   3.971181     0.8813    -0.0603    304.486    26.5209    30.9491    11.7264    11.7236    4923.73    34.8447     1.1811     1.6880     19.386     52.750      7.679  0.000e+00
    787.250    306.556   3.971181     0.8807    -0.0543    304.646    26.5217    30.9500    11.7254    11.7226    4923.73    34.8455     1.1785     1.6842     19.343     52.632      7.677  0.000e+00
    787.500    306.717   3.971181     0.8813    -0.0444    304.806    26.5223    30.9506    11.7248    11.7220    4923.73    34.8461     1.1841     1.6922     19.435     52.882      7.681  0.000e+00
    787.750    306.897   3.971128     0.8806    -0.0563    304.985    26.5224    30.9507    11.7241    11.7213    4923.73    34.8461     1.1834     1.6912     19.423     52.852      7.680  0.000e+00
    788.000    307.071   3.971128     0.8809    -0.0524    305.157    26.5225    30.9508    11.7240    11.7212    4923.74    34.8461     1.1875     1.6970     19.489     53.032      7.681  0.000e+00
    788.250    307.257   3.971102     0.8793    -0.0682    305.342    26.5225    30.9508    11.7237    11.7209    4923.75    34.8460     1.1837     1.6917     19.428     52.865      7.680  0.000e+00
    788.500    307.443   3.971102     0.8794    -0.0722    305.526    26.5225    30.9509    11.7236    11.7208    4923.76    34.8461     1.1861     1.6950     19.466     52.969      7.680  0.000e+00
    788.750    307.610   3.971069     0.8797    -0.0643    305.693    26.5227    30.9510    11.7231    11.7203    4923.76    34.8462     1.1892     1.6995     19.518     53.111      7.679  0.000e+00
    789.000    307.790   3.971042     0.8781    -0.0643    305.871    26.5226    30.9510    11.7229    11.7200    4923.77    34.8460     1.1837     1.6916     19.427     52.864      7.679  0.000e+00
    789.250    307.945   3.971102     0.8784    -0.0702    306.025    26.5231    30.9514    11.7228    11.7200    4923.78    34.8466     1.1848     1.6932     19.445     52.914      7.681  0.000e+00
    789.500    308.088   3.971129     0.8781    -0.0623    306.167    26.5233    30.9517    11.7227    11.7199    4923.78    34.8469     1.1827     1.6902     19.410     52.818      7.680  0.000e+00
    789.750    308.236   3.971241     0.8778    -0.0623    306.315    26.5241    30.9524    11.7228    11.7200    4923.80    34.8479     1.1823     1.6896     19.404     52.801      7.677  0.000e+00
    790.000    308.385   3.971294     0.8775    -0.0623    306.462    26.5241    30.9524    11.7231    11.7203    4923.81    34.8480     1.1818     1.6889     19.396     52.779      7.680  0.000e+00
    790.250    308.522   3.971215     0.8780    -0.0702    306.598    26.5232    30.9515    11.7234    11.7206    4923.82    34.8469     1.1856     1.6944     19.459     52.951      7.681  0.000e+00
    790.500    308.658   3.971268     0.8781    -0.0801    306.733    26.5234    30.9517    11.7236    11.7208    4923.83    34.8472     1.1867     1.6959     19.477     52.998      7.678  0.000e+00
    790.750    308.788   3.971295     0.8781    -0.0702    306.863    26.5235    30.9518    11.7236    11.7208    4923.83    34.8473     1.1880     1.6978     19.498     53.056      7.680  0.000e+00
    791.000    308.956   3.971321     0.8772    -0.0643    307.029    26.5236    30.9520    11.7236    11.7208    4923.84    34.8475     1.1863     1.6953     19.470     52.978      7.677  0.000e+00
    791.250    309.117   3.971354     0.8771    -0.0524    307.189    26.5235    30.9519    11.7240    11.7212    4923.86    34.8475     1.1853     1.6939     19.454     52.936      7.678  0.000e+00
    791.500    309.309   3.971388     0.8782    -0.0623    307.380    26.5236    30.9520    11.7241    11.7213    4923.87    34.8476     1.1905     1.7013     19.539     53.167      7.679  0.000e+00
    791.750    309.520   3.971355     0.8778    -0.0702    307.589    26.5231    30.9515    11.7243    11.7215    4923.88    34.8470     1.1893     1.6997     19.520     53.116      7.679  0.000e+00
    792.000    309.718   3.971547     0.8780    -0.0623    307.786    26.5245    30.9529    11.7243    11.7215    4923.90    34.8488     1.1904     1.7013     19.539     53.165      7.679  0.000e+00
    792.250    309.898   3.971574     0.8781    -0.0702    307.965    26.5245    30.9528    11.7245    11.7217    4923.91    34.8488     1.1911     1.7022     19.549     53.193      7.682  0.000e+00
    792.500    310.078   3.971607     0.8777    -0.0603    308.143    26.5246    30.9529    11.7246    11.7218    4923.92    34.8490     1.1895     1.7000     19.524     53.125      7.677  0.000e+00
    792.750    310.245   3.971521     0.8776    -0.0722    308.309    26.5238    30.9522    11.7246    11.7218    4923.93    34.8480     1.1895     1.6999     19.523     53.121      7.681  0.000e+00
    793.000    310.388   3.971468     0.8785    -0.0643    308.451    26.5234    30.9518    11.7246    11.7218    4923.93    34.8475     1.1940     1.7064     19.598     53.326      7.677  0.000e+00
    793.250    310.537   3.971322     0.8784    -0.0762    308.599    26.5226    30.9510    11.7241    11.7213    4923.93    34.8464     1.1933     1.7054     19.586     53.295      7.677  0.000e+00
    793.500    310.679   3.970712     0.8790    -0.0623    308.740    26.5185    30.9469    11.7236    11.7208    4923.91    34.8409     1.1956     1.7086     19.622     53.395      7.680  0.000e+00
    793.750    310.828   3.970208     0.8793    -0.0563    308.888    26.5165    30.9450    11.7215    11.7187    4923.88    34.8378     1.1983     1.7125     19.665     53.515      7.678  0.000e+00
    794.000    310.995   3.970181     0.8810    -0.0722    309.054    26.5196    30.9481    11.7179    11.7151    4923.86    34.8409     1.2067     1.7245     19.802     53.891      7.680  0.000e+00
    794.250    311.181   3.970162     0.8811    -0.0801    309.239    26.5223    30.9509    11.7147    11.7119    4923.85    34.8436     1.2095     1.7284     19.846     54.014      7.680  0.000e+00
    794.500    311.361   3.970036     0.8821    -0.0682    309.418    26.5230    30.9517    11.7127    11.7099    4923.84    34.8441     1.2156     1.7371     19.945     54.287      7.678  0.000e+00
    794.750    311.529   3.969817     0.8833    -0.0623    309.584    26.5226    30.9513    11.7113    11.7085    4923.83    34.8432     1.2217     1.7459     20.045     54.559      7.679  0.000e+00
    795.000    311.696   3.969757     0.8835    -0.0702    309.750    26.5235    30.9523    11.7097    11.7069    4923.82    34.8440     1.2230     1.7479     20.067     54.621      7.680  0.000e+00
    795.250    311.863   3.969757     0.8836    -0.0702    309.916    26.5248    30.9535    11.7083    11.7055    4923.82    34.8453     1.2236     1.7487     20.076     54.646      7.678  0.000e+00
    795.500    312.037   3.969731     0.8836    -0.0524    310.089    26.5254    30.9541    11.7074    11.7046    4923.82    34.8458     1.2224     1.7470     20.056     54.595      7.679  0.000e+00
    795.750    312.198   3.969731     0.8844    -0.0682    310.249    26.5260    30.9547    11.7067    11.7039    4923.82    34.8464     1.2239     1.7491     20.080     54.659      7.680  0.000e+00
    796.000    312.372   3.969705     0.8829    -0.0643    310.421    26.5260    30.9548    11.7063    11.7035    4923.83    34.8464     1.2144     1.7355     19.924     54.235      7.678  0.000e+00
    796.250    312.545   3.969678     0.8846    -0.0702    310.593    26.5259    30.9547    11.7062    11.7034    4923.84    34.8462     1.2198     1.7432     20.013     54.477      7.678  0.000e+00
    796.500    312.707   3.969592     0.8833    -0.0563    310.753    26.5256    30.9544    11.7058    11.7029    4923.84    34.8457     1.2119     1.7319     19.883     54.123      7.677  0.000e+00
    796.750    312.849   3.969539     0.8830    -0.0781    310.895    26.5255    30.9543    11.7054    11.7026    4923.84    34.8455     1.2085     1.7271     19.827     53.972      7.679  0.000e+00
    797.000    312.998   3.969227     0.8834    -0.0702    311.043    26.5237    30.9526    11.7047    11.7019    4923.83    34.8430     1.2092     1.7280     19.837     54.002      7.679  0.000e+00
    797.250    313.134   3.969194     0.8832    -0.0801    311.178    26.5246    30.9535    11.7034    11.7006    4923.83    34.8438     1.2078     1.7260     19.814     53.940      7.676  0.000e+00
    797.500    313.302   3.969062     0.8832    -0.0543    311.344    26.5247    30.9537    11.7021    11.6992    4923.82    34.8437     1.2074     1.7255     19.807     53.922      7.679  0.000e+00
    797.750    313.469   3.968558     0.8830    -0.0722    311.511    26.5220    30.9510    11.7008    11.6980    4923.80    34.8399     1.2062     1.7238     19.787     53.869      7.679  0.000e+00
    798.000    313.624   3.967776     0.8823    -0.0623    311.664    26.5181    30.9472    11.6985    11.6957    4923.76    34.8343     1.2044     1.7212     19.755     53.788      7.678  0.000e+00
    798.250    313.804   3.966941     0.8828    -0.0702    311.843    26.5152    30.9444    11.6946    11.6918    4923.71    34.8296     1.2051     1.7222     19.765     53.820      7.681  0.000e+00
    798.500    313.984   3.966377     0.8820    -0.0702    312.022    26.5162    30.9455    11.6887    11.6859    4923.65    34.8296     1.2035     1.7199     19.735     53.747      7.678  0.000e+00
    798.750    314.132   3.964899     0.8823    -0.0702    312.169    26.5108    30.9403    11.6823    11.6795    4923.55    34.8210     1.2043     1.7210     19.745     53.782      7.682  0.000e+00
    799.000    314.269   3.963057     0.8822    -0.0524    312.305    26.5038    30.9335    11.6746    11.6718    4923.43    34.8102     1.2039     1.7205     19.734     53.767      7.681  0.000e+00
    799.250    314.405   3.956870     0.8835    -0.0722    312.440    26.4683    30.8986    11.6618    11.6590    4923.10    34.7614     1.2112     1.7309     19.842     54.092      7.677  0.000e+00
    799.500    314.511   3.953619     0.8822    -0.0762    312.545    26.4654    30.8962    11.6378    11.6350    4922.80    34.7519     1.2076     1.7257     19.772     53.930      7.680  0.000e+00
    799.750    314.641   3.951111     0.8823    -0.0722    312.674    26.4778    30.9093    11.6032    11.6004    4922.44    34.7595     1.2096     1.7286     19.791     54.021      7.680  0.000e+00
    800.000    314.783   3.950979     0.8816    -0.0702    312.816    26.5075    30.9394    11.5696    11.5668    4922.19    34.7896     1.2072     1.7253     19.742     53.915      7.678  0.000e+00
    800.250    314.957   3.951059     0.8809    -0.0623    312.988    26.5291    30.9613    11.5466    11.5439    4922.03    34.8119     1.2035     1.7199     19.675     53.748      7.677  0.000e+00
    800.500    315.161   3.950841     0.8808    -0.0781    313.191    26.5388    30.9712    11.5342    11.5314    4921.93    34.8213     1.2028     1.7189     19.658     53.715      7.679  0.000e+00
    800.750    315.378   3.950920     0.8780    -0.0524    313.407    26.5457    30.9782    11.5272    11.5244    4921.89    34.8286     1.1883     1.6982     19.420     53.069      7.678  0.000e+00
    801.000    315.583   3.950808     0.8774    -0.0643    313.610    26.5484    30.9809    11.5233    11.5205    4921.87    34.8311     1.1823     1.6896     19.320     52.799      7.680  0.000e+00
    801.250    315.781   3.950504     0.8766    -0.0682    313.807    26.5479    30.9805    11.5211    11.5184    4921.85    34.8300     1.1761     1.6808     19.219     52.526      7.681  0.000e+00
    801.500    315.961   3.950199     0.8743    -0.0623    313.985    26.5475    30.9801    11.5190    11.5162    4921.83    34.8289     1.1656     1.6658     19.047     52.058      7.680  0.000e+00
    801.750    316.141   3.949948     0.8730    -0.0801    314.164    26.5476    30.9803    11.5167    11.5139    4921.82    34.8286     1.1578     1.6546     18.917     51.707      7.677  0.000e+00
    802.000    316.296   3.949895     0.8716    -0.0643    314.318    26.5496    30.9824    11.5140    11.5112    4921.80    34.8305     1.1507     1.6444     18.800     51.390      7.677  0.000e+00
    802.250    316.439   3.949895     0.8707    -0.0563    314.459    26.5515    30.9843    11.5119    11.5091    4921.79    34.8324     1.1468     1.6389     18.736     51.216      7.675  0.000e+00
    802.500    316.587   3.949869     0.8685    -0.0702    314.607    26.5526    30.9854    11.5104    11.5077    4921.79    34.8334     1.1377     1.6259     18.588     50.811      7.680  0.000e+00
    802.750    316.724   3.949869     0.8687    -0.0623    314.743    26.5529    30.9858    11.5100    11.5073    4921.79    34.8338     1.1411     1.6307     18.642     50.961      7.679  0.000e+00
    803.000    316.848   3.949869     0.8676    -0.0524    314.866    26.5531    30.9860    11.5097    11.5070    4921.80    34.8340     1.1376     1.6258     18.586     50.806      7.677  0.000e+00
    803.250    316.984   3.949895     0.8664    -0.0841    315.001    26.5536    30.9865    11.5094    11.5066    4921.80    34.8345     1.1347     1.6216     18.537     50.674      7.678  0.000e+00
    803.500    317.102   3.949869     0.8662    -0.0841    315.118    26.5536    30.9864    11.5092    11.5064    4921.81    34.8344     1.1375     1.6255     18.583     50.799      7.676  0.000e+00
    803.750    317.226   3.949922     0.8661    -0.0623    315.241    26.5539    30.9868    11.5092    11.5064    4921.81    34.8349     1.1401     1.6293     18.626     50.916      7.680  0.000e+00
