cruises/baja2025/cnv/20250423.cnv
* Sea-Bird SBE19plus Data File:
* FileName = C:\Users\ScienceTech\OneDrive - Western Flyer Foundation\Desktop\ProfilingCTD\data\20250423_Monserrat_cast11.hex
* Software Version 1.59
* Temperature SN =  8289
* Conductivity SN =  8289
* System UpLoad Time = Apr 23 2025 14:21:48
** Monserrat
** 4/23/2025, 1345 UTC
** 25 43.363'N
** 110 59.363'W
** ~310 m water depth
# nquan = 18
# nvalues = 5394                                  
# units = specified
# name 0 = timeS: Time, Elapsed [seconds]
# name 1 = prdM: Pressure, Strain Gauge [db]
# name 2 = c0S/m: Conductivity [S/m]
# name 3 = sbeox0V: Oxygen raw, SBE 43 [V]
# name 4 = flECO-AFL: Fluorescence, WET Labs ECO-AFL/FL [mg/m^3]
# name 5 = depSM: Depth [salt water, m], lat = 0.00
# name 6 = sigma-t00: Density [sigma-t, kg/m^3 ]
# name 7 = sigma-100: Density [sigma-1, kg/m^3 ]
# name 8 = tv268C: Temperature [IPTS-68, deg C]
# name 9 = tv290C: Temperature [ITS-90, deg C]
# name 10 = svCF: Sound Velocity [Chen-Millero, ft/s]
# name 11 = sal00: Salinity, Practical [PSU]
# name 12 = sbeox0ML/L: Oxygen, SBE 43 [ml/l]
# name 13 = sbeox0Mg/L: Oxygen, SBE 43 [mg/l]
# name 14 = sbeox0PS: Oxygen, SBE 43 [% saturation]
# name 15 = sbeox0Mm/L: Oxygen, SBE 43 [umol/l]
# name 16 = ph: pH
# name 17 = flag:  0.000e+00
# span 0 =      0.000,   1348.250                 
# span 1 =     -0.170,    328.120                 
# span 2 =  -0.296874,   5.045928                 
# span 3 =     0.5542,     3.1035                 
# span 4 =    -0.1615,     0.4932                 
# span 5 =     -0.169,    326.058                 
# span 6 =    -1.9749,    26.6297                 
# span 7 =     2.5073,    31.0803                 
# span 8 =    10.5672,    21.9831                 
# span 9 =    10.5646,    21.9779                 
# span 10 =    4870.33,    5011.06                
# span 11 =     0.0000,    35.5940                
# span 12 =     0.0844,     8.0363                
# span 13 =     0.1206,    11.4846                
# span 14 =      1.351,    141.158                
# span 15 =      3.770,    358.900                
# span 16 =      7.033,      8.170                
# span 17 = 0.0000e+00, 0.0000e+00                
# interval = seconds: 0.25
# start_time = Apr 23 2025 06:41:37 [Instrument's time stamp, header]
# bad_flag = -9.990e-29
*END*
[from data line 242]
     60.500      6.980   4.997478     2.2589    -0.0226      6.941    24.4130    28.6572    21.7941    21.7889    5008.61    35.1791     4.5831     6.5497     91.569    204.681      8.157  0.000e+00
     60.750      6.936   4.996369     2.2531    -0.0305      6.898    24.4045    28.6488    21.7961    21.7909    5008.58    35.1688     4.5478     6.4992     90.860    203.103      8.158  0.000e+00
     61.000      6.893   4.995487     2.2479    -0.0365      6.855    24.3974    28.6417    21.7981    21.7929    5008.57    35.1602     4.5187     6.4577     90.278    201.805      8.159  0.000e+00
     61.250      6.849   4.994772     2.2430    -0.0325      6.812    24.3920    28.6363    21.7994    21.7942    5008.55    35.1535     4.4970     6.4267     89.843    200.836      8.159  0.000e+00
     61.500      6.831   4.994065     2.2376    -0.0563      6.793    24.3872    28.6315    21.8000    21.7948    5008.53    35.1474     4.4790     6.4010     89.482    200.034      8.159  0.000e+00
     61.750      6.800   4.993664     2.2344    -0.0543      6.762    24.3848    28.6291    21.8000    21.7948    5008.52    35.1442     4.4692     6.3870     89.285    199.597      8.157  0.000e+00
     62.000      6.781   4.993306     2.2296    -0.0464      6.744    24.3828    28.6272    21.7998    21.7946    5008.51    35.1416     4.4567     6.3690     89.032    199.035      8.159  0.000e+00
     62.250      6.781   4.992424     2.2234    -0.0603      6.744    24.3782    28.6225    21.7991    21.7939    5008.48    35.1352     4.4408     6.3464     88.711    198.326      8.157  0.000e+00
     62.500      6.769   4.991790     2.2171    -0.0484      6.731    24.3756    28.6200    21.7977    21.7925    5008.45    35.1313     4.4237     6.3220     88.366    197.564      8.156  0.000e+00
     62.750      6.762   4.991251     2.2097    -0.0246      6.725    24.3733    28.6177    21.7967    21.7915    5008.43    35.1279     4.4027     6.2919     87.942    196.624      8.162  0.000e+00
     63.000      6.756   4.990376     2.2025    -0.0166      6.719    24.3696    28.6141    21.7949    21.7897    5008.39    35.1224     4.3812     6.2611     87.506    195.663      8.158  0.000e+00
     63.250      6.738   4.990274     2.1990    -0.0226      6.701    24.3714    28.6160    21.7922    21.7870    5008.38    35.1238     4.3707     6.2462     87.294    195.196      8.158  0.000e+00
     63.500      6.713   4.990434     2.2005    -0.0246      6.676    24.3761    28.6207    21.7881    21.7829    5008.36    35.1284     4.3777     6.2561     87.429    195.506      8.159  0.000e+00
     63.750      6.694   4.989428     2.2042    -0.0543      6.657    24.3710    28.6157    21.7870    21.7818    5008.32    35.1214     4.3951     6.2810     87.771    196.284      8.160  0.000e+00
     64.000      6.657   4.989006     2.2008    -0.0623      6.621    24.3686    28.6132    21.7869    21.7817    5008.30    35.1181     4.3938     6.2791     87.743    196.225      8.160  0.000e+00
     64.250      6.626   4.988649     2.1964    -0.0484      6.590    24.3658    28.6105    21.7876    21.7824    5008.30    35.1147     4.3886     6.2718     87.640    195.995      8.160  0.000e+00
     64.500      6.608   4.989348     2.1902    -0.0484      6.571    24.3701    28.6148    21.7875    21.7823    5008.32    35.1204     4.3755     6.2531     87.381    195.412      8.159  0.000e+00
     64.750      6.639   4.992133     2.1870    -0.0365      6.602    24.3876    28.6321    21.7867    21.7815    5008.39    35.1430     4.3684     6.2429     87.249    195.093      8.160  0.000e+00
     65.000      6.645   4.994575     2.1890    -0.0385      6.608    24.4026    28.6470    21.7863    21.7811    5008.46    35.1627     4.3754     6.2529     87.399    195.407      8.159  0.000e+00
     65.250      6.694   4.994057     2.1977    -0.0464      6.658    24.4004    28.6448    21.7853    21.7801    5008.44    35.1594     4.4032     6.2927     87.951    196.648      8.160  0.000e+00
     65.500      6.719   4.992468     2.2096    -0.0246      6.682    24.3916    28.6361    21.7845    21.7793    5008.39    35.1474     4.4451     6.3525     88.780    198.518      8.159  0.000e+00
     65.750      6.719   4.988816     2.2218    -0.0325      6.682    24.3708    28.6155    21.7831    21.7779    5008.28    35.1197     4.4945     6.4230     89.749    200.722      8.161  0.000e+00
     66.000      6.701   4.984648     2.2333    -0.0643      6.664    24.3473    28.5922    21.7814    21.7762    5008.15    35.0881     4.5480     6.4996     90.799    203.116      8.162  0.000e+00
     66.250      6.682   4.982536     2.2440    -0.0385      6.645    24.3377    28.5827    21.7780    21.7728    5008.07    35.0742     4.5991     6.5725     91.805    205.395      8.160  0.000e+00
     66.500      6.664   4.981662     2.2542    -0.0543      6.627    24.3338    28.5789    21.7765    21.7713    5008.04    35.0685     4.6446     6.6376     92.708    207.427      8.161  0.000e+00
     66.750      6.633   4.981145     2.2601    -0.0623      6.596    24.3299    28.5750    21.7774    21.7722    5008.02    35.0637     4.6695     6.6732     93.205    208.541      8.160  0.000e+00
     67.000      6.651   4.980912     2.2663    -0.0682      6.615    24.3271    28.5722    21.7789    21.7737    5008.03    35.0606     4.6863     6.6972     93.541    209.291      8.161  0.000e+00
     67.250      6.657   4.980613     2.2701    -0.0563      6.621    24.3244    28.5695    21.7799    21.7747    5008.02    35.0574     4.6893     6.7014     93.600    209.423      8.160  0.000e+00
     67.500      6.664   4.980394     2.2751    -0.0444      6.627    24.3228    28.5680    21.7802    21.7750    5008.02    35.0555     4.6927     6.7064     93.668    209.577      8.160  0.000e+00
     67.750      6.682   4.980431     2.2794    -0.0682      6.646    24.3233    28.5684    21.7799    21.7747    5008.02    35.0560     4.6943     6.7086     93.699    209.647      8.163  0.000e+00
     68.000      6.682   4.977904     2.2838    -0.0464      6.646    24.3082    28.5535    21.7798    21.7746    5007.95    35.0361     4.6981     6.7140     93.763    209.815      8.161  0.000e+00
     68.250      6.670   4.976790     2.2876    -0.0464      6.633    24.3029    28.5482    21.7783    21.7731    5007.91    35.0285     4.7015     6.7189     93.825    209.969      8.160  0.000e+00
     68.500      6.670   4.976499     2.2885    -0.0682      6.633    24.3038    28.5492    21.7753    21.7701    5007.88    35.0286     4.6976     6.7134     93.743    209.796      8.160  0.000e+00
     68.750      6.676   4.976521     2.2893    -0.0444      6.639    24.3058    28.5512    21.7732    21.7680    5007.87    35.0305     4.6946     6.7090     93.679    209.659      8.161  0.000e+00
     69.000      6.682   4.975851     2.2849    -0.0543      6.646    24.3024    28.5478    21.7725    21.7673    5007.85    35.0258     4.6745     6.6803     93.275    208.763      8.160  0.000e+00
     69.250      6.676   4.975043     2.2769    -0.0444      6.639    24.2971    28.5426    21.7730    21.7678    5007.83    35.0190     4.6415     6.6331     92.613    207.288      8.160  0.000e+00
     69.500      6.688   4.973682     2.2691    -0.0543      6.652    24.2885    28.5340    21.7735    21.7683    5007.79    35.0078     4.6055     6.5817     91.891    205.682      8.163  0.000e+00
     69.750      6.682   4.972161     2.2609    -0.0464      6.646    24.2783    28.5238    21.7747    21.7695    5007.75    34.9948     4.5678     6.5278     91.132    203.996      8.161  0.000e+00
     70.000      6.689   4.971156     2.2537    -0.0543      6.652    24.2724    28.5180    21.7745    21.7693    5007.72    34.9870     4.5336     6.4789     90.446    202.470      8.161  0.000e+00
     70.250      6.676   4.969301     2.2482    -0.0603      6.639    24.2637    28.5094    21.7718    21.7666    5007.66    34.9746     4.5079     6.4422     89.922    201.321      8.159  0.000e+00
     70.500      6.664   4.967977     2.2418    -0.0543      6.627    24.2578    28.5036    21.7695    21.7643    5007.60    34.9660     4.4834     6.4072     89.426    200.229      8.160  0.000e+00
     70.750      6.651   4.967206     2.2348    -0.0524      6.615    24.2542    28.5001    21.7683    21.7631    5007.57    34.9608     4.4608     6.3749     88.970    199.218      8.161  0.000e+00
     71.000      6.645   4.966500     2.2291    -0.0563      6.609    24.2503    28.4962    21.7679    21.7627    5007.55    34.9556     4.4462     6.3541     88.677    198.569      8.162  0.000e+00
     71.250      6.658   4.966165     2.2215    -0.0643      6.621    24.2482    28.4941    21.7680    21.7628    5007.54    34.9529     4.4278     6.3278     88.309    197.748      8.160  0.000e+00
     71.500      6.695   4.966936     2.2161    -0.0365      6.658    24.2528    28.4986    21.7681    21.7629    5007.57    34.9589     4.4152     6.3098     88.060    197.183      8.161  0.000e+00
     71.750      6.726   4.965976     2.2105    -0.0623      6.688    24.2467    28.4926    21.7684    21.7632    5007.54    34.9510     4.4021     6.2911     87.796    196.599      8.162  0.000e+00
     72.000      6.744   4.965584     2.2052    -0.0762      6.707    24.2443    28.4902    21.7685    21.7633    5007.53    34.9478     4.3895     6.2730     87.542    196.034      8.159  0.000e+00
     72.250      6.744   4.960035     2.2031    -0.0643      6.707    24.2114    28.4576    21.7680    21.7628    5007.37    34.9044     4.3878     6.2706     87.486    195.960      8.162  0.000e+00
     72.500      6.738   4.959381     2.2051    -0.0643      6.701    24.2086    28.4549    21.7667    21.7615    5007.35    34.9002     4.4005     6.2888     87.735    196.528      8.161  0.000e+00
     72.750      6.676   4.957745     2.2150    -0.0543      6.639    24.2027    28.4491    21.7623    21.7571    5007.27    34.8909     4.4418     6.3478     88.547    198.373      8.159  0.000e+00
     73.000      6.651   4.954475     2.2263    -0.0543      6.614    24.1859    28.4325    21.7591    21.7539    5007.16    34.8676     4.4926     6.4204     89.542    200.640      8.160  0.000e+00
     73.250      6.608   4.953109     2.2337    -0.0543      6.571    24.1795    28.4261    21.7571    21.7519    5007.10    34.8585     4.5337     6.4792     90.354    202.477      8.159  0.000e+00
     73.500      6.601   4.955827     2.2346    -0.0166      6.565    24.1981    28.4446    21.7546    21.7494    5007.17    34.8820     4.5511     6.5040     90.708    203.253      8.162  0.000e+00
     73.750      6.626   4.967781     2.2347    -0.0246      6.590    24.2715    28.5175    21.7528    21.7476    5007.50    34.9779     4.5591     6.5154     90.915    203.609      8.162  0.000e+00
     74.000      6.657   4.968464     2.2363    -0.0305      6.621    24.2759    28.5218    21.7525    21.7473    5007.52    34.9836     4.5672     6.5270     91.079    203.970      8.162  0.000e+00
     74.250      6.701   4.969861     2.2436    -0.0166      6.664    24.2836    28.5295    21.7532    21.7480    5007.57    34.9941     4.5872     6.5555     91.485    204.864      8.158  0.000e+00
     74.500      6.744   4.968421     2.2576    -0.0702      6.707    24.2737    28.5197    21.7546    21.7494    5007.54    34.9815     4.6263     6.6115     92.260    206.611      8.161  0.000e+00
     74.750      6.769   4.965977     2.2777    -0.0464      6.732    24.2584    28.5045    21.7553    21.7501    5007.47    34.9616     4.6872     6.6985     93.465    209.330      8.163  0.000e+00
     75.000      6.781   4.960639     2.2951    -0.0623      6.744    24.2262    28.4725    21.7554    21.7502    5007.32    34.9193     4.7481     6.7855     94.656    212.049      8.162  0.000e+00
     75.250      6.744   4.949549     2.3034    -0.0603      6.707    24.1592    28.4061    21.7558    21.7506    5007.00    34.8313     4.7875     6.8419     95.394    213.812      8.160  0.000e+00
     75.500      6.713   4.947065     2.3059    -0.0623      6.676    24.1449    28.3919    21.7551    21.7499    5006.93    34.8123     4.8056     6.8676     95.742    214.617      8.161  0.000e+00
     75.750      6.682   4.947770     2.3079    -0.0543      6.645    24.1511    28.3981    21.7529    21.7477    5006.93    34.8196     4.8131     6.8784     95.891    214.952      8.161  0.000e+00
     76.000      6.645   4.948510     2.3117    -0.0464      6.608    24.1580    28.4049    21.7502    21.7450    5006.94    34.8277     4.8171     6.8841     95.971    215.130      8.162  0.000e+00
     76.250      6.639   4.950123     2.3140    -0.0524      6.602    24.1687    28.4155    21.7491    21.7439    5006.97    34.8413     4.8086     6.8720     95.808    214.752      8.162  0.000e+00
     76.500      6.614   4.954410     2.3185    -0.0543      6.578    24.1951    28.4418    21.7483    21.7431    5007.09    34.8759     4.8019     6.8624     95.693    214.453      8.159  0.000e+00
     76.750      6.627   4.957040     2.3209    -0.0623      6.590    24.2118    28.4583    21.7474    21.7422    5007.16    34.8974     4.7906     6.8462     95.477    213.946      8.163  0.000e+00
     77.000      6.639   4.957186     2.3213    -0.0623      6.602    24.2131    28.4596    21.7469    21.7417    5007.16    34.8989     4.7800     6.8311     95.266    213.474      8.164  0.000e+00
     77.250      6.658   4.954787     2.3204    -0.0623      6.621    24.1987    28.4453    21.7469    21.7417    5007.10    34.8800     4.7724     6.8202     95.105    213.136      8.160  0.000e+00
     77.500      6.651   4.950254     2.3160    -0.0484      6.615    24.1715    28.4184    21.7468    21.7416    5006.97    34.8442     4.7556     6.7962     94.749    212.383      8.164  0.000e+00
     77.750      6.670   4.952135     2.3105    -0.0702      6.633    24.1832    28.4300    21.7464    21.7412    5007.02    34.8594     4.7314     6.7616     94.275    211.304      8.162  0.000e+00
     78.000      6.688   4.952317     2.3026    -0.0603      6.652    24.1841    28.4309    21.7466    21.7414    5007.03    34.8607     4.6976     6.7133     93.602    209.793      8.163  0.000e+00
     78.250      6.701   4.949818     2.2939    -0.0543      6.664    24.1691    28.4161    21.7465    21.7413    5006.95    34.8410     4.6603     6.6600     92.849    208.129      8.162  0.000e+00
     78.500      6.707   4.947094     2.2853    -0.0563      6.670    24.1531    28.4002    21.7462    21.7409    5006.87    34.8198     4.6228     6.6065     92.090    206.455      8.163  0.000e+00
     78.750      6.713   4.943747     2.2781    -0.0623      6.676    24.1335    28.3808    21.7456    21.7403    5006.78    34.7938     4.5925     6.5632     91.472    205.103      8.162  0.000e+00
     79.000      6.701   4.940981     2.2716    -0.0524      6.664    24.1180    28.3654    21.7444    21.7391    5006.69    34.7729     4.5677     6.5277     90.964    203.994      8.163  0.000e+00
     79.250      6.688   4.939058     2.2676    -0.0464      6.652    24.1093    28.3568    21.7412    21.7359    5006.61    34.7603     4.5545     6.5089     90.690    203.406      8.163  0.000e+00
     79.500      6.676   4.937258     2.2606    -0.0563      6.639    24.1003    28.3478    21.7392    21.7339    5006.55    34.7477     4.5362     6.4827     90.315    202.587      8.162  0.000e+00
     79.750      6.657   4.935648     2.2525    -0.0623      6.621    24.0914    28.3391    21.7383    21.7331    5006.50    34.7357     4.5157     6.4533     89.898    201.669      8.164  0.000e+00
     80.000      6.639   4.934879     2.2422    -0.0543      6.602    24.0870    28.3347    21.7381    21.7329    5006.47    34.7298     4.4883     6.4142     89.350    200.447      8.159  0.000e+00
