cruises/baja2025/cnv/20250423.cnv
* Sea-Bird SBE19plus Data File:
* FileName = C:\Users\ScienceTech\OneDrive - Western Flyer Foundation\Desktop\ProfilingCTD\data\20250423_Monserrat_cast11.hex
* Software Version 1.59
* Temperature SN =  8289
* Conductivity SN =  8289
* System UpLoad Time = Apr 23 2025 14:21:48
** Monserrat
** 4/23/2025, 1345 UTC
** 25 43.363'N
** 110 59.363'W
** ~310 m water depth
# nquan = 18
# nvalues = 5394                                  
# units = specified
# name 0 = timeS: Time, Elapsed [seconds]
# name 1 = prdM: Pressure, Strain Gauge [db]
# name 2 = c0S/m: Conductivity [S/m]
# name 3 = sbeox0V: Oxygen raw, SBE 43 [V]
# name 4 = flECO-AFL: Fluorescence, WET Labs ECO-AFL/FL [mg/m^3]
# name 5 = depSM: Depth [salt water, m], lat = 0.00
# name 6 = sigma-t00: Density [sigma-t, kg/m^3 ]
# name 7 = sigma-100: Density [sigma-1, kg/m^3 ]
# name 8 = tv268C: Temperature [IPTS-68, deg C]
# name 9 = tv290C: Temperature [ITS-90, deg C]
# name 10 = svCF: Sound Velocity [Chen-Millero, ft/s]
# name 11 = sal00: Salinity, Practical [PSU]
# name 12 = sbeox0ML/L: Oxygen, SBE 43 [ml/l]
# name 13 = sbeox0Mg/L: Oxygen, SBE 43 [mg/l]
# name 14 = sbeox0PS: Oxygen, SBE 43 [% saturation]
# name 15 = sbeox0Mm/L: Oxygen, SBE 43 [umol/l]
# name 16 = ph: pH
# name 17 = flag:  0.000e+00
# span 0 =      0.000,   1348.250                 
# span 1 =     -0.170,    328.120                 
# span 2 =  -0.296874,   5.045928                 
# span 3 =     0.5542,     3.1035                 
# span 4 =    -0.1615,     0.4932                 
# span 5 =     -0.169,    326.058                 
# span 6 =    -1.9749,    26.6297                 
# span 7 =     2.5073,    31.0803                 
# span 8 =    10.5672,    21.9831                 
# span 9 =    10.5646,    21.9779                 
# span 10 =    4870.33,    5011.06                
# span 11 =     0.0000,    35.5940                
# span 12 =     0.0844,     8.0363                
# span 13 =     0.1206,    11.4846                
# span 14 =      1.351,    141.158                
# span 15 =      3.770,    358.900                
# span 16 =      7.033,      8.170                
# span 17 = 0.0000e+00, 0.0000e+00                
# interval = seconds: 0.25
# start_time = Apr 23 2025 06:41:37 [Instrument's time stamp, header]
# bad_flag = -9.990e-29
*END*
[from data line 1850]
    462.500     80.233   4.237807     1.1399    -0.0623     79.777    26.0653    30.4343    14.4545    14.4510    4941.66    34.9664     1.8871     2.6968     32.783     84.278      7.726  0.000e+00
    462.750     80.395   4.236363     1.1367    -0.0623     79.937    26.0753    30.4447    14.4321    14.4287    4941.46    34.9732     1.8776     2.6833     32.605     83.855      7.726  0.000e+00
    463.000     80.525   4.235465     1.1329    -0.0682     80.067    26.0883    30.4580    14.4108    14.4074    4941.28    34.9841     1.8640     2.6639     32.357     83.247      7.723  0.000e+00
    463.250     80.680   4.234226     1.1299    -0.0722     80.221    26.0939    30.4639    14.3949    14.3915    4941.13    34.9870     1.8495     2.6432     32.096     82.600      7.724  0.000e+00
    463.500     80.797   4.230293     1.1273    -0.0781     80.338    26.0776    30.4480    14.3820    14.3786    4940.91    34.9622     1.8359     2.6237     31.846     81.991      7.723  0.000e+00
    463.750     80.915   4.226837     1.1242    -0.0543     80.455    26.0702    30.4410    14.3631    14.3596    4940.66    34.9474     1.8201     2.6011     31.557     81.286      7.722  0.000e+00
    464.000     81.070   4.224613     1.1209    -0.0722     80.609    26.0772    30.4485    14.3378    14.3344    4940.41    34.9495     1.8073     2.5828     31.320     80.714      7.722  0.000e+00
    464.250     81.249   4.221587     1.1176    -0.0702     80.787    26.0782    30.4500    14.3130    14.3096    4940.14    34.9439     1.7967     2.5677     31.120     80.241      7.719  0.000e+00
    464.500     81.448   4.218284     1.1121    -0.0603     80.984    26.0765    30.4488    14.2889    14.2855    4939.86    34.9351     1.7758     2.5378     30.741     79.308      7.717  0.000e+00
    464.750     81.665   4.214832     1.1061    -0.0861     81.200    26.0752    30.4481    14.2631    14.2597    4939.56    34.9263     1.7540     2.5066     30.346     78.333      7.720  0.000e+00
    465.000     81.863   4.211728     1.0987    -0.0841     81.397    26.0778    30.4511    14.2359    14.2325    4939.27    34.9221     1.7248     2.4649     29.823     77.029      7.715  0.000e+00
    465.250     82.061   4.206337     1.0885    -0.0861     81.594    26.0650    30.4391    14.2074    14.2040    4938.89    34.8978     1.6816     2.4032     29.056     75.100      7.714  0.000e+00
    465.500     82.247   4.204104     1.0783    -0.0702     81.779    26.0786    30.4533    14.1748    14.1714    4938.59    34.9065     1.6352     2.3369     28.238     73.030      7.713  0.000e+00
    465.750     82.396   4.203528     1.0666    -0.0861     81.927    26.1025    30.4776    14.1440    14.1406    4938.35    34.9290     1.5822     2.2611     27.308     70.659      7.708  0.000e+00
    466.000     82.538   4.203073     1.0537    -0.0682     82.069    26.1181    30.4934    14.1234    14.1200    4938.20    34.9434     1.5233     2.1770     26.284     68.033      7.706  0.000e+00
    466.250     82.668   4.203128     1.0386    -0.0623     82.198    26.1305    30.5060    14.1101    14.1067    4938.11    34.9559     1.4561     2.0809     25.119     65.028      7.700  0.000e+00
    466.500     82.805   4.203589     1.0224    -0.0702     82.333    26.1408    30.5164    14.1024    14.0990    4938.08    34.9671     1.3850     1.9793     23.891     61.854      7.702  0.000e+00
    466.750     82.947   4.204160     1.0059    -0.0762     82.475    26.1477    30.5233    14.0993    14.0959    4938.09    34.9752     1.3135     1.8771     22.656     58.659      7.700  0.000e+00
    467.000     83.090   4.203875     0.9906    -0.0781     82.617    26.1455    30.5211    14.0994    14.0960    4938.09    34.9724     1.2495     1.7857     21.553     55.803      7.700  0.000e+00
    467.250     83.251   4.204472     0.9775    -0.0801     82.777    26.1493    30.5249    14.0999    14.0965    4938.12    34.9775     1.1985     1.7128     20.675     53.527      7.697  0.000e+00
    467.500     83.406   4.205164     0.9666    -0.0722     82.931    26.1532    30.5287    14.1010    14.0976    4938.16    34.9828     1.1613     1.6596     20.033     51.862      7.699  0.000e+00
    467.750     83.585   4.208145     0.9576    -0.0702     83.109    26.1711    30.5464    14.1048    14.1014    4938.30    35.0070     1.1377     1.6259     19.631     50.810      7.697  0.000e+00
    468.000     83.765   4.209061     0.9537    -0.0781     83.288    26.1685    30.5436    14.1148    14.1114    4938.42    35.0064     1.1419     1.6319     19.707     50.999      7.698  0.000e+00
    468.250     83.932   4.209720     0.9489    -0.0524     83.454    26.1637    30.5386    14.1252    14.1218    4938.52    35.0030     1.1507     1.6444     19.862     51.389      7.696  0.000e+00
    468.500     84.069   4.209863     0.9473    -0.0781     83.590    26.1567    30.5315    14.1339    14.1305    4938.60    34.9963     1.1746     1.6786     20.278     52.457      7.696  0.000e+00
    468.750     84.230   4.211391     0.9479    -0.0623     83.750    26.1624    30.5370    14.1397    14.1363    4938.70    35.0052     1.2090     1.7277     20.875     53.992      7.699  0.000e+00
    469.000     84.391   4.213055     0.9497    -0.0563     83.910    26.1682    30.5427    14.1463    14.1429    4938.82    35.0146     1.2464     1.7812     21.525     55.665      7.699  0.000e+00
    469.250     84.583   4.214230     0.9541    -0.0563     84.101    26.1688    30.5431    14.1549    14.1515    4938.93    35.0176     1.2916     1.8459     22.310     57.684      7.699  0.000e+00
    469.500     84.781   4.214400     0.9599    -0.0781     84.298    26.1619    30.5361    14.1637    14.1603    4939.01    35.0111     1.3397     1.9146     23.145     59.833      7.697  0.000e+00
    469.750     84.979   4.213918     0.9658    -0.0801     84.495    26.1529    30.5271    14.1696    14.1662    4939.04    35.0012     1.3850     1.9793     23.928     61.853      7.698  0.000e+00
    470.000     85.171   4.213544     0.9751    -0.0702     84.686    26.1486    30.5227    14.1714    14.1680    4939.05    34.9960     1.4393     2.0569     24.867     64.280      7.699  0.000e+00
    470.250     85.339   4.213198     0.9837    -0.0682     84.852    26.1471    30.5214    14.1702    14.1668    4939.04    34.9939     1.4906     2.1303     25.752     66.572      7.699  0.000e+00
    470.500     85.481   4.212967     0.9941    -0.0623     84.994    26.1473    30.5216    14.1681    14.1647    4939.03    34.9935     1.5448     2.2077     26.687     68.991      7.699  0.000e+00
    470.750     85.580   4.212967     1.0041    -0.0722     85.092    26.1496    30.5239    14.1656    14.1622    4939.01    34.9957     1.5945     2.2787     27.544     71.209      7.700  0.000e+00
    471.000     85.667   4.212709     1.0141    -0.0682     85.179    26.1494    30.5237    14.1638    14.1604    4939.00    34.9950     1.6412     2.3455     28.350     73.297      7.702  0.000e+00
    471.250     85.772   4.212478     1.0217    -0.0643     85.284    26.1491    30.5235    14.1622    14.1588    4938.98    34.9942     1.6735     2.3915     28.906     74.736      7.702  0.000e+00
    471.500     85.909   4.212335     1.0277    -0.0643     85.419    26.1496    30.5240    14.1605    14.1571    4938.97    34.9944     1.6947     2.4218     29.271     75.684      7.702  0.000e+00
    471.750     86.107   4.212050     1.0331    -0.0702     85.616    26.1491    30.5235    14.1588    14.1554    4938.96    34.9932     1.7081     2.4411     29.502     76.284      7.702  0.000e+00
    472.000     86.311   4.212247     1.0378    -0.0841     85.819    26.1522    30.5267    14.1568    14.1534    4938.96    34.9967     1.7136     2.4489     29.596     76.528      7.703  0.000e+00
    472.250     86.528   4.211935     1.0396    -0.0643     86.035    26.1507    30.5252    14.1560    14.1526    4938.96    34.9945     1.7055     2.4374     29.457     76.169      7.703  0.000e+00
    472.500     86.739   4.210787     1.0421    -0.0702     86.244    26.1433    30.5179    14.1549    14.1515    4938.92    34.9848     1.6966     2.4246     29.300     75.770      7.701  0.000e+00
    472.750     86.919   4.209551     1.0435    -0.0682     86.423    26.1381    30.5129    14.1508    14.1474    4938.86    34.9769     1.6845     2.4073     29.086     75.228      7.702  0.000e+00
    473.000     87.074   4.209463     1.0453    -0.0623     86.577    26.1441    30.5189    14.1436    14.1402    4938.81    34.9826     1.6751     2.3939     28.921     74.810      7.702  0.000e+00
    473.250     87.191   4.209348     1.0461    -0.0682     86.694    26.1482    30.5231    14.1381    14.1347    4938.77    34.9865     1.6658     2.3806     28.759     74.396      7.701  0.000e+00
    473.500     87.296   4.209266     1.0473    -0.0682     86.799    26.1507    30.5257    14.1347    14.1313    4938.75    34.9887     1.6603     2.3727     28.661     74.148      7.704  0.000e+00
    473.750     87.427   4.209036     1.0454    -0.0563     86.928    26.1509    30.5259    14.1326    14.1292    4938.74    34.9884     1.6438     2.3492     28.376     73.412      7.701  0.000e+00
    474.000     87.606   4.208805     1.0443    -0.0623     87.106    26.1511    30.5261    14.1305    14.1271    4938.72    34.9881     1.6314     2.3314     28.160     72.857      7.702  0.000e+00
    474.250     87.811   4.207746     1.0418    -0.0762     87.310    26.1450    30.5201    14.1288    14.1254    4938.68    34.9797     1.6154     2.3085     27.881     72.142      7.700  0.000e+00
    474.500     88.034   4.207318     1.0394    -0.0801     87.532    26.1455    30.5208    14.1247    14.1214    4938.65    34.9793     1.5982     2.2840     27.583     71.375      7.701  0.000e+00
    474.750     88.220   4.206768     1.0376    -0.0762     87.716    26.1460    30.5214    14.1198    14.1164    4938.60    34.9786     1.5842     2.2640     27.339     70.751      7.700  0.000e+00
    475.000     88.387   4.205621     1.0354    -0.0543     87.883    26.1424    30.5179    14.1147    14.1113    4938.54    34.9725     1.5701     2.2439     27.091     70.122      7.697  0.000e+00
    475.250     88.511   4.205363     1.0333    -0.0762     88.006    26.1470    30.5226    14.1076    14.1043    4938.48    34.9765     1.5580     2.2265     26.879     69.580      7.697  0.000e+00
    475.500     88.616   4.205078     1.0292    -0.0623     88.111    26.1510    30.5267    14.1009    14.0976    4938.43    34.9799     1.5395     2.2002     26.558     68.756      7.700  0.000e+00
    475.750     88.721   4.205051     1.0268    -0.0781     88.215    26.1550    30.5308    14.0963    14.0929    4938.40    34.9838     1.5298     2.1863     26.389     68.323      7.697  0.000e+00
    476.000     88.821   4.204705     1.0230    -0.0722     88.314    26.1549    30.5307    14.0937    14.0903    4938.38    34.9829     1.5144     2.1643     26.121     67.634      7.700  0.000e+00
    476.250     88.957   4.203877     1.0226    -0.0623     88.449    26.1513    30.5272    14.0911    14.0877    4938.34    34.9775     1.5136     2.1632     26.105     67.599      7.702  0.000e+00
    476.500     89.106   4.203389     1.0204    -0.0722     88.597    26.1517    30.5277    14.0867    14.0833    4938.29    34.9769     1.5073     2.1540     25.993     67.314      7.701  0.000e+00
    476.750     89.279   4.203273     1.0194    -0.0702     88.770    26.1555    30.5315    14.0816    14.0782    4938.26    34.9804     1.5060     2.1522     25.969     67.258      7.696  0.000e+00
    477.000     89.484   4.202873     1.0182    -0.0702     88.973    26.1560    30.5322    14.0778    14.0744    4938.23    34.9801     1.5055     2.1515     25.958     67.235      7.699  0.000e+00
    477.250     89.707   4.202276     1.0164    -0.0702     89.194    26.1550    30.5313    14.0741    14.0707    4938.20    34.9778     1.5034     2.1485     25.920     67.141      7.696  0.000e+00
    477.500     89.917   4.201618     1.0151    -0.0623     89.404    26.1541    30.5304    14.0698    14.0665    4938.15    34.9754     1.5041     2.1495     25.929     67.173      7.696  0.000e+00
    477.750     90.109   4.200471     1.0159    -0.0801     89.595    26.1506    30.5271    14.0646    14.0612    4938.09    34.9694     1.5113     2.1597     26.049     67.493      7.699  0.000e+00
    478.000     90.283   4.199467     1.0143    -0.0643     89.767    26.1502    30.5269    14.0570    14.0536    4938.00    34.9669     1.5098     2.1577     26.020     67.428      7.699  0.000e+00
    478.250     90.438   4.199182     1.0144    -0.0702     89.921    26.1561    30.5329    14.0482    14.0449    4937.94    34.9722     1.5121     2.1609     26.055     67.529      7.697  0.000e+00
    478.500     90.555   4.198470     1.0139    -0.0801     90.038    26.1574    30.5344    14.0412    14.0378    4937.87    34.9719     1.5138     2.1634     26.082     67.608      7.695  0.000e+00
    478.750     90.661   4.197263     1.0128    -0.0722     90.143    26.1544    30.5315    14.0349    14.0316    4937.79    34.9663     1.5121     2.1609     26.047     67.530      7.700  0.000e+00
    479.000     90.778   4.196178     1.0120    -0.0563     90.260    26.1540    30.5312    14.0268    14.0234    4937.70    34.9635     1.5109     2.1592     26.022     67.477      7.696  0.000e+00
    479.250     90.890   4.194808     1.0105    -0.0722     90.371    26.1529    30.5303    14.0172    14.0138    4937.59    34.9594     1.5067     2.1533     25.945     67.291      7.695  0.000e+00
    479.500     91.032   4.193412     1.0099    -0.0623     90.512    26.1530    30.5307    14.0059    14.0025    4937.46    34.9566     1.5043     2.1498     25.896     67.182      7.695  0.000e+00
    479.750     91.200   4.192835     1.0086    -0.0781     90.679    26.1601    30.5380    13.9936    13.9903    4937.36    34.9623     1.4981     2.1410     25.785     66.907      7.698  0.000e+00
    480.000     91.379   4.192612     1.0086    -0.0801     90.857    26.1681    30.5461    13.9830    13.9797    4937.29    34.9698     1.4991     2.1424     25.797     66.950      7.695  0.000e+00
    480.250     91.565   4.192354     1.0070    -0.0543     91.042    26.1727    30.5509    13.9758    13.9725    4937.24    34.9739     1.4929     2.1335     25.688     66.674      7.694  0.000e+00
    480.500     91.782   4.192212     1.0064    -0.0762     91.258    26.1759    30.5541    13.9711    13.9678    4937.21    34.9767     1.4908     2.1305     25.649     66.578      7.695  0.000e+00
    480.750     91.987   4.191867     1.0064    -0.0603     91.461    26.1764    30.5547    13.9678    13.9645    4937.19    34.9764     1.4925     2.1329     25.676     66.655      7.694  0.000e+00
    481.000     92.197   4.191955     1.0065    -0.0781     91.670    26.1797    30.5581    13.9648    13.9614    4937.18    34.9799     1.4948     2.1362     25.715     66.757      7.693  0.000e+00
    481.250     92.358   4.191928     1.0066    -0.0623     91.830    26.1812    30.5595    13.9629    13.9596    4937.17    34.9813     1.4976     2.1403     25.763     66.885      7.696  0.000e+00
    481.500     92.532   4.191555     1.0060    -0.0781     92.003    26.1795    30.5579    13.9618    13.9584    4937.16    34.9788     1.4973     2.1398     25.756     66.869      7.697  0.000e+00
    481.750     92.681   4.191494     1.0071    -0.0702     92.151    26.1803    30.5588    13.9603    13.9570    4937.16    34.9795     1.5040     2.1493     25.871     67.168      7.692  0.000e+00
    482.000     92.817   4.191528     1.0063    -0.0722     92.286    26.1819    30.5603    13.9589    13.9555    4937.15    34.9811     1.5026     2.1473     25.846     67.104      7.692  0.000e+00
