cruises/baja2025/cnv/20250504_cast4.cnv
* Sea-Bird SBE19plus Data File:
* FileName = C:\Users\ScienceTech\OneDrive - Western Flyer Foundation\Desktop\ProfilingCTD\data\Leg 3\20250504_PP500K_cast1.hex
* Software Version 1.59
* Temperature SN =  8289
* Conductivity SN =  8289
* System UpLoad Time = May 04 2025 19:41:13
** PP500K
** 2150Z
** Lat 27-31.53'N
** Lon 112-17.75'W
** Depth 511m
# nquan = 18
# nvalues = 7781                                  
# units = specified
# name 0 = timeS: Time, Elapsed [seconds]
# name 1 = prdM: Pressure, Strain Gauge [db]
# name 2 = c0S/m: Conductivity [S/m]
# name 3 = sbeox0V: Oxygen raw, SBE 43 [V]
# name 4 = flECO-AFL: Fluorescence, WET Labs ECO-AFL/FL [mg/m^3]
# name 5 = depSM: Depth [salt water, m], lat = 0.00
# name 6 = sigma-t00: Density [sigma-t, kg/m^3 ]
# name 7 = sigma-100: Density [sigma-1, kg/m^3 ]
# name 8 = tv268C: Temperature [IPTS-68, deg C]
# name 9 = tv290C: Temperature [ITS-90, deg C]
# name 10 = svCF: Sound Velocity [Chen-Millero, ft/s]
# name 11 = sal00: Salinity, Practical [PSU]
# name 12 = sbeox0ML/L: Oxygen, SBE 43 [ml/l]
# name 13 = sbeox0Mg/L: Oxygen, SBE 43 [mg/l]
# name 14 = sbeox0PS: Oxygen, SBE 43 [% saturation]
# name 15 = sbeox0Mm/L: Oxygen, SBE 43 [umol/l]
# name 16 = ph: pH
# name 17 = flag:  0.000e+00
# span 0 =      0.000,   1945.000                 
# span 1 =     -0.210,    150.118                 
# span 2 =   0.033760,   4.923556                 
# span 3 =     1.1558,     3.1089                 
# span 4 =    -0.1654,   128.7396                 
# span 5 =     -0.209,    149.239                 
# span 6 =    -2.4098,    26.3076                 
# span 7 =     2.0269,    30.6962                 
# span 8 =    13.4461,    23.4590                 
# span 9 =    13.4428,    23.4533                 
# span 10 =    4859.99,    5007.78                
# span 11 =     0.1773,    36.0445                
# span 12 =     2.0094,     7.3280                
# span 13 =     2.8716,    10.4724                
# span 14 =     34.208,    140.880                
# span 15 =     89.739,    327.268                
# span 16 =      7.677,      8.272                
# span 17 = 0.0000e+00, 0.0000e+00                
# interval = seconds: 0.25
# start_time = May 04 2025 14:49:34 [Instrument's time stamp, header]
# bad_flag = -9.990e-29
*END*
[from data line 3860]
    965.000     -0.188   0.250244     2.6850    -0.0643     -0.187    -0.6068     3.8894    19.6191    19.6144    4864.98     1.4522     7.2719    10.3922    114.398    324.762      7.983  0.000e+00
    965.250     -0.188   0.251682     2.6853    -0.0603     -0.187    -0.6000     3.8962    19.6188    19.6141    4865.01     1.4610     7.2723    10.3929    114.410    324.782      7.979  0.000e+00
    965.500     -0.194   0.251891     2.6855    -0.0881     -0.193    -0.5990     3.8971    19.6187    19.6140    4865.01     1.4623     7.2732    10.3941    114.424    324.820      7.978  0.000e+00
    965.750     -0.194   0.250973     2.6860    -0.0643     -0.193    -0.6033     3.8929    19.6186    19.6139    4864.99     1.4567     7.2749    10.3966    114.447    324.897      7.977  0.000e+00
    966.000     -0.188   0.249280     2.6863    -0.0623     -0.187    -0.6112     3.8851    19.6185    19.6138    4864.95     1.4463     7.2771    10.3997    114.475    324.996      7.977  0.000e+00
    966.250     -0.188   0.246831     2.6849    -0.0682     -0.187    -0.6227     3.8737    19.6191    19.6144    4864.90     1.4313     7.2718    10.3921    114.382    324.757      7.980  0.000e+00
    966.500     -0.194   0.243102     2.6853    -0.0722     -0.193    -0.6401     3.8564    19.6193    19.6146    4864.82     1.4085     7.2735    10.3945    114.394    324.834      7.980  0.000e+00
    966.750     -0.194   0.237846     2.6852    -0.0623     -0.193    -0.6647     3.8321    19.6197    19.6150    4864.70     1.3764     7.2745    10.3959    114.389    324.878      7.978  0.000e+00
    967.000     -0.188   0.231069     2.6849    -0.0702     -0.187    -0.6962     3.8008    19.6199    19.6152    4864.55     1.3351     7.2750    10.3968    114.370    324.903      7.981  0.000e+00
    967.250     -0.188   0.226261     2.6845    -0.0643     -0.187    -0.7185     3.7787    19.6201    19.6154    4864.44     1.3058     7.2736    10.3947    114.329    324.839      7.983  0.000e+00
    967.500     -0.194   0.235899     2.6848    -0.0563     -0.193    -0.6739     3.8229    19.6203    19.6156    4864.66     1.3645     7.2716    10.3919    114.337    324.751      7.981  0.000e+00
    967.750     -0.188   0.240121     2.6854    -0.0643     -0.187    -0.6543     3.8424    19.6205    19.6157    4864.76     1.3903     7.2729    10.3937    114.376    324.809      7.984  0.000e+00
    968.000     -0.194   0.241101     2.6844    -0.0603     -0.193    -0.6497     3.8469    19.6203    19.6156    4864.78     1.3963     7.2694    10.3887    114.324    324.652      7.983  0.000e+00
    968.250     -0.188   0.241980     2.6849    -0.0623     -0.187    -0.6456     3.8509    19.6205    19.6158    4864.80     1.4016     7.2720    10.3925    114.370    324.770      7.980  0.000e+00
    968.500     -0.188   0.237645     2.6849    -0.0623     -0.187    -0.6659     3.8309    19.6207    19.6160    4864.71     1.3752     7.2728    10.3935    114.364    324.802      7.982  0.000e+00
    968.750     -0.194   0.236396     2.6857    -0.0543     -0.193    -0.6717     3.8251    19.6210    19.6163    4864.68     1.3675     7.2769    10.3994    114.424    324.986      7.982  0.000e+00
    969.000     -0.194   0.238608     2.6850    -0.0702     -0.193    -0.6616     3.8351    19.6217    19.6169    4864.74     1.3810     7.2742    10.3955    114.392    324.865      7.983  0.000e+00
    969.250     -0.194   0.238133     2.6852    -0.0781     -0.193    -0.6639     3.8328    19.6220    19.6173    4864.73     1.3781     7.2749    10.3966    114.403    324.899      7.985  0.000e+00
    969.500     -0.175   0.234881     2.6850    -0.0603     -0.174    -0.6791     3.8177    19.6224    19.6177    4864.66     1.3583     7.2748    10.3964    114.388    324.892      7.986  0.000e+00
    969.750     -0.181   0.230306     2.6849    -0.0722     -0.180    -0.7004     3.7966    19.6227    19.6180    4864.56     1.3304     7.2750    10.3967    114.373    324.903      7.987  0.000e+00
    970.000     -0.188   0.238894     2.6849    -0.0722     -0.187    -0.6606     3.8360    19.6233    19.6186    4864.76     1.3827     7.2729    10.3937    114.376    324.807      7.988  0.000e+00
    970.250     -0.175   0.242765     2.6852    -0.0543     -0.174    -0.6425     3.8539    19.6230    19.6182    4864.85     1.4064     7.2729    10.3936    114.391    324.806      7.987  0.000e+00
    970.500     -0.194   0.237210     2.6850    -0.0841     -0.193    -0.6686     3.8281    19.6237    19.6190    4864.73     1.3724     7.2732    10.3942    114.376    324.822      7.985  0.000e+00
    970.750     -0.194   0.234661     2.6852    -0.0702     -0.193    -0.6805     3.8163    19.6240    19.6193    4864.67     1.3569     7.2745    10.3960    114.386    324.881      7.983  0.000e+00
    971.000     -0.188   0.225723     2.6852    -0.0722     -0.187    -0.7219     3.7752    19.6240    19.6193    4864.47     1.3025     7.2775    10.4003    114.397    325.015      7.985  0.000e+00
    971.250     -0.188   0.218561     2.6852    -0.0702     -0.186    -0.7551     3.7423    19.6243    19.6196    4864.31     1.2590     7.2794    10.4030    114.398    325.099      7.986  0.000e+00
    971.500     -0.200   0.216018     2.6856    -0.0623     -0.199    -0.7670     3.7306    19.6247    19.6200    4864.25     1.2435     7.2818    10.4064    114.426    325.205      7.986  0.000e+00
    971.750     -0.187   0.218008     2.6852    -0.0722     -0.186    -0.7579     3.7396    19.6251    19.6204    4864.30     1.2556     7.2799    10.4037    114.405    325.120      7.985  0.000e+00
    972.000     -0.206   0.220363     2.6847    -0.0702     -0.205    -0.7470     3.7503    19.6254    19.6207    4864.36     1.2699     7.2767    10.3992    114.365    324.978      7.988  0.000e+00
    972.250     -0.194   0.220890     2.6859    -0.0762     -0.192    -0.7446     3.7527    19.6254    19.6207    4864.37     1.2731     7.2810    10.4053    114.435    325.171      7.987  0.000e+00
    972.500     -0.200   0.218391     2.6849    -0.0702     -0.199    -0.7562     3.7412    19.6257    19.6210    4864.31     1.2579     7.2777    10.4005    114.373    325.020      7.984  0.000e+00
    972.750     -0.181   0.211086     2.6849    -0.0543     -0.180    -0.7900     3.7077    19.6260    19.6213    4864.15     1.2136     7.2790    10.4024    114.365    325.081      7.980  0.000e+00
    973.000     -0.194   0.201205     2.6842    -0.0722     -0.193    -0.8356     3.6625    19.6261    19.6214    4863.93     1.1539     7.2787    10.4020    114.320    325.069      7.978  0.000e+00
    973.250     -0.188   0.212006     2.6842    -0.0543     -0.186    -0.7860     3.7117    19.6268    19.6220    4864.18     1.2192     7.2753    10.3971    114.312    324.915      7.976  0.000e+00
    973.500     -0.200   0.230967     2.6855    -0.0722     -0.199    -0.6982     3.7986    19.6268    19.6220    4864.61     1.3343     7.2754    10.3973    114.391    324.919      7.972  0.000e+00
    973.750     -0.187   0.233042     2.6852    -0.0722     -0.186    -0.6888     3.8080    19.6275    19.6228    4864.67     1.3469     7.2745    10.3960    114.387    324.878      7.975  0.000e+00
    974.000     -0.187   0.242234     2.6847    -0.0623     -0.186    -0.6462     3.8503    19.6279    19.6232    4864.88     1.4029     7.2702    10.3899    114.359    324.689      7.977  0.000e+00
    974.250     -0.194   0.247608     2.6857    -0.0722     -0.193    -0.6212     3.8750    19.6282    19.6235    4865.01     1.4358     7.2725    10.3931    114.418    324.790      7.974  0.000e+00
    974.500     -0.194   0.243644     2.6852    -0.0623     -0.193    -0.6398     3.8566    19.6287    19.6240    4864.92     1.4115     7.2730    10.3938    114.410    324.811      7.977  0.000e+00
    974.750     -0.194   0.244130     2.6852    -0.0643     -0.193    -0.6376     3.8587    19.6292    19.6245    4864.94     1.4145     7.2729    10.3937    114.411    324.808      7.980  0.000e+00
    975.000     -0.194   0.247671     2.6848    -0.0623     -0.193    -0.6213     3.8749    19.6297    19.6250    4865.03     1.4361     7.2700    10.3896    114.382    324.679      7.982  0.000e+00
    975.250     -0.194   0.250996     2.6849    -0.0603     -0.193    -0.6058     3.8902    19.6301    19.6254    4865.11     1.4565     7.2688    10.3879    114.378    324.625      7.982  0.000e+00
    975.500     -0.200   0.252073     2.6852    -0.0682     -0.199    -0.6009     3.8951    19.6303    19.6256    4865.13     1.4630     7.2688    10.3879    114.383    324.626      7.983  0.000e+00
    975.750     -0.200   0.245660     2.6849    -0.0702     -0.199    -0.6308     3.8654    19.6304    19.6257    4864.99     1.4238     7.2693    10.3886    114.364    324.648      7.983  0.000e+00
    976.000     -0.181   0.230694     2.6850    -0.0543     -0.180    -0.7003     3.7965    19.6302    19.6255    4864.64     1.3325     7.2739    10.3951    114.374    324.851      7.983  0.000e+00
    976.250     -0.181   0.215985     2.6855    -0.0643     -0.180    -0.7683     3.7291    19.6299    19.6252    4864.30     1.2432     7.2796    10.4032    114.402    325.105      7.982  0.000e+00
    976.500     -0.200   0.222049     2.6850     0.2353     -0.199    -0.7402     3.7570    19.6295    19.6248    4864.44     1.2800     7.2766    10.3990    114.380    324.973      7.979  0.000e+00
    976.750     -0.187   0.237184     2.6842     0.2353     -0.186    -0.6701     3.8265    19.6298    19.6251    4864.79     1.3721     7.2692    10.3884    114.326    324.642      7.978  0.000e+00
    977.000     -0.187   0.241243     2.6854     0.2254     -0.186    -0.6512     3.8452    19.6296    19.6249    4864.88     1.3968     7.2729    10.3937    114.400    324.806      7.977  0.000e+00
    977.250     -0.200   0.247800     2.6857     0.2412     -0.199    -0.6207     3.8755    19.6297    19.6250    4865.03     1.4369     7.2725    10.3931    114.422    324.790      7.979  0.000e+00
    977.500     -0.194   0.238561     2.6850    -0.0623     -0.192    -0.6637     3.8329    19.6297    19.6250    4864.82     1.3805     7.2724    10.3930    114.382    324.785      7.980  0.000e+00
    977.750     -0.206   0.224143     2.6852    -0.0722     -0.205    -0.7306     3.7665    19.6301    19.6254    4864.49     1.2927     7.2771    10.3997    114.397    324.995      7.983  0.000e+00
    978.000     -0.194   0.223166     2.6855    -0.0682     -0.192    -0.7353     3.7619    19.6307    19.6259    4864.47     1.2867     7.2781    10.4011    114.410    325.040      7.985  0.000e+00
    978.250     -0.194   0.235141     2.6852    -0.0563     -0.192    -0.6799     3.8168    19.6311    19.6264    4864.75     1.3596     7.2740    10.3953    114.396    324.858      7.988  0.000e+00
    978.500     -0.194   0.238337     2.6852    -0.0623     -0.192    -0.6651     3.8313    19.6317    19.6270    4864.83     1.3790     7.2735    10.3945    114.402    324.833      7.989  0.000e+00
    978.750     -0.194   0.240484     2.6851    -0.0762     -0.193    -0.6553     3.8411    19.6322    19.6275    4864.89     1.3921     7.2721    10.3926    114.391    324.772      7.989  0.000e+00
    979.000     -0.200   0.243363     2.6849    -0.0762     -0.199    -0.6419     3.8543    19.6324    19.6277    4864.95     1.4097     7.2696    10.3890    114.364    324.661      7.988  0.000e+00
    979.250     -0.194   0.228316     2.6842    -0.0781     -0.193    -0.7118     3.7851    19.6323    19.6276    4864.61     1.3180     7.2706    10.3904    114.317    324.704      7.986  0.000e+00
    979.500     -0.200   0.208857     2.6845    -0.0781     -0.199    -0.8018     3.6959    19.6324    19.6277    4864.16     1.2000     7.2764    10.3988    114.330    324.966      7.987  0.000e+00
    979.750     -0.181   0.191241     2.6847    -0.0702     -0.180    -0.8827     3.6157    19.6324    19.6277    4863.76     1.0938     7.2816    10.4061    114.339    325.195      7.984  0.000e+00
    980.000     -0.187   0.186270     2.6852    -0.0643     -0.186    -0.9056     3.5930    19.6328    19.6281    4863.65     1.0639     7.2851    10.4111    114.375    325.353      7.981  0.000e+00
    980.250     -0.193   0.205339     2.6852    -0.0623     -0.192    -0.8181     3.6797    19.6330    19.6283    4864.09     1.1787     7.2809    10.4051    114.386    325.164      7.981  0.000e+00
    980.500     -0.193   0.209675     2.6845    -0.0781     -0.192    -0.7982     3.6995    19.6332    19.6284    4864.19     1.2049     7.2771    10.3997    114.345    324.994      7.980  0.000e+00
    980.750     -0.181   0.206025     2.6855    -0.0702     -0.180    -0.8149     3.6829    19.6330    19.6283    4864.11     1.1828     7.2826    10.4076    114.416    325.242      7.981  0.000e+00
    981.000     -0.193   0.209460     2.6854    -0.0781     -0.192    -0.7992     3.6984    19.6333    19.6286    4864.19     1.2036     7.2817    10.4063    114.418    325.203      7.981  0.000e+00
    981.250     -0.187   0.226068     2.6856    -0.0781     -0.186    -0.7225     3.7744    19.6336    19.6289    4864.57     1.3043     7.2787    10.4020    114.439    325.068      7.982  0.000e+00
    981.500     -0.193   0.237134     2.6847    -0.0543     -0.192    -0.6713     3.8252    19.6341    19.6294    4864.83     1.3716     7.2717    10.3920    114.375    324.754      7.986  0.000e+00
    981.750     -0.193   0.237058     2.6846    -0.0623     -0.192    -0.6717     3.8248    19.6344    19.6297    4864.83     1.3711     7.2702    10.3898    114.352    324.687      7.986  0.000e+00
    982.000     -0.200   0.241214     2.6856    -0.0623     -0.199    -0.6525     3.8438    19.6348    19.6301    4864.93     1.3965     7.2727    10.3935    114.410    324.801      7.982  0.000e+00
    982.250     -0.187   0.240808     2.6847    -0.0603     -0.186    -0.6545     3.8418    19.6353    19.6306    4864.93     1.3940     7.2694    10.3887    114.357    324.652      7.981  0.000e+00
    982.500     -0.194   0.226268     2.6852    -0.0722     -0.192    -0.7221     3.7748    19.6359    19.6312    4864.60     1.3054     7.2752    10.3970    114.389    324.909      7.983  0.000e+00
    982.750     -0.200   0.208590     2.6841    -0.0623     -0.199    -0.8039     3.6937    19.6365    19.6318    4864.20     1.1982     7.2744    10.3959    114.306    324.875      7.983  0.000e+00
    983.000     -0.187   0.198200     2.6845    -0.0623     -0.186    -0.8518     3.6462    19.6370    19.6323    4863.97     1.1355     7.2784    10.4015    114.327    325.051      7.986  0.000e+00
    983.250     -0.181   0.216658     2.6844    -0.0801     -0.180    -0.7668     3.7304    19.6371    19.6324    4864.39     1.2470     7.2733    10.3943    114.323    324.826      7.986  0.000e+00
    983.500     -0.193   0.217802     2.6852    -0.0722     -0.192    -0.7615     3.7357    19.6370    19.6323    4864.41     1.2540     7.2770    10.3996    114.385    324.991      7.986  0.000e+00
    983.750     -0.187   0.212841     2.6850    -0.0682     -0.186    -0.7844     3.7130    19.6370    19.6323    4864.30     1.2239     7.2776    10.4005    114.375    325.019      7.986  0.000e+00
    984.000     -0.187   0.212130     2.6850    -0.0563     -0.186    -0.7877     3.7097    19.6371    19.6323    4864.29     1.2196     7.2777    10.4005    114.373    325.021      7.988  0.000e+00
    984.250     -0.193   0.206146     2.6849    -0.0722     -0.192    -0.8153     3.6824    19.6371    19.6324    4864.15     1.1834     7.2795    10.4031    114.377    325.100      7.986  0.000e+00
    984.500     -0.181   0.200520     2.6857    -0.0682     -0.180    -0.8413     3.6566    19.6377    19.6330    4864.03     1.1495     7.2843    10.4100    114.431    325.318      7.989  0.000e+00
