cruises/baja2025/cnv/20250506_cast2.cnv
* Sea-Bird SBE19plus Data File:
* FileName = C:\Users\ScienceTech\OneDrive - Western Flyer Foundation\Desktop\ProfilingCTD\data\2025\Gulf of California\Leg 3\raw data\20250506_PP130_cast1.hex
* Software Version 1.59
* Temperature SN =  8289
* Conductivity SN =  8289
* System UpLoad Time = May 07 2025 17:09:02
** "PP130"
** 27-30.89'N
** 112-19.05'W
** Depth 120m
# nquan = 18
# nvalues = 3201                                  
# units = specified
# name 0 = timeS: Time, Elapsed [seconds]
# name 1 = prdM: Pressure, Strain Gauge [db]
# name 2 = c0S/m: Conductivity [S/m]
# name 3 = sbeox0V: Oxygen raw, SBE 43 [V]
# name 4 = flECO-AFL: Fluorescence, WET Labs ECO-AFL/FL [mg/m^3]
# name 5 = depSM: Depth [salt water, m], lat = 0.00
# name 6 = sigma-t00: Density [sigma-t, kg/m^3 ]
# name 7 = sigma-100: Density [sigma-1, kg/m^3 ]
# name 8 = tv268C: Temperature [IPTS-68, deg C]
# name 9 = tv290C: Temperature [ITS-90, deg C]
# name 10 = svCF: Sound Velocity [Chen-Millero, ft/s]
# name 11 = sal00: Salinity, Practical [PSU]
# name 12 = sbeox0ML/L: Oxygen, SBE 43 [ml/l]
# name 13 = sbeox0Mg/L: Oxygen, SBE 43 [mg/l]
# name 14 = sbeox0PS: Oxygen, SBE 43 [% saturation]
# name 15 = sbeox0Mm/L: Oxygen, SBE 43 [umol/l]
# name 16 = ph: pH
# name 17 = flag:  0.000e+00
# span 0 =      0.000,    800.000                 
# span 1 =     -0.134,    131.549                 
# span 2 =  -0.194136,   4.871799                 
# span 3 =     1.3604,     2.6837                 
# span 4 =    -0.1079,   128.7654                 
# span 5 =     -0.133,    130.784                 
# span 6 =    -3.0275,    26.2262                 
# span 7 =     1.3804,    30.5074                 
# span 8 =    14.7516,    25.3102                 
# span 9 =    14.7480,    25.3042                 
# span 10 =    4851.72,    5009.60                
# span 11 =     0.0000,    36.5160                
# span 12 =     2.5617,     6.9929                
# span 13 =     3.6610,     9.9936                
# span 14 =     44.831,    123.010                
# span 15 =    114.408,    312.304                
# span 16 =      7.412,      8.140                
# span 17 = 0.0000e+00, 0.0000e+00                
# interval = seconds: 0.25
# start_time = May 06 2025 14:00:17 [Instrument's time stamp, header]
# bad_flag = -9.990e-29
*END*
[from data line 242]
     60.500      6.110   4.838219     1.9878     0.8482      6.076    25.8576    30.1365    19.1230    19.1184    4988.14    36.1338     4.0440     5.7793     77.409    180.607      8.127  0.000e+00
     60.750      6.091   4.829163     1.9827     0.8463      6.058    25.7173    29.9957    19.2122    19.2076    4988.40    35.9804     4.0076     5.7272     76.768    178.979      8.131  0.000e+00
     61.000      6.085   4.815260     1.9793     0.8423      6.052    25.5796    29.8581    19.2654    19.2608    4988.29    35.8182     3.9869     5.6976     76.373    178.054      8.129  0.000e+00
     61.250      6.098   4.802465     1.9787     0.7848      6.064    25.4788    29.7578    19.2863    19.2817    4988.02    35.6934     3.9822     5.6909     76.255    177.843      8.128  0.000e+00
     61.500      6.116   4.789656     1.9830     0.5507      6.083    25.3881    29.6677    19.2961    19.2915    4987.69    35.5781     4.0001     5.7166     76.561    178.646      8.130  0.000e+00
     61.750      6.135   4.783095     1.9930     0.5487      6.101    25.3530    29.6330    19.2888    19.2841    4987.44    35.5297     4.0446     5.7801     77.379    180.631      8.128  0.000e+00
     62.000      6.147   4.781356     2.0069     0.5566      6.113    25.3588    29.6391    19.2703    19.2656    4987.28    35.5310     4.1081     5.8709     78.568    183.468      8.128  0.000e+00
     62.250      6.166   4.763202     2.0214     0.5487      6.132    25.2786    29.5603    19.2312    19.2265    4986.48    35.4129     4.1845     5.9800     79.914    186.878      8.132  0.000e+00
     62.500      6.160   4.690788     2.0268     0.5943      6.126    24.8789    29.1651    19.1628    19.1582    4983.83    34.8668     4.2443     6.0655     80.690    189.548      8.128  0.000e+00
     62.750      6.141   4.685614     2.0384     0.5864      6.107    25.0086    29.2969    18.9819    18.9773    4982.55    34.9759     4.3128     6.1634     81.772    192.610      8.130  0.000e+00
     63.000      6.141   4.685617     2.0908     0.5606      6.107    25.1688    29.4590    18.8043    18.7998    4981.44    35.1265     4.5188     6.4579     85.472    201.812      8.132  0.000e+00
     63.250      6.116   4.685306     2.1836     0.5666      6.083    25.2638    29.5552    18.6972    18.6927    4980.77    35.2151     4.8776     6.9705     92.121    217.832      8.132  0.000e+00
     63.500      6.104   4.685620     2.2830     0.5487      6.070    25.3179    29.6099    18.6397    18.6352    4980.42    35.2669     5.2854     7.5533     99.747    236.044      8.131  0.000e+00
     63.750      6.098   4.686656     2.3716     0.5547      6.064    25.3491    29.6413    18.6127    18.6083    4980.28    35.2988     5.6729     8.1071    107.027    253.351      8.133  0.000e+00
     64.000      6.085   4.687189     2.4437     0.5447      6.052    25.3591    29.6514    18.6055    18.6010    4980.25    35.3095     6.0038     8.5800    113.262    268.130      8.129  0.000e+00
     64.250      6.073   4.687501     2.5007     0.5487      6.039    25.3601    29.6523    18.6066    18.6022    4980.27    35.3112     6.2642     8.9521    118.177    279.757      8.133  0.000e+00
     64.500      6.092   4.686557     2.5419     0.5705      6.058    25.3526    29.6449    18.6082    18.6037    4980.25    35.3019     6.4355     9.1970    121.407    287.411      8.131  0.000e+00
     64.750      6.104   4.683768     2.5749     0.5943      6.070    25.3375    29.6300    18.6049    18.6005    4980.14    35.2811     6.5217     9.3202    123.010    291.260      8.129  0.000e+00
     65.000      6.135   4.681830     2.5995     0.5745      6.101    25.3353    29.6281    18.5935    18.5890    4980.01    35.2745     6.5165     9.3127    122.881    291.026      8.129  0.000e+00
     65.250      6.160   4.680823     2.6161     0.5983      6.126    25.3440    29.6370    18.5767    18.5723    4979.88    35.2803     6.4484     9.2154    121.563    287.987      8.132  0.000e+00
     65.500      6.184   4.680546     2.6301     0.5745      6.150    25.3555    29.6487    18.5621    18.5576    4979.78    35.2906     6.3714     9.1054    120.086    284.547      8.132  0.000e+00
     65.750      6.197   4.680355     2.6411     0.9573      6.162    25.3637    29.6570    18.5517    18.5472    4979.71    35.2978     6.3016     9.0056    118.752    281.429      8.133  0.000e+00
     66.000      6.197   4.680511     2.6494     0.9692      6.163    25.3706    29.6639    18.5453    18.5408    4979.67    35.3047     6.2443     8.9237    117.663    278.871      8.133  0.000e+00
     66.250      6.184   4.680611     2.6537     0.9573      6.150    25.3741    29.6674    18.5421    18.5377    4979.66    35.3082     6.1928     8.8501    116.688    276.569      8.133  0.000e+00
     66.500      6.166   4.681611     2.6564     0.9554      6.132    25.3814    29.6746    18.5412    18.5368    4979.68    35.3174     6.1512     8.7907    115.909    274.713      8.130  0.000e+00
     66.750      6.141   4.683016     2.6584     0.5745      6.107    25.3883    29.6815    18.5436    18.5391    4979.74    35.3273     6.1175     8.7425    115.286    273.207      8.131  0.000e+00
     67.000      6.116   4.684244     2.6619     0.5824      6.082    25.3889    29.6819    18.5517    18.5472    4979.83    35.3308     6.0985     8.7154    114.948    272.361      8.132  0.000e+00
     67.250      6.079   4.684932     2.6668     0.5884      6.045    25.3835    29.6763    18.5626    18.5582    4979.91    35.3272     6.0934     8.7080    114.872    272.129      8.130  0.000e+00
     67.500      6.048   4.684932     2.6660     0.5884      6.014    25.3744    29.6671    18.5726    18.5682    4979.97    35.3186     6.0743     8.6808    114.528    271.278      8.129  0.000e+00
     67.750      6.029   4.685116     2.6652     0.7451      5.996    25.3700    29.6627    18.5787    18.5743    4980.02    35.3150     6.0586     8.6583    114.242    270.576      8.132  0.000e+00
     68.000      6.029   4.685244     2.6655     0.7471      5.996    25.3670    29.6597    18.5829    18.5785    4980.05    35.3125     6.0500     8.6460    114.087    270.192      8.130  0.000e+00
     68.250      6.023   4.685649     2.6693     0.7451      5.990    25.3662    29.6587    18.5868    18.5823    4980.08    35.3126     6.0569     8.6560    114.227    270.503      8.129  0.000e+00
     68.500      6.029   4.684960     2.6716     0.7391      5.996    25.3593    29.6519    18.5894    18.5849    4980.08    35.3045     6.0619     8.6631    114.321    270.726      8.132  0.000e+00
     68.750      6.042   4.684996     2.6719     0.7451      6.008    25.3594    29.6520    18.5895    18.5851    4980.08    35.3047     6.0610     8.6618    114.304    270.685      8.130  0.000e+00
     69.000      6.072   4.683455     2.6696     0.7828      6.039    25.3501    29.6428    18.5888    18.5844    4980.03    35.2922     6.0503     8.6465    114.092    270.207      8.130  0.000e+00
     69.250      6.110   4.681483     2.6707     0.7709      6.076    25.3408    29.6336    18.5850    18.5805    4979.95    35.2789     6.0518     8.6487    114.103    270.275      8.132  0.000e+00
     69.500      6.153   4.680546     2.6687     0.7788      6.119    25.3460    29.6390    18.5725    18.5681    4979.84    35.2816     6.0464     8.6410    113.977    270.034      8.131  0.000e+00
     69.750      6.196   4.679979     2.6700     0.7967      6.162    25.3539    29.6471    18.5598    18.5554    4979.75    35.2877     6.0500     8.6461    114.022    270.195      8.133  0.000e+00
     70.000      6.215   4.679858     2.6713     0.6201      6.181    25.3622    29.6555    18.5498    18.5454    4979.68    35.2952     6.0524     8.6496    114.051    270.302      8.131  0.000e+00
     70.250      6.228   4.680107     2.6665     0.6201      6.193    25.3692    29.6626    18.5438    18.5394    4979.65    35.3025     6.0331     8.6220    113.680    269.440      8.132  0.000e+00
     70.500      6.234   4.680199     2.6632     0.6122      6.199    25.3724    29.6658    18.5410    18.5365    4979.64    35.3057     6.0188     8.6014    113.405    268.798      8.133  0.000e+00
     70.750      6.215   4.680327     2.6613     0.6241      6.181    25.3738    29.6671    18.5404    18.5360    4979.64    35.3072     6.0098     8.5885    113.235    268.396      8.131  0.000e+00
     71.000      6.178   4.682236     2.6596     0.6062      6.144    25.3855    29.6787    18.5412    18.5367    4979.70    35.3228     6.0017     8.5770    113.095    268.035      8.133  0.000e+00
     71.250      6.153   4.683016     2.6620     0.6241      6.119    25.3849    29.6781    18.5473    18.5429    4979.76    35.3241     6.0066     8.5841    113.202    268.257      8.132  0.000e+00
     71.500      6.122   4.683832     2.6663     0.6062      6.088    25.3817    29.6747    18.5567    18.5523    4979.84    35.3230     6.0223     8.6064    113.516    268.955      8.130  0.000e+00
     71.750      6.085   4.683988     2.6652     0.6261      6.052    25.3749    29.6678    18.5653    18.5608    4979.90    35.3169     6.0212     8.6048    113.509    268.905      8.132  0.000e+00
     72.000      6.060   4.684520     2.6641     0.6003      6.027    25.3723    29.6651    18.5720    18.5675    4979.96    35.3157     6.0208     8.6044    113.517    268.891      8.131  0.000e+00
     72.250      6.035   4.684868     2.6616     0.5864      6.002    25.3697    29.6625    18.5773    18.5728    4980.00    35.3141     6.0172     8.5992    113.458    268.728      8.132  0.000e+00
     72.500      6.017   4.684804     2.6587     0.5765      5.984    25.3653    29.6579    18.5818    18.5773    4980.03    35.3097     6.0084     8.5866    113.299    268.335      8.131  0.000e+00
     72.750      6.035   4.684336     2.6573     0.5705      6.002    25.3593    29.6520    18.5850    18.5805    4980.03    35.3030     6.0012     8.5763    113.165    268.014      8.128  0.000e+00
     73.000      6.054   4.682107     2.6578     0.5884      6.021    25.3448    29.6376    18.5851    18.5806    4979.96    35.2841     6.0002     8.5749    113.133    267.968      8.132  0.000e+00
     73.250      6.066   4.680511     2.6603     0.6201      6.033    25.3410    29.6339    18.5779    18.5735    4979.87    35.2767     6.0061     8.5834    113.225    268.234      8.131  0.000e+00
     73.500      6.116   4.680390     2.6599     0.6142      6.082    25.3519    29.6450    18.5650    18.5606    4979.79    35.2867     6.0054     8.5823    113.191    268.201      8.132  0.000e+00
     73.750      6.147   4.680135     2.6608     0.6201      6.113    25.3608    29.6540    18.5534    18.5489    4979.71    35.2945     6.0133     8.5936    113.320    268.553      8.131  0.000e+00
     74.000      6.172   4.680263     2.6587     0.6122      6.138    25.3679    29.6612    18.5464    18.5420    4979.67    35.3016     6.0108     8.5900    113.263    268.442      8.131  0.000e+00
     74.250      6.202   4.680391     2.6592     0.6459      6.168    25.3707    29.6640    18.5443    18.5398    4979.66    35.3045     6.0154     8.5966    113.348    268.648      8.132  0.000e+00
     74.500      6.221   4.680391     2.6583     0.6459      6.187    25.3705    29.6638    18.5445    18.5400    4979.66    35.3043     6.0140     8.5946    113.321    268.584      8.132  0.000e+00
     74.750      6.240   4.680171     2.6592     0.6439      6.205    25.3691    29.6624    18.5445    18.5400    4979.66    35.3025     6.0165     8.5982    113.368    268.699      8.133  0.000e+00
     75.000      6.240   4.679887     2.6571     0.6499      6.205    25.3683    29.6617    18.5433    18.5388    4979.64    35.3011     6.0080     8.5860    113.204    268.318      8.133  0.000e+00
     75.250      6.221   4.679731     2.6555     0.6499      6.187    25.3687    29.6621    18.5418    18.5373    4979.63    35.3011     5.9999     8.5744    113.047    267.953      8.129  0.000e+00
     75.500      6.202   4.680327     2.6551     0.6400      6.168    25.3739    29.6673    18.5403    18.5358    4979.64    35.3074     5.9975     8.5710    113.004    267.848      8.129  0.000e+00
     75.750      6.178   4.681391     2.6539     0.6320      6.143    25.3800    29.6733    18.5412    18.5367    4979.67    35.3157     5.9920     8.5632    112.909    267.605      8.132  0.000e+00
     76.000      6.134   4.681987     2.6544     0.6499      6.101    25.3796    29.6728    18.5459    18.5414    4979.72    35.3166     5.9936     8.5654    112.948    267.673      8.131  0.000e+00
     76.250      6.103   4.682235     2.6554     0.6400      6.070    25.3756    29.6687    18.5521    18.5476    4979.76    35.3135     5.9964     8.5694    113.012    267.798      8.129  0.000e+00
     76.500      6.066   4.682391     2.6555     2.0860      6.033    25.3719    29.6650    18.5572    18.5528    4979.80    35.3103     5.9980     8.5718    113.052    267.872      8.132  0.000e+00
     76.750      6.041   4.682611     2.6569     2.0860      6.008    25.3700    29.6630    18.5609    18.5565    4979.83    35.3091     6.0041     8.5804    113.172    268.142      8.134  0.000e+00
     77.000      6.010   4.682391     2.6561     2.0682      5.977    25.3662    29.6592    18.5635    18.5591    4979.84    35.3050     6.0045     8.5811    113.184    268.162      8.131  0.000e+00
     77.250      6.010   4.682143     2.6573     2.0761      5.977    25.3635    29.6565    18.5648    18.5603    4979.84    35.3018     6.0106     8.5897    113.298    268.432      8.129  0.000e+00
     77.500      6.004   4.682015     2.6588     0.6816      5.971    25.3632    29.6562    18.5641    18.5597    4979.83    35.3013     6.0172     8.5992    113.421    268.727      8.132  0.000e+00
     77.750      6.023   4.681391     2.6608     0.6836      5.989    25.3597    29.6528    18.5635    18.5591    4979.80    35.2965     6.0257     8.6114    113.578    269.109      8.130  0.000e+00
     78.000      6.054   4.679667     2.6594     0.6776      6.020    25.3511    29.6443    18.5607    18.5563    4979.73    35.2843     6.0220     8.6061    113.494    268.944      8.133  0.000e+00
     78.250      6.085   4.679759     2.6597     0.6757      6.051    25.3592    29.6525    18.5524    18.5480    4979.69    35.2922     6.0232     8.6078    113.504    268.998      8.131  0.000e+00
     78.500      6.122   4.679575     2.6598     0.6400      6.088    25.3642    29.6576    18.5456    18.5412    4979.64    35.2965     6.0235     8.6082    113.498    269.011      8.134  0.000e+00
     78.750      6.153   4.679603     2.6571     0.6439      6.119    25.3683    29.6617    18.5413    18.5369    4979.62    35.3004     6.0132     8.5935    113.298    268.551      8.132  0.000e+00
     79.000      6.196   4.679951     2.6573     0.6519      6.162    25.3725    29.6659    18.5391    18.5346    4979.62    35.3052     6.0116     8.5912    113.266    268.480      8.132  0.000e+00
     79.250      6.209   4.679979     2.6549     0.6757      6.174    25.3730    29.6665    18.5387    18.5343    4979.62    35.3058     6.0004     8.5752    113.054    267.978      8.132  0.000e+00
     79.500      6.202   4.679922     2.6549     0.6519      6.168    25.3719    29.6653    18.5396    18.5352    4979.62    35.3045     5.9967     8.5699    112.986    267.813      8.132  0.000e+00
     79.750      6.215   4.679759     2.6536     0.5666      6.180    25.3704    29.6638    18.5401    18.5356    4979.62    35.3028     5.9905     8.5611    112.869    267.537      8.135  0.000e+00
     80.000      6.202   4.680135     2.6528     0.6062      6.168    25.3730    29.6664    18.5399    18.5355    4979.63    35.3061     5.9879     8.5573    112.821    267.418      8.131  0.000e+00
