cruises/baja2025/cnv/20250416_cast1.cnv
* Sea-Bird SBE19plus Data File:
* FileName = C:\Users\ScienceTech\OneDrive - Western Flyer Foundation\Desktop\ProfilingCTD\data\20250416_PuntaMarciel_cast1.hex
* Software Version 1.59
* Temperature SN =  8289
* Conductivity SN =  8289
* System UpLoad Time = Apr 16 2025 17:23:19
* ds
* SBE 19plus V 3.1.8  SERIAL NO. 8289    16 Apr 2025 17:21:30
# nquan = 18
# nvalues = 3378                                  
# units = specified
# name 0 = timeS: Time, Elapsed [seconds]
# name 1 = prdM: Pressure, Strain Gauge [db]
# name 2 = c0S/m: Conductivity [S/m]
# name 3 = sbeox0V: Oxygen raw, SBE 43 [V]
# name 4 = flECO-AFL: Fluorescence, WET Labs ECO-AFL/FL [mg/m^3]
# name 5 = depSM: Depth [salt water, m], lat = 0.00
# name 6 = sigma-t00: Density [sigma-t, kg/m^3 ]
# name 7 = sigma-100: Density [sigma-1, kg/m^3 ]
# name 8 = tv268C: Temperature [IPTS-68, deg C]
# name 9 = tv290C: Temperature [ITS-90, deg C]
# name 10 = svCF: Sound Velocity [Chen-Millero, ft/s]
# name 11 = sal00: Salinity, Practical [PSU]
# name 12 = sbeox0ML/L: Oxygen, SBE 43 [ml/l]
# name 13 = sbeox0Mg/L: Oxygen, SBE 43 [mg/l]
# name 14 = sbeox0PS: Oxygen, SBE 43 [% saturation]
# name 15 = sbeox0Mm/L: Oxygen, SBE 43 [umol/l]
# name 16 = ph: pH
# name 17 = flag:  0.000e+00
# span 0 =      0.000,    844.250                 
# span 1 =     -0.136,     66.220                 
# span 2 =  -0.000081,   5.165980                 
# span 3 =     1.1893,     3.0233                 
# span 4 =    -0.1734,   128.7614                 
# span 5 =     -0.136,     65.846                 
# span 6 =    -3.3715,    26.0473                 
# span 7 =     1.0163,    30.3287                 
# span 8 =    15.4127,    26.5904                 
# span 9 =    15.4090,    26.5841                 
# span 10 =    4874.14,    5021.18                
# span 11 =     0.0000,    36.8540                
# span 12 =     1.9484,     7.1820                
# span 13 =     2.7844,    10.2637                
# span 14 =     34.521,    144.065                
# span 15 =     87.014,    320.746                
# span 16 =      7.361,      8.166                
# span 17 = 0.0000e+00, 0.0000e+00                
# interval = seconds: 0.25
# start_time = Apr 16 2025 09:44:54 [Instrument's time stamp, header]
# bad_flag = -9.990e-29
*END*
[from data line 805]
    201.250      5.905   4.822324     2.5889     0.2888      5.872    24.9893    29.2603    19.9625    19.9577    4992.70    35.2837     5.6452     8.0676    109.189    252.116      8.077  0.000e+00
    201.500      5.905   4.821670     2.5890     0.2551      5.872    24.9864    29.2574    19.9612    19.9564    4992.67    35.2794     5.6458     8.0684    109.195    252.142      8.074  0.000e+00
    201.750      5.923   4.822001     2.5882     0.2611      5.891    24.9907    29.2618    19.9587    19.9539    4992.67    35.2842     5.6443     8.0663    109.164    252.075      8.075  0.000e+00
    202.000      5.911   4.822418     2.5903     0.2670      5.878    24.9946    29.2657    19.9573    19.9525    4992.67    35.2888     5.6518     8.0771    109.309    252.411      8.076  0.000e+00
    202.250      5.899   4.822647     2.5920     0.2452      5.866    24.9952    29.2663    19.9582    19.9534    4992.68    35.2899     5.6588     8.0870    109.447    252.723      8.078  0.000e+00
    202.500      5.899   4.822712     2.5928     0.2353      5.866    24.9936    29.2646    19.9605    19.9557    4992.70    35.2886     5.6639     8.0943    109.549    252.949      8.073  0.000e+00
    202.750      5.886   4.822942     2.5926     0.2194      5.854    24.9935    29.2645    19.9621    19.9574    4992.71    35.2891     5.6647     8.0954    109.567    252.984      8.074  0.000e+00
    203.000      5.868   4.823229     2.5928     0.2234      5.835    24.9935    29.2645    19.9641    19.9593    4992.73    35.2898     5.6662     8.0975    109.601    253.051      8.076  0.000e+00
    203.250      5.849   4.823977     2.5924     0.2313      5.817    24.9960    29.2669    19.9666    19.9618    4992.77    35.2939     5.6650     8.0958    109.585    252.998      8.076  0.000e+00
    203.500      5.812   4.824372     2.5931     0.2611      5.780    24.9946    29.2654    19.9709    19.9661    4992.80    35.2935     5.6660     8.0973    109.614    253.045      8.076  0.000e+00
    203.750      5.794   4.825112     2.5937     0.2512      5.762    24.9948    29.2655    19.9757    19.9710    4992.85    35.2955     5.6663     8.0977    109.630    253.055      8.076  0.000e+00
    204.000      5.775   4.825802     2.5937     0.2730      5.743    24.9946    29.2652    19.9808    19.9760    4992.90    35.2969     5.6639     8.0943    109.596    252.952      8.076  0.000e+00
    204.250      5.775   4.825931     2.5945     0.2611      5.743    24.9896    29.2602    19.9872    19.9824    4992.95    35.2926     5.6648     8.0956    109.623    252.990      8.075  0.000e+00
    204.500      5.781   4.825083     2.5953     0.2571      5.749    24.9803    29.2508    19.9916    19.9868    4992.95    35.2819     5.6675     8.0995    109.677    253.112      8.074  0.000e+00
    204.750      5.806   4.824012     2.5969     0.2392      5.774    24.9738    29.2444    19.9913    19.9865    4992.92    35.2734     5.6737     8.1083    109.791    253.389      8.074  0.000e+00
    205.000      5.837   4.823164     2.5982     0.2135      5.805    24.9733    29.2440    19.9861    19.9813    4992.86    35.2708     5.6797     8.1168    109.894    253.655      8.076  0.000e+00
    205.250      5.849   4.822776     2.5962     0.2452      5.817    24.9773    29.2481    19.9789    19.9741    4992.81    35.2736     5.6747     8.1097    109.785    253.432      8.076  0.000e+00
    205.500      5.874   4.822288     2.5949     0.2452      5.842    24.9803    29.2511    19.9723    19.9675    4992.75    35.2752     5.6699     8.1029    109.680    253.218      8.076  0.000e+00
    205.750      5.874   4.822676     2.5937     0.2551      5.842    24.9873    29.2582    19.9672    19.9624    4992.73    35.2826     5.6646     8.0952    109.572    252.980      8.077  0.000e+00
    206.000      5.880   4.823035     2.5943     0.2710      5.848    24.9916    29.2625    19.9650    19.9602    4992.73    35.2875     5.6643     8.0948    109.564    252.967      8.076  0.000e+00
    206.250      5.905   4.823100     2.5937     0.2769      5.873    24.9920    29.2629    19.9650    19.9602    4992.74    35.2880     5.6606     8.0895    109.493    252.801      8.073  0.000e+00
    206.500      5.899   4.823100     2.5940     0.2769      5.867    24.9908    29.2617    19.9663    19.9615    4992.74    35.2869     5.6599     8.0885    109.481    252.769      8.074  0.000e+00
    206.750      5.899   4.822389     2.5947     0.2135      5.867    24.9857    29.2567    19.9669    19.9621    4992.73    35.2805     5.6616     8.0910    109.512    252.848      8.077  0.000e+00
    207.000      5.893   4.822547     2.5963     0.2154      5.860    24.9883    29.2593    19.9651    19.9604    4992.72    35.2833     5.6682     8.1004    109.638    253.142      8.076  0.000e+00
    207.250      5.887   4.823359     2.5975     0.2293      5.854    24.9949    29.2658    19.9635    19.9588    4992.73    35.2913     5.6752     8.1104    109.775    253.454      8.075  0.000e+00
    207.500      5.868   4.824013     2.5974     0.2392      5.836    24.9972    29.2681    19.9655    19.9607    4992.76    35.2950     5.6770     8.1130    109.817    253.536      8.074  0.000e+00
    207.750      5.856   4.824336     2.5987     0.2293      5.824    24.9949    29.2657    19.9703    19.9655    4992.80    35.2937     5.6821     8.1203    109.923    253.762      8.077  0.000e+00
    208.000      5.843   4.825018     2.5960     0.2948      5.811    24.9948    29.2655    19.9751    19.9703    4992.85    35.2953     5.6729     8.1072    109.757    253.353      8.076  0.000e+00
    208.250      5.831   4.825277     2.5939     0.2710      5.799    24.9913    29.2619    19.9808    19.9760    4992.89    35.2926     5.6640     8.0944    109.593    252.952      8.078  0.000e+00
    208.500      5.819   4.825184     2.5915     0.2888      5.787    24.9866    29.2572    19.9853    19.9805    4992.92    35.2880     5.6527     8.0783    109.382    252.450      8.076  0.000e+00
    208.750      5.819   4.825248     2.5896     0.2769      5.787    24.9848    29.2554    19.9878    19.9830    4992.93    35.2865     5.6422     8.0633    109.183    251.982      8.076  0.000e+00
    209.000      5.813   4.825342     2.5877     0.2611      5.780    24.9844    29.2549    19.9889    19.9841    4992.94    35.2863     5.6319     8.0486    108.985    251.521      8.076  0.000e+00
    209.250      5.825   4.824925     2.5879     0.2452      5.793    24.9811    29.2517    19.9896    19.9848    4992.93    35.2823     5.6299     8.0457    108.945    251.432      8.076  0.000e+00
    209.500      5.819   4.823782     2.5877     0.2611      5.787    24.9751    29.2458    19.9883    19.9835    4992.89    35.2740     5.6296     8.0452    108.931    251.418      8.078  0.000e+00
    209.750      5.831   4.823035     2.5883     0.2512      5.799    24.9744    29.2452    19.9839    19.9791    4992.84    35.2716     5.6334     8.0507    108.995    251.589      8.075  0.000e+00
    210.000      5.837   4.822776     2.5911     0.2611      5.805    24.9790    29.2498    19.9771    19.9723    4992.79    35.2752     5.6477     8.0711    109.260    252.226      8.077  0.000e+00
    210.250      5.850   4.822942     2.5935     0.2571      5.817    24.9855    29.2564    19.9710    19.9662    4992.76    35.2817     5.6611     8.0903    109.511    252.825      8.077  0.000e+00
    210.500      5.868   4.823100     2.5962     0.2789      5.836    24.9888    29.2597    19.9684    19.9636    4992.75    35.2851     5.6755     8.1108    109.786    253.466      8.077  0.000e+00
    210.750      5.875   4.822971     2.5973     0.2551      5.842    24.9883    29.2592    19.9681    19.9634    4992.75    35.2843     5.6840     8.1230    109.950    253.847      8.076  0.000e+00
    211.000      5.881   4.822841     2.5969     0.2571      5.849    24.9877    29.2586    19.9679    19.9631    4992.74    35.2834     5.6856     8.1253    109.981    253.921      8.075  0.000e+00
    211.250      5.887   4.822712     2.5950     0.2611      5.855    24.9873    29.2582    19.9674    19.9626    4992.74    35.2828     5.6790     8.1158    109.850    253.622      8.075  0.000e+00
    211.500      5.893   4.822453     2.5928     0.2710      5.861    24.9870    29.2579    19.9660    19.9612    4992.72    35.2818     5.6696     8.1024    109.665    253.203      8.076  0.000e+00
    211.750      5.887   4.822482     2.5936     0.2670      5.855    24.9886    29.2596    19.9644    19.9596    4992.71    35.2834     5.6676     8.0996    109.625    253.116      8.076  0.000e+00
    212.000      5.881   4.822611     2.5931     0.2670      5.848    24.9907    29.2617    19.9630    19.9582    4992.71    35.2856     5.6613     8.0906    109.502    252.834      8.075  0.000e+00
    212.250      5.856   4.823229     2.5934     0.2293      5.824    24.9951    29.2660    19.9624    19.9576    4992.72    35.2912     5.6590     8.0873    109.460    252.731      8.077  0.000e+00
    212.500      5.844   4.824077     2.5944     0.2293      5.811    24.9986    29.2695    19.9644    19.9596    4992.76    35.2965     5.6600     8.0887    109.487    252.776      8.076  0.000e+00
    212.750      5.838   4.825119     2.5951     0.2293      5.805    25.0004    29.2712    19.9696    19.9649    4992.82    35.3007     5.6627     8.0926    109.553    252.898      8.075  0.000e+00
    213.000      5.813   4.825608     2.5944     0.2412      5.781    24.9966    29.2672    19.9773    19.9725    4992.88    35.2983     5.6621     8.0917    109.554    252.869      8.076  0.000e+00
    213.250      5.794   4.825701     2.5948     0.3047      5.763    24.9907    29.2613    19.9844    19.9796    4992.92    35.2931     5.6649     8.0957    109.619    252.994      8.075  0.000e+00
    213.500      5.801   4.825277     2.5950     0.2888      5.769    24.9839    29.2544    19.9890    19.9842    4992.94    35.2857     5.6663     8.0977    109.651    253.058      8.077  0.000e+00
    213.750      5.825   4.824371     2.5957     0.3087      5.793    24.9774    29.2480    19.9899    19.9851    4992.92    35.2775     5.6687     8.1011    109.693    253.163      8.074  0.000e+00
    214.000      5.825   4.823164     2.5975     0.2789      5.793    24.9726    29.2433    19.9868    19.9820    4992.86    35.2702     5.6754     8.1108    109.813    253.465      8.077  0.000e+00
    214.250      5.850   4.822712     2.5989     0.2869      5.818    24.9754    29.2462    19.9805    19.9757    4992.81    35.2717     5.6811     8.1188    109.910    253.716      8.076  0.000e+00
    214.500      5.850   4.822353     2.5983     0.2571      5.818    24.9798    29.2507    19.9732    19.9684    4992.76    35.2749     5.6805     8.1181    109.887    253.693      8.076  0.000e+00
    214.750      5.869   4.822331     2.5969     0.2611      5.836    24.9849    29.2559    19.9674    19.9626    4992.72    35.2796     5.6763     8.1120    109.797    253.505      8.076  0.000e+00
    215.000      5.881   4.822547     2.5942     0.2710      5.849    24.9897    29.2607    19.9636    19.9589    4992.71    35.2846     5.6670     8.0987    109.613    253.089      8.077  0.000e+00
    215.250      5.875   4.822676     2.5927     0.2611      5.843    24.9913    29.2622    19.9628    19.9580    4992.71    35.2863     5.6592     8.0876    109.461    252.741      8.077  0.000e+00
    215.500      5.869   4.822877     2.5917     0.2234      5.836    24.9920    29.2630    19.9634    19.9586    4992.72    35.2875     5.6527     8.0783    109.337    252.450      8.076  0.000e+00
    215.750      5.856   4.822813     2.5905     0.2254      5.824    24.9908    29.2617    19.9643    19.9595    4992.72    35.2862     5.6457     8.0683    109.203    252.136      8.076  0.000e+00
    216.000      5.844   4.823136     2.5882     0.2254      5.812    24.9922    29.2631    19.9650    19.9602    4992.73    35.2883     5.6353     8.0534    109.005    251.673      8.078  0.000e+00
    216.250      5.851   4.823265     2.5870     0.2412      5.818    24.9921    29.2630    19.9660    19.9612    4992.74    35.2885     5.6295     8.0450    108.893    251.411      8.074  0.000e+00
    216.500      5.844   4.822942     2.5879     0.2789      5.812    24.9886    29.2595    19.9676    19.9628    4992.74    35.2845     5.6331     8.0503    108.964    251.574      8.076  0.000e+00
    216.750      5.838   4.822877     2.5913     0.2611      5.806    24.9884    29.2593    19.9674    19.9626    4992.74    35.2841     5.6472     8.0705    109.237    252.206      8.078  0.000e+00
    217.000      5.851   4.822583     2.5934     0.2611      5.818    24.9872    29.2581    19.9666    19.9619    4992.73    35.2823     5.6590     8.0873    109.463    252.732      8.078  0.000e+00
    217.250      5.857   4.822130     2.5942     0.2611      5.824    24.9857    29.2567    19.9651    19.9604    4992.70    35.2799     5.6665     8.0980    109.603    253.067      8.077  0.000e+00
    217.500      5.869   4.821836     2.5939     0.2730      5.837    24.9866    29.2576    19.9621    19.9574    4992.68    35.2800     5.6696     8.1024    109.656    253.203      8.076  0.000e+00
    217.750      5.869   4.821735     2.5928     0.2611      5.837    24.9891    29.2602    19.9587    19.9539    4992.65    35.2821     5.6688     8.1013    109.637    253.170      8.078  0.000e+00
    218.000      5.875   4.821541     2.5914     0.2611      5.843    24.9900    29.2611    19.9563    19.9515    4992.63    35.2824     5.6650     8.0958    109.557    252.998      8.076  0.000e+00
    218.250      5.875   4.821735     2.5895     0.2670      5.843    24.9928    29.2639    19.9545    19.9498    4992.63    35.2855     5.6568     8.0841    109.397    252.631      8.077  0.000e+00
    218.500      5.857   4.822159     2.5869     0.2611      5.825    24.9961    29.2672    19.9539    19.9491    4992.64    35.2896     5.6431     8.0646    109.134    252.022      8.075  0.000e+00
    218.750      5.838   4.822389     2.5848     0.2571      5.806    24.9963    29.2674    19.9552    19.9504    4992.65    35.2904     5.6305     8.0465    108.893    251.457      8.075  0.000e+00
    219.000      5.826   4.822971     2.5827     0.2551      5.794    24.9980    29.2691    19.9574    19.9526    4992.68    35.2933     5.6193     8.0305    108.683    250.958      8.076  0.000e+00
    219.250      5.814   4.823265     2.5831     0.2730      5.782    24.9970    29.2680    19.9605    19.9558    4992.71    35.2931     5.6183     8.0291    108.670    250.913      8.076  0.000e+00
    219.500      5.820   4.823265     2.5834     0.2670      5.788    24.9934    29.2643    19.9646    19.9598    4992.73    35.2897     5.6196     8.0310    108.701    250.973      8.073  0.000e+00
    219.750      5.832   4.822877     2.5858     0.2789      5.800    24.9883    29.2592    19.9675    19.9627    4992.74    35.2841     5.6301     8.0459    108.905    251.439      8.076  0.000e+00
    220.000      5.845   4.822324     2.5883     0.2928      5.812    24.9849    29.2558    19.9674    19.9626    4992.72    35.2796     5.6431     8.0645    109.154    252.019      8.075  0.000e+00
    220.250      5.851   4.822259     2.5894     0.3186      5.819    24.9868    29.2578    19.9649    19.9601    4992.71    35.2812     5.6524     8.0778    109.330    252.436      8.075  0.000e+00
    220.500      5.863   4.822259     2.5913     0.2928      5.831    24.9887    29.2597    19.9627    19.9579    4992.69    35.2830     5.6641     8.0945    109.553    252.957      8.076  0.000e+00
    220.750      5.851   4.822065     2.5924     0.2829      5.819    24.9892    29.2602    19.9608    19.9560    4992.68    35.2830     5.6717     8.1054    109.697    253.298      8.077  0.000e+00
