cruises/baja2025/cnv/20250430_cast1.cnv
* Sea-Bird SBE19plus Data File:
* FileName = C:\Users\ScienceTech\OneDrive - Western Flyer Foundation\Desktop\ProfilingCTD\data\20250430_Seamount1_cast1.hex
* Software Version 1.59
* Temperature SN =  8289
* Conductivity SN =  8289
* System UpLoad Time = Apr 30 2025 18:06:42
** "Seamount 1" 27-17.152N 112-07.798W
** 504 m water
** Cast to 475m
** SB cast 30
** WF cast 15
# nquan = 18
# nvalues = 8961                                  
# units = specified
# name 0 = timeS: Time, Elapsed [seconds]
# name 1 = prdM: Pressure, Strain Gauge [db]
# name 2 = c0S/m: Conductivity [S/m]
# name 3 = sbeox0V: Oxygen raw, SBE 43 [V]
# name 4 = flECO-AFL: Fluorescence, WET Labs ECO-AFL/FL [mg/m^3]
# name 5 = depSM: Depth [salt water, m], lat = 0.00
# name 6 = sigma-t00: Density [sigma-t, kg/m^3 ]
# name 7 = sigma-100: Density [sigma-1, kg/m^3 ]
# name 8 = tv268C: Temperature [IPTS-68, deg C]
# name 9 = tv290C: Temperature [ITS-90, deg C]
# name 10 = svCF: Sound Velocity [Chen-Millero, ft/s]
# name 11 = sal00: Salinity, Practical [PSU]
# name 12 = sbeox0ML/L: Oxygen, SBE 43 [ml/l]
# name 13 = sbeox0Mg/L: Oxygen, SBE 43 [mg/l]
# name 14 = sbeox0PS: Oxygen, SBE 43 [% saturation]
# name 15 = sbeox0Mm/L: Oxygen, SBE 43 [umol/l]
# name 16 = ph: pH
# name 17 = flag:  0.000e+00
# span 0 =      0.000,   2240.000                 
# span 1 =     -0.170,    476.716                 
# span 2 =  -0.446895,   4.954579                 
# span 3 =     0.7033,     3.8588                 
# span 4 =    -0.1734,   128.6801                 
# span 5 =     -0.169,    473.551                 
# span 6 =    -4.2324,    26.7693                 
# span 7 =     0.1114,    31.2371                 
# span 8 =     9.9771,    29.6460                 
# span 9 =     9.9748,    29.6389                 
# span 10 =    4850.79,    5029.94                
# span 11 =     0.0000,    36.8810                
# span 12 =     0.6234,     9.6181                
# span 13 =     0.8909,    13.7453                
# span 14 =      9.856,    182.761                
# span 15 =     27.840,    429.546                
# span 16 =      7.021,      8.285                
# span 17 = 0.0000e+00, 0.0000e+00                
# interval = seconds: 0.25
# start_time = Apr 30 2025 14:29:48 [Instrument's time stamp, header]
# bad_flag = -9.990e-29
*END*
[from data line 8604]
   2151.000     24.511   4.479296     2.2778     1.1795     24.375    25.7059    30.0316    16.7070    16.7030    4962.35    35.1580     5.1942     7.4231     94.432    231.974      7.977  0.000e+00
   2151.250     24.387   4.479860     2.2806     1.1954     24.252    25.7056    30.0312    16.7115    16.7075    4962.39    35.1591     5.1982     7.4287     94.513    232.150      7.979  0.000e+00
   2151.500     24.263   4.480724     2.2839     1.1795     24.128    25.7068    30.0323    16.7166    16.7126    4962.45    35.1622     5.2053     7.4388     94.653    232.467      7.977  0.000e+00
   2151.750     24.121   4.481162     2.2860     1.2033     23.987    25.7045    30.0299    16.7225    16.7185    4962.49    35.1610     5.2092     7.4445     94.735    232.643      7.981  0.000e+00
   2152.000     23.990   4.481713     2.2906     1.2668     23.857    25.7029    30.0282    16.7284    16.7244    4962.54    35.1607     5.2222     7.4630     94.981    233.222      7.982  0.000e+00
   2152.250     23.829   4.482619     2.2946     1.2727     23.697    25.7038    30.0289    16.7342    16.7302    4962.60    35.1636     5.2342     7.4802     95.212    233.758      7.980  0.000e+00
   2152.500     23.681   4.482981     2.2973     1.2648     23.549    25.7005    30.0256    16.7405    16.7365    4962.65    35.1613     5.2416     7.4908     95.357    234.090      7.982  0.000e+00
   2152.750     23.526   4.483475     2.2989     1.2787     23.395    25.6986    30.0236    16.7463    16.7423    4962.69    35.1606     5.2440     7.4942     95.411    234.196      7.982  0.000e+00
   2153.000     23.383   4.484005     2.3013     1.2608     23.254    25.6977    30.0225    16.7513    16.7473    4962.74    35.1609     5.2490     7.5013     95.511    234.419      7.982  0.000e+00
   2153.250     23.222   4.484604     2.3013     1.2093     23.093    25.6972    30.0220    16.7563    16.7523    4962.78    35.1619     5.2449     7.4955     95.447    234.239      7.984  0.000e+00
   2153.500     23.080   4.486451     2.3034     1.2033     22.952    25.7049    30.0295    16.7616    16.7576    4962.87    35.1735     5.2464     7.4976     95.490    234.302      7.985  0.000e+00
   2153.750     22.943   4.487727     2.3041     1.2013     22.816    25.7052    30.0296    16.7708    16.7668    4962.97    35.1767     5.2431     7.4930     95.450    234.159      7.985  0.000e+00
   2154.000     22.807   4.488717     2.3069     1.2093     22.681    25.7014    30.0257    16.7823    16.7783    4963.07    35.1753     5.2459     7.4969     95.520    234.281      7.989  0.000e+00
   2154.250     22.689   4.490523     2.3099     1.2152     22.564    25.7036    30.0276    16.7934    16.7893    4963.19    35.1816     5.2519     7.5055     95.654    234.551      7.987  0.000e+00
   2154.500     22.559   4.492817     2.3137     1.2033     22.434    25.7072    30.0309    16.8064    16.8024    4963.35    35.1903     5.2636     7.5222     95.895    235.071      7.987  0.000e+00
   2154.750     22.442   4.495733     2.3173     1.2152     22.317    25.7111    30.0344    16.8238    16.8197    4963.55    35.2007     5.2755     7.5392     96.150    235.602      7.988  0.000e+00
   2155.000     22.299   4.498259     2.3205     1.2172     22.175    25.7086    30.0316    16.8452    16.8412    4963.77    35.2041     5.2862     7.5545     96.388    236.082      7.990  0.000e+00
   2155.250     22.151   4.499724     2.3250     1.3719     22.028    25.6966    30.0192    16.8693    16.8652    4963.97    35.1959     5.3021     7.5773     96.718    236.793      7.988  0.000e+00
   2155.500     21.989   4.501218     2.3293     1.3620     21.867    25.6872    30.0094    16.8907    16.8867    4964.15    35.1902     5.3168     7.5982     97.022    237.448      7.991  0.000e+00
   2155.750     21.866   4.501895     2.3335     1.3640     21.744    25.6757    29.9977    16.9084    16.9043    4964.28    35.1807     5.3314     7.6191     97.316    238.099      7.988  0.000e+00
   2156.000     21.711   4.503570     2.3400     1.3620     21.590    25.6745    29.9962    16.9222    16.9181    4964.42    35.1833     5.3526     7.6494     97.731    239.048      7.991  0.000e+00
   2156.250     21.556   4.504080     2.3461     1.3600     21.436    25.6656    29.9872    16.9357    16.9317    4964.52    35.1760     5.3735     7.6793     98.134    239.982      7.993  0.000e+00
   2156.500     21.419   4.504882     2.3486     1.4037     21.301    25.6608    29.9822    16.9470    16.9429    4964.61    35.1732     5.3812     7.6903     98.294    240.326      7.993  0.000e+00
   2156.750     21.271   4.506977     2.3535     1.3898     21.153    25.6662    29.9874    16.9566    16.9525    4964.73    35.1832     5.3957     7.7110     98.582    240.971      7.995  0.000e+00
   2157.000     21.147   4.507571     2.3558     1.3997     21.030    25.6590    29.9800    16.9689    16.9648    4964.83    35.1776     5.4002     7.7175     98.686    241.175      7.994  0.000e+00
   2157.250     21.011   4.508800     2.3601     1.3957     20.894    25.6565    29.9772    16.9808    16.9767    4964.94    35.1781     5.4094     7.7306     98.876    241.584      7.993  0.000e+00
   2157.500     20.893   4.510532     2.3613     1.2688     20.777    25.6589    29.9794    16.9910    16.9869    4965.05    35.1843     5.4072     7.7274     98.859    241.486      7.998  0.000e+00
   2157.750     20.744   4.512090     2.3650     1.2668     20.629    25.6583    29.9786    17.0032    16.9991    4965.18    35.1873     5.4123     7.7347     98.977    241.714      7.996  0.000e+00
   2158.000     20.608   4.512600     2.3678     1.2470     20.494    25.6489    29.9690    17.0173    17.0132    4965.28    35.1795     5.4139     7.7370     99.029    241.786      7.995  0.000e+00
   2158.250     20.478   4.513467     2.3717     1.2727     20.364    25.6444    29.9643    17.0287    17.0246    4965.38    35.1771     5.4217     7.7481     99.191    242.133      7.997  0.000e+00
   2158.500     20.354   4.514934     2.3744     1.2727     20.241    25.6456    29.9653    17.0382    17.0341    4965.48    35.1817     5.4281     7.7572     99.329    242.417      8.000  0.000e+00
   2158.750     20.205   4.516101     2.3793     1.2608     20.093    25.6438    29.9633    17.0489    17.0448    4965.58    35.1826     5.4414     7.7763     99.593    243.011      7.995  0.000e+00
   2159.000     20.069   4.516500     2.3838     1.2608     19.958    25.6368    29.9561    17.0596    17.0555    4965.65    35.1768     5.4561     7.7973     99.879    243.668      8.001  0.000e+00
   2159.250     19.939   4.517213     2.3869     1.2787     19.828    25.6336    29.9528    17.0683    17.0642    4965.73    35.1754     5.4656     7.8109    100.070    244.094      8.001  0.000e+00
   2159.500     19.809   4.518051     2.3898     1.2549     19.699    25.6324    29.9515    17.0759    17.0718    4965.80    35.1762     5.4749     7.8242    100.255    244.509      7.997  0.000e+00
   2159.750     19.666   4.519471     2.3913     1.1835     19.557    25.6355    29.9544    17.0829    17.0788    4965.88    35.1824     5.4766     7.8266    100.304    244.586      7.999  0.000e+00
   2160.000     19.530   4.519848     2.3929     1.1775     19.422    25.6301    29.9489    17.0917    17.0876    4965.95    35.1781     5.4775     7.8279    100.334    244.625      8.003  0.000e+00
   2160.250     19.388   4.520267     2.3955     1.1954     19.280    25.6258    29.9445    17.0995    17.0954    4966.00    35.1750     5.4811     7.8330    100.413    244.785      7.999  0.000e+00
   2160.500     19.233   4.520435     2.3978     1.1696     19.126    25.6215    29.9401    17.1056    17.1015    4966.04    35.1712     5.4837     7.8367    100.470    244.901      8.003  0.000e+00
   2160.750     19.090   4.520750     2.4000     1.2648     18.984    25.6200    29.9385    17.1096    17.1055    4966.07    35.1705     5.4860     7.8401    100.520    245.005      8.001  0.000e+00
   2161.000     18.935   4.520924     2.4024     1.2727     18.830    25.6182    29.9367    17.1129    17.1088    4966.09    35.1692     5.4903     7.8461    100.603    245.195      8.001  0.000e+00
   2161.250     18.799   4.521197     2.4049     1.2608     18.695    25.6178    29.9362    17.1155    17.1114    4966.11    35.1694     5.4966     7.8552    100.724    245.477      8.000  0.000e+00
   2161.500     18.663   4.521442     2.4076     1.2470     18.559    25.6173    29.9357    17.1178    17.1136    4966.12    35.1696     5.5049     7.8670    100.881    245.848      8.002  0.000e+00
   2161.750     18.533   4.521470     2.4107     1.3997     18.430    25.6157    29.9341    17.1198    17.1157    4966.13    35.1681     5.5153     7.8820    101.076    246.315      8.000  0.000e+00
   2162.000     18.415   4.521707     2.4132     1.3997     18.313    25.6159    29.9342    17.1214    17.1173    4966.14    35.1688     5.5236     7.8938    101.231    246.685      8.004  0.000e+00
   2162.250     18.272   4.521973     2.4140     1.3858     18.171    25.6157    29.9340    17.1235    17.1194    4966.16    35.1693     5.5248     7.8955    101.257    246.739      8.003  0.000e+00
   2162.500     18.124   4.522246     2.4161     1.3977     18.023    25.6156    29.9338    17.1258    17.1217    4966.17    35.1698     5.5297     7.9025    101.351    246.955      8.005  0.000e+00
   2162.750     17.963   4.522546     2.4168     1.2549     17.863    25.6158    29.9340    17.1278    17.1237    4966.19    35.1707     5.5295     7.9022    101.352    246.947      8.008  0.000e+00
   2163.000     17.795   4.522973     2.4191     1.2668     17.697    25.6158    29.9339    17.1310    17.1269    4966.21    35.1717     5.5339     7.9085    101.440    247.144      8.005  0.000e+00
   2163.250     17.634   4.522910     2.4216     1.2648     17.537    25.6127    29.9307    17.1340    17.1299    4966.22    35.1686     5.5397     7.9168    101.550    247.403      8.004  0.000e+00
   2163.500     17.492   4.522819     2.4216     1.2608     17.395    25.6108    29.9288    17.1355    17.1314    4966.22    35.1666     5.5367     7.9124    101.496    247.267      8.007  0.000e+00
   2163.750     17.349   4.522721     2.4215     1.2549     17.253    25.6099    29.9279    17.1358    17.1317    4966.21    35.1655     5.5331     7.9074    101.431    247.108      8.010  0.000e+00
   2164.000     17.226   4.522336     2.4200     1.2985     17.130    25.6075    29.9255    17.1356    17.1315    4966.19    35.1623     5.5245     7.8951    101.271    246.726      8.006  0.000e+00
   2164.250     17.095   4.522427     2.4191     1.2985     17.001    25.6096    29.9277    17.1340    17.1299    4966.18    35.1646     5.5179     7.8857    101.149    246.431      8.006  0.000e+00
   2164.500     16.978   4.522574     2.4193     1.3025     16.884    25.6114    29.9295    17.1332    17.1291    4966.17    35.1667     5.5139     7.8800    101.075    246.253      8.006  0.000e+00
   2164.750     16.854   4.522098     2.4200     1.2866     16.761    25.6086    29.9266    17.1328    17.1287    4966.15    35.1629     5.5131     7.8788    101.057    246.217      8.009  0.000e+00
   2165.000     16.736   4.522273     2.4223     1.4076     16.643    25.6101    29.9282    17.1325    17.1284    4966.14    35.1647     5.5189     7.8870    101.163    246.473      8.005  0.000e+00
   2165.250     16.606   4.522665     2.4238     1.3898     16.514    25.6140    29.9320    17.1311    17.1270    4966.14    35.1694     5.5242     7.8947    101.261    246.712      8.006  0.000e+00
   2165.500     16.464   4.522972     2.4271     1.3918     16.372    25.6154    29.9334    17.1319    17.1278    4966.15    35.1714     5.5391     7.9159    101.537    247.377      8.007  0.000e+00
   2165.750     16.327   4.523539     2.4290     1.3918     16.237    25.6177    29.9357    17.1335    17.1294    4966.17    35.1750     5.5500     7.9314    101.741    247.861      8.009  0.000e+00
   2166.000     16.191   4.523714     2.4306     1.3620     16.101    25.6159    29.9338    17.1368    17.1327    4966.19    35.1737     5.5596     7.9452    101.923    248.292      8.007  0.000e+00
   2166.250     16.048   4.523784     2.4316     1.3660     15.960    25.6136    29.9315    17.1399    17.1358    4966.20    35.1717     5.5647     7.9526    102.022    248.521      8.007  0.000e+00
   2166.500     15.912   4.523832     2.4338     1.3640     15.824    25.6122    29.9301    17.1419    17.1378    4966.21    35.1704     5.5727     7.9640    102.172    248.877      8.006  0.000e+00
   2166.750     15.751   4.523476     2.4328     1.3580     15.664    25.6087    29.9266    17.1431    17.1390    4966.20    35.1663     5.5675     7.9565    102.076    248.645      8.007  0.000e+00
   2167.000     15.596   4.524049     2.4328     1.3461     15.510    25.6118    29.9295    17.1441    17.1400    4966.22    35.1705     5.5633     7.9505    102.003    248.455      8.012  0.000e+00
   2167.250     15.441   4.524098     2.4323     1.4116     15.356    25.6116    29.9294    17.1447    17.1406    4966.21    35.1705     5.5573     7.9419    101.895    248.189      8.008  0.000e+00
   2167.500     15.293   4.523895     2.4330     1.3977     15.208    25.6093    29.9271    17.1457    17.1416    4966.21    35.1679     5.5547     7.9382    101.848    248.074      8.009  0.000e+00
   2167.750     15.138   4.523958     2.4333     1.3878     15.054    25.6098    29.9276    17.1457    17.1416    4966.20    35.1685     5.5527     7.9354    101.812    247.985      8.009  0.000e+00
   2168.000     15.001   4.524007     2.4325     1.3898     14.919    25.6103    29.9280    17.1456    17.1415    4966.19    35.1690     5.5477     7.9282    101.720    247.761      8.008  0.000e+00
   2168.250     14.865   4.523986     2.4322     1.2727     14.783    25.6100    29.9277    17.1458    17.1417    4966.19    35.1688     5.5444     7.9235    101.659    247.612      8.012  0.000e+00
   2168.500     14.735   4.523804     2.4320     1.2727     14.654    25.6090    29.9267    17.1456    17.1415    4966.17    35.1674     5.5423     7.9205    101.619    247.518      8.012  0.000e+00
   2168.750     14.624   4.523895     2.4313     1.2529     14.543    25.6095    29.9273    17.1457    17.1416    4966.17    35.1681     5.5398     7.9170    101.575    247.409      8.011  0.000e+00
   2169.000     14.500   4.523727     2.4321     1.2549     14.420    25.6086    29.9264    17.1455    17.1414    4966.16    35.1669     5.5423     7.9205    101.619    247.518      8.009  0.000e+00
   2169.250     14.382   4.523776     2.4329     1.3858     14.302    25.6097    29.9274    17.1448    17.1407    4966.15    35.1680     5.5452     7.9247    101.672    247.649      8.011  0.000e+00
   2169.500     14.233   4.524049     2.4329     1.3997     14.155    25.6120    29.9297    17.1443    17.1401    4966.14    35.1709     5.5456     7.9253    101.680    247.668      8.012  0.000e+00
   2169.750     14.091   4.524286     2.4324     1.3997     14.013    25.6128    29.9305    17.1452    17.1411    4966.15    35.1722     5.5443     7.9234    101.658    247.608      8.012  0.000e+00
   2170.000     13.942   4.524468     2.4325     1.3858     13.865    25.6126    29.9302    17.1468    17.1427    4966.16    35.1724     5.5452     7.9246    101.677    247.647      8.010  0.000e+00
   2170.250     13.781   4.524825     2.4333     1.3541     13.705    25.6132    29.9308    17.1488    17.1447    4966.18    35.1739     5.5482     7.9290    101.738    247.784      8.010  0.000e+00
   2170.500     13.639   4.525070     2.4330     1.3878     13.563    25.6131    29.9307    17.1507    17.1466    4966.19    35.1744     5.5473     7.9276    101.725    247.741      8.011  0.000e+00
