cruises/baja2025/cnv/20250416_cast2.cnv
* Sea-Bird SBE19plus Data File:
* FileName = C:\Users\ScienceTech\OneDrive - Western Flyer Foundation\Desktop\ProfilingCTD\data\20250416_PuntaMarciel_cast2.hex
* Software Version 1.59
* Temperature SN =  8289
* Conductivity SN =  8289
* System UpLoad Time = Apr 16 2025 17:29:32
* ds
* SBE 19plus V 3.1.8  SERIAL NO. 8289    16 Apr 2025 17:28:17
# nquan = 18
# nvalues = 7700                                  
# units = specified
# name 0 = timeS: Time, Elapsed [seconds]
# name 1 = prdM: Pressure, Strain Gauge [db]
# name 2 = c0S/m: Conductivity [S/m]
# name 3 = sbeox0V: Oxygen raw, SBE 43 [V]
# name 4 = flECO-AFL: Fluorescence, WET Labs ECO-AFL/FL [mg/m^3]
# name 5 = depSM: Depth [salt water, m], lat = 0.00
# name 6 = sigma-t00: Density [sigma-t, kg/m^3 ]
# name 7 = sigma-100: Density [sigma-1, kg/m^3 ]
# name 8 = tv268C: Temperature [IPTS-68, deg C]
# name 9 = tv290C: Temperature [ITS-90, deg C]
# name 10 = svCF: Sound Velocity [Chen-Millero, ft/s]
# name 11 = sal00: Salinity, Practical [PSU]
# name 12 = sbeox0ML/L: Oxygen, SBE 43 [ml/l]
# name 13 = sbeox0Mg/L: Oxygen, SBE 43 [mg/l]
# name 14 = sbeox0PS: Oxygen, SBE 43 [% saturation]
# name 15 = sbeox0Mm/L: Oxygen, SBE 43 [umol/l]
# name 16 = ph: pH
# name 17 = flag:  0.000e+00
# span 0 =      0.000,   1924.750                 
# span 1 =     -0.157,    324.472                 
# span 2 =  -0.098023,   5.199107                 
# span 3 =     0.5476,     3.0889                 
# span 4 =    -0.1694,   128.6821                 
# span 5 =     -0.156,    322.437                 
# span 6 =    -2.7047,    26.6179                 
# span 7 =     1.7236,    31.0680                 
# span 8 =    10.6675,    24.0168                 
# span 9 =    10.6649,    24.0111                 
# span 10 =    4875.21,    5024.18                
# span 11 =     0.0000,    36.3855                
# span 12 =     0.0618,     7.1288                
# span 13 =     0.0883,    10.1877                
# span 14 =      0.991,    135.470                
# span 15 =      2.760,    318.371                
# span 16 =      7.563,      8.222                
# span 17 = 0.0000e+00, 0.0000e+00                
# interval = seconds: 0.25
# start_time = Apr 16 2025 10:51:32 [Instrument's time stamp, header]
# bad_flag = -9.990e-29
*END*
[from data line 805]
    201.250      6.194   4.878896     2.8857     1.2172      6.160    24.8513    29.1139    20.5049    20.5000    4997.63    35.2918     6.3851     9.1249    124.731    285.157      8.131  0.000e+00
    201.500      6.188   4.878896     2.8857     1.2172      6.154    24.8511    29.1137    20.5051    20.5002    4997.63    35.2916     6.3847     9.1243    124.724    285.139      8.131  0.000e+00
    201.750      6.176   4.878795     2.8848     1.2152      6.142    24.8505    29.1132    20.5050    20.5001    4997.63    35.2909     6.3842     9.1236    124.713    285.116      8.132  0.000e+00
    202.000      6.163   4.878759     2.8851     1.1855      6.129    24.8506    29.1132    20.5047    20.4998    4997.63    35.2909     6.3872     9.1279    124.772    285.252      8.133  0.000e+00
    202.250      6.169   4.878730     2.8848     1.1775      6.135    24.8508    29.1134    20.5043    20.4994    4997.62    35.2909     6.3870     9.1277    124.768    285.245      8.133  0.000e+00
    202.500      6.188   4.878680     2.8855     1.1835      6.154    24.8508    29.1134    20.5040    20.4990    4997.62    35.2908     6.3907     9.1329    124.839    285.409      8.131  0.000e+00
    202.750      6.200   4.878600     2.8847     1.1775      6.166    24.8505    29.1132    20.5037    20.4988    4997.62    35.2904     6.3899     9.1318    124.822    285.372      8.132  0.000e+00
    203.000      6.219   4.877972     2.8850     1.2093      6.185    24.8471    29.1098    20.5032    20.4983    4997.60    35.2857     6.3917     9.1344    124.853    285.453      8.130  0.000e+00
    203.250      6.231   4.878369     2.8841     1.2271      6.197    24.8504    29.1131    20.5022    20.4973    4997.60    35.2897     6.3883     9.1295    124.787    285.301      8.133  0.000e+00
    203.500      6.256   4.878073     2.8837     1.2172      6.222    24.8495    29.1122    20.5012    20.4963    4997.59    35.2882     6.3872     9.1279    124.761    285.250      8.131  0.000e+00
    203.750      6.287   4.877777     2.8839     1.2112      6.253    24.8497    29.1124    20.4990    20.4941    4997.57    35.2876     6.3882     9.1294    124.776    285.297      8.131  0.000e+00
    204.000      6.312   4.877611     2.8834     1.2053      6.277    24.8510    29.1138    20.4964    20.4915    4997.55    35.2884     6.3867     9.1272    124.741    285.230      8.132  0.000e+00
    204.250      6.312   4.877344     2.8825     1.1279      6.277    24.8515    29.1144    20.4939    20.4890    4997.53    35.2883     6.3838     9.1231    124.680    285.102      8.134  0.000e+00
    204.500      6.306   4.877777     2.8807     1.1319      6.271    24.8560    29.1188    20.4920    20.4871    4997.53    35.2934     6.3773     9.1137    124.551    284.809      8.130  0.000e+00
    204.750      6.300   4.877972     2.8788     1.1140      6.265    24.8576    29.1204    20.4915    20.4866    4997.53    35.2954     6.3704     9.1039    124.417    284.502      8.132  0.000e+00
    205.000      6.269   4.878081     2.8788     1.1140      6.234    24.8573    29.1201    20.4926    20.4877    4997.54    35.2954     6.3690     9.1020    124.393    284.440      8.132  0.000e+00
    205.250      6.238   4.878232     2.8784     1.2212      6.203    24.8572    29.1200    20.4937    20.4888    4997.55    35.2957     6.3674     9.0997    124.365    284.370      8.130  0.000e+00
    205.500      6.225   4.878232     2.8786     1.2112      6.191    24.8559    29.1186    20.4953    20.4903    4997.56    35.2944     6.3677     9.1001    124.373    284.383      8.131  0.000e+00
    205.750      6.200   4.878232     2.8789     1.2093      6.166    24.8548    29.1176    20.4964    20.4915    4997.56    35.2935     6.3695     9.1026    124.408    284.460      8.130  0.000e+00
    206.000      6.201   4.878102     2.8795     1.2152      6.166    24.8537    29.1164    20.4968    20.4919    4997.56    35.2921     6.3730     9.1076    124.477    284.616      8.132  0.000e+00
    206.250      6.201   4.878001     2.8809     1.0942      6.166    24.8531    29.1158    20.4968    20.4919    4997.56    35.2913     6.3802     9.1179    124.618    284.940      8.132  0.000e+00
    206.500      6.219   4.878073     2.8821     1.0962      6.185    24.8540    29.1168    20.4962    20.4913    4997.56    35.2924     6.3870     9.1277    124.750    285.245      8.130  0.000e+00
    206.750      6.219   4.878073     2.8840     1.0902      6.185    24.8545    29.1173    20.4956    20.4907    4997.56    35.2928     6.3958     9.1402    124.920    285.635      8.132  0.000e+00
    207.000      6.232   4.878001     2.8844     1.0823      6.197    24.8541    29.1169    20.4956    20.4907    4997.55    35.2922     6.3988     9.1446    124.980    285.772      8.131  0.000e+00
    207.250      6.250   4.877936     2.8843     1.0783      6.216    24.8539    29.1167    20.4954    20.4904    4997.55    35.2919     6.3993     9.1453    124.989    285.795      8.133  0.000e+00
    207.500      6.232   4.877893     2.8818     1.2747      6.197    24.8541    29.1169    20.4949    20.4900    4997.55    35.2920     6.3907     9.1330    124.819    285.409      8.132  0.000e+00
    207.750      6.256   4.877871     2.8788     1.2648      6.222    24.8544    29.1172    20.4944    20.4895    4997.54    35.2922     6.3786     9.1157    124.582    284.869      8.130  0.000e+00
    208.000      6.244   4.877907     2.8796     1.2727      6.210    24.8550    29.1178    20.4940    20.4891    4997.54    35.2928     6.3776     9.1143    124.562    284.824      8.132  0.000e+00
    208.250      6.256   4.877871     2.8805     1.2608      6.222    24.8552    29.1180    20.4935    20.4886    4997.54    35.2929     6.3775     9.1141    124.558    284.818      8.129  0.000e+00
    208.500      6.263   4.877907     2.8819     1.4552      6.228    24.8553    29.1181    20.4936    20.4887    4997.54    35.2931     6.3808     9.1188    124.623    284.966      8.131  0.000e+00
    208.750      6.275   4.877806     2.8796     1.4612      6.240    24.8545    29.1173    20.4938    20.4889    4997.54    35.2922     6.3733     9.1081    124.476    284.631      8.130  0.000e+00
    209.000      6.263   4.877806     2.8785     1.4652      6.228    24.8549    29.1178    20.4934    20.4884    4997.54    35.2926     6.3700     9.1034    124.412    284.486      8.130  0.000e+00
    209.250      6.263   4.877871     2.8775     1.4711      6.228    24.8559    29.1187    20.4928    20.4879    4997.53    35.2936     6.3678     9.1002    124.368    284.387      8.132  0.000e+00
    209.500      6.250   4.877972     2.8775     1.4433      6.216    24.8565    29.1193    20.4928    20.4879    4997.54    35.2944     6.3692     9.1022    124.395    284.446      8.131  0.000e+00
    209.750      6.257   4.877857     2.8773     1.1855      6.222    24.8554    29.1182    20.4932    20.4882    4997.54    35.2931     6.3691     9.1021    124.394    284.445      8.130  0.000e+00
    210.000      6.238   4.877907     2.8789     1.1914      6.204    24.8557    29.1186    20.4932    20.4882    4997.54    35.2935     6.3730     9.1076    124.470    284.616      8.130  0.000e+00
    210.250      6.238   4.877871     2.8778     1.1914      6.203    24.8553    29.1182    20.4934    20.4884    4997.54    35.2931     6.3697     9.1030    124.407    284.473      8.131  0.000e+00
    210.500      6.219   4.877907     2.8801     1.1835      6.185    24.8557    29.1186    20.4932    20.4882    4997.54    35.2936     6.3780     9.1148    124.568    284.841      8.132  0.000e+00
    210.750      6.250   4.877972     2.8805     1.1140      6.216    24.8561    29.1189    20.4933    20.4883    4997.54    35.2940     6.3825     9.1212    124.656    285.041      8.129  0.000e+00
    211.000      6.244   4.877936     2.8791     1.1160      6.209    24.8557    29.1185    20.4935    20.4885    4997.54    35.2935     6.3798     9.1173    124.603    284.921      8.131  0.000e+00
    211.250      6.250   4.877907     2.8768     1.1081      6.216    24.8553    29.1181    20.4936    20.4887    4997.54    35.2931     6.3724     9.1068    124.460    284.592      8.129  0.000e+00
    211.500      6.262   4.877871     2.8751     1.1160      6.228    24.8551    29.1179    20.4936    20.4887    4997.54    35.2928     6.3652     9.0965    124.318    284.269      8.132  0.000e+00
    211.750      6.250   4.877806     2.8740     1.2470      6.216    24.8549    29.1177    20.4935    20.4885    4997.54    35.2925     6.3591     9.0877    124.198    283.996      8.129  0.000e+00
    212.000      6.250   4.877806     2.8735     1.2529      6.216    24.8552    29.1180    20.4931    20.4882    4997.53    35.2928     6.3550     9.0819    124.118    283.813      8.128  0.000e+00
    212.250      6.244   4.877857     2.8725     1.2370      6.210    24.8559    29.1187    20.4927    20.4878    4997.53    35.2935     6.3503     9.0752    124.026    283.605      8.128  0.000e+00
    212.500      6.232   4.877936     2.8724     1.2489      6.197    24.8563    29.1191    20.4928    20.4879    4997.53    35.2941     6.3484     9.0725    123.989    283.519      8.130  0.000e+00
    212.750      6.232   4.877936     2.8734     1.2589      6.197    24.8560    29.1188    20.4931    20.4882    4997.54    35.2939     6.3526     9.0785    124.072    283.707      8.131  0.000e+00
    213.000      6.225   4.877871     2.8765     1.2232      6.191    24.8553    29.1182    20.4934    20.4884    4997.54    35.2931     6.3659     9.0975    124.331    284.299      8.131  0.000e+00
    213.250      6.213   4.877871     2.8778     1.2152      6.179    24.8554    29.1183    20.4933    20.4883    4997.53    35.2932     6.3745     9.1098    124.500    284.687      8.130  0.000e+00
    213.500      6.225   4.877972     2.8773     1.2212      6.191    24.8560    29.1188    20.4934    20.4884    4997.54    35.2939     6.3766     9.1127    124.541    284.777      8.129  0.000e+00
    213.750      6.213   4.878001     2.8790     1.2093      6.179    24.8559    29.1187    20.4936    20.4887    4997.54    35.2939     6.3840     9.1234    124.687    285.111      8.130  0.000e+00
    214.000      6.225   4.878073     2.8795     1.1458      6.191    24.8563    29.1191    20.4937    20.4888    4997.54    35.2944     6.3870     9.1277    124.746    285.244      8.128  0.000e+00
    214.250      6.232   4.878037     2.8816     1.1458      6.197    24.8556    29.1184    20.4942    20.4893    4997.55    35.2937     6.3947     9.1386    124.896    285.586      8.130  0.000e+00
    214.500      6.257   4.878001     2.8834     1.1517      6.222    24.8552    29.1180    20.4944    20.4895    4997.55    35.2933     6.4003     9.1467    125.007    285.839      8.129  0.000e+00
    214.750      6.263   4.877763     2.8821     1.1537      6.228    24.8536    29.1164    20.4945    20.4896    4997.54    35.2913     6.3952     9.1394    124.906    285.611      8.132  0.000e+00
    215.000      6.281   4.877676     2.8821     1.1260      6.247    24.8537    29.1165    20.4938    20.4889    4997.54    35.2911     6.3930     9.1362    124.860    285.510      8.130  0.000e+00
    215.250      6.300   4.877409     2.8833     1.1200      6.265    24.8532    29.1160    20.4926    20.4877    4997.52    35.2900     6.3959     9.1405    124.915    285.643      8.129  0.000e+00
    215.500      6.306   4.877113     2.8834     1.1220      6.271    24.8533    29.1162    20.4904    20.4855    4997.50    35.2894     6.3959     9.1404    124.909    285.642      8.130  0.000e+00
    215.750      6.300   4.877113     2.8818     1.1200      6.265    24.8555    29.1184    20.4880    20.4831    4997.49    35.2914     6.3890     9.1306    124.770    285.335      8.130  0.000e+00
    216.000      6.287   4.877150     2.8809     1.1319      6.253    24.8578    29.1207    20.4857    20.4808    4997.47    35.2936     6.3841     9.1235    124.670    285.112      8.131  0.000e+00
    216.250      6.275   4.877344     2.8768     1.2529      6.240    24.8598    29.1227    20.4849    20.4799    4997.47    35.2959     6.3680     9.1005    124.355    284.393      8.129  0.000e+00
    216.500      6.250   4.877279     2.8739     1.2470      6.216    24.8592    29.1221    20.4850    20.4801    4997.47    35.2952     6.3552     9.0822    124.106    283.824      8.129  0.000e+00
    216.750      6.244   4.877085     2.8738     1.2351      6.210    24.8576    29.1206    20.4854    20.4805    4997.47    35.2933     6.3524     9.0782    124.051    283.699      8.129  0.000e+00
    217.000      6.238   4.877279     2.8758     1.2470      6.203    24.8592    29.1221    20.4850    20.4801    4997.47    35.2952     6.3573     9.0852    124.147    283.918      8.132  0.000e+00
    217.250      6.232   4.876976     2.8776     1.1418      6.197    24.8574    29.1203    20.4849    20.4800    4997.46    35.2928     6.3638     9.0945    124.272    284.208      8.132  0.000e+00
    217.500      6.225   4.877020     2.8770     1.1478      6.191    24.8583    29.1212    20.4843    20.4794    4997.46    35.2937     6.3646     9.0957    124.287    284.245      8.129  0.000e+00
    217.750      6.213   4.877020     2.8770     1.1656      6.179    24.8590    29.1219    20.4835    20.4786    4997.45    35.2944     6.3684     9.1010    124.359    284.412      8.130  0.000e+00
    218.000      6.219   4.876947     2.8777     1.1656      6.185    24.8590    29.1220    20.4829    20.4780    4997.45    35.2943     6.3744     9.1097    124.476    284.682      8.130  0.000e+00
    218.250      6.213   4.876983     2.8739     1.1577      6.179    24.8593    29.1222    20.4829    20.4780    4997.45    35.2946     6.3655     9.0969    124.302    284.284      8.130  0.000e+00
    218.500      6.213   4.876983     2.8702     1.1597      6.179    24.8593    29.1222    20.4829    20.4780    4997.45    35.2946     6.3525     9.0783    124.047    283.701      8.128  0.000e+00
    218.750      6.219   4.876947     2.8699     1.1517      6.185    24.8593    29.1223    20.4827    20.4777    4997.44    35.2945     6.3474     9.0710    123.947    283.474      8.130  0.000e+00
    219.000      6.238   4.876919     2.8698     1.1478      6.204    24.8592    29.1222    20.4826    20.4776    4997.44    35.2944     6.3434     9.0653    123.869    283.295      8.130  0.000e+00
    219.250      6.250   4.876817     2.8702     1.1478      6.216    24.8587    29.1216    20.4825    20.4775    4997.44    35.2936     6.3433     9.0652    123.867    283.293      8.129  0.000e+00
    219.500      6.282   4.876623     2.8714     1.2172      6.247    24.8580    29.1210    20.4818    20.4769    4997.43    35.2926     6.3482     9.0722    123.960    283.510      8.130  0.000e+00
    219.750      6.275   4.876392     2.8749     1.2232      6.241    24.8577    29.1207    20.4806    20.4757    4997.42    35.2917     6.3621     9.0921    124.228    284.133      8.130  0.000e+00
    220.000      6.288   4.876341     2.8789     1.2152      6.253    24.8591    29.1221    20.4787    20.4738    4997.41    35.2928     6.3804     9.1182    124.581    284.947      8.127  0.000e+00
    220.250      6.300   4.876291     2.8790     1.2152      6.266    24.8600    29.1230    20.4774    20.4725    4997.40    35.2935     6.3881     9.1292    124.729    285.292      8.128  0.000e+00
    220.500      6.313   4.876226     2.8785     1.2668      6.278    24.8607    29.1237    20.4762    20.4712    4997.39    35.2940     6.3907     9.1329    124.778    285.408      8.129  0.000e+00
    220.750      6.325   4.876226     2.8788     1.2807      6.290    24.8613    29.1244    20.4755    20.4706    4997.39    35.2946     6.3921     9.1349    124.804    285.470      8.129  0.000e+00
