cruises/baja2025/cnv/20250416_cast2.cnv
* Sea-Bird SBE19plus Data File:
* FileName = C:\Users\ScienceTech\OneDrive - Western Flyer Foundation\Desktop\ProfilingCTD\data\20250416_PuntaMarciel_cast2.hex
* Software Version 1.59
* Temperature SN =  8289
* Conductivity SN =  8289
* System UpLoad Time = Apr 16 2025 17:29:32
* ds
* SBE 19plus V 3.1.8  SERIAL NO. 8289    16 Apr 2025 17:28:17
# nquan = 18
# nvalues = 7700                                  
# units = specified
# name 0 = timeS: Time, Elapsed [seconds]
# name 1 = prdM: Pressure, Strain Gauge [db]
# name 2 = c0S/m: Conductivity [S/m]
# name 3 = sbeox0V: Oxygen raw, SBE 43 [V]
# name 4 = flECO-AFL: Fluorescence, WET Labs ECO-AFL/FL [mg/m^3]
# name 5 = depSM: Depth [salt water, m], lat = 0.00
# name 6 = sigma-t00: Density [sigma-t, kg/m^3 ]
# name 7 = sigma-100: Density [sigma-1, kg/m^3 ]
# name 8 = tv268C: Temperature [IPTS-68, deg C]
# name 9 = tv290C: Temperature [ITS-90, deg C]
# name 10 = svCF: Sound Velocity [Chen-Millero, ft/s]
# name 11 = sal00: Salinity, Practical [PSU]
# name 12 = sbeox0ML/L: Oxygen, SBE 43 [ml/l]
# name 13 = sbeox0Mg/L: Oxygen, SBE 43 [mg/l]
# name 14 = sbeox0PS: Oxygen, SBE 43 [% saturation]
# name 15 = sbeox0Mm/L: Oxygen, SBE 43 [umol/l]
# name 16 = ph: pH
# name 17 = flag:  0.000e+00
# span 0 =      0.000,   1924.750                 
# span 1 =     -0.157,    324.472                 
# span 2 =  -0.098023,   5.199107                 
# span 3 =     0.5476,     3.0889                 
# span 4 =    -0.1694,   128.6821                 
# span 5 =     -0.156,    322.437                 
# span 6 =    -2.7047,    26.6179                 
# span 7 =     1.7236,    31.0680                 
# span 8 =    10.6675,    24.0168                 
# span 9 =    10.6649,    24.0111                 
# span 10 =    4875.21,    5024.18                
# span 11 =     0.0000,    36.3855                
# span 12 =     0.0618,     7.1288                
# span 13 =     0.0883,    10.1877                
# span 14 =      0.991,    135.470                
# span 15 =      2.760,    318.371                
# span 16 =      7.563,      8.222                
# span 17 = 0.0000e+00, 0.0000e+00                
# interval = seconds: 0.25
# start_time = Apr 16 2025 10:51:32 [Instrument's time stamp, header]
# bad_flag = -9.990e-29
*END*
[from data line 6031]
   1507.750    323.591   3.859502     0.5504    -0.0702    321.562    26.5988    31.0489    10.6943    10.6917    4912.29    34.7021     0.0754     0.1077      1.209      3.366      7.568  0.000e+00
   1508.000    323.684   3.858905     0.5497    -0.0524    321.654    26.5977    31.0479    10.6903    10.6878    4912.24    34.6998     0.0705     0.1007      1.130      3.147      7.567  0.000e+00
   1508.250    323.765   3.858715     0.5496    -0.0762    321.734    26.6009    31.0512    10.6852    10.6827    4912.19    34.7027     0.0686     0.0981      1.101      3.064      7.568  0.000e+00
   1508.500    323.802   3.858768     0.5500    -0.0623    321.771    26.6052    31.0556    10.6809    10.6784    4912.16    34.7072     0.0708     0.1011      1.135      3.160      7.569  0.000e+00
   1508.750    323.839   3.858853     0.5498    -0.0643    321.808    26.6081    31.0585    10.6785    10.6759    4912.15    34.7104     0.0701     0.1001      1.124      3.129      7.565  0.000e+00
   1509.000    323.895   3.858742     0.5501    -0.0623    321.864    26.6079    31.0583    10.6778    10.6752    4912.14    34.7100     0.0717     0.1024      1.150      3.201      7.568  0.000e+00
   1509.250    324.007   3.858663     0.5495    -0.0682    321.974    26.6077    31.0581    10.6772    10.6747    4912.14    34.7096     0.0694     0.0992      1.113      3.100      7.567  0.000e+00
   1509.500    324.106   3.858230     0.5503    -0.0603    322.073    26.6051    31.0556    10.6763    10.6738    4912.12    34.7061     0.0739     0.1056      1.185      3.299      7.570  0.000e+00
   1509.750    324.236   3.858119     0.5492    -0.0722    322.202    26.6059    31.0564    10.6745    10.6719    4912.11    34.7067     0.0682     0.0974      1.094      3.045      7.568  0.000e+00
   1510.000    324.292   3.858119     0.5502    -0.0603    322.258    26.6080    31.0585    10.6722    10.6696    4912.10    34.7088     0.0731     0.1044      1.172      3.264      7.567  0.000e+00
   1510.250    324.348   3.858119     0.5498    -0.0781    322.313    26.6090    31.0595    10.6711    10.6685    4912.09    34.7098     0.0714     0.1021      1.146      3.191      7.567  0.000e+00
   1510.500    324.336   3.858119     0.5500    -0.0762    322.301    26.6097    31.0603    10.6703    10.6677    4912.08    34.7106     0.0717     0.1025      1.150      3.202      7.566  0.000e+00
   1510.750    324.336   3.858178     0.5501    -0.0643    322.301    26.6104    31.0610    10.6700    10.6674    4912.08    34.7115     0.0728     0.1040      1.167      3.251      7.567  0.000e+00
   1511.000    324.348   3.858283     0.5487    -0.0524    322.313    26.6113    31.0618    10.6700    10.6674    4912.09    34.7125     0.0663     0.0947      1.063      2.960      7.569  0.000e+00
   1511.250    324.354   3.858336     0.5498    -0.0702    322.319    26.6113    31.0619    10.6703    10.6678    4912.09    34.7127     0.0706     0.1010      1.133      3.155      7.569  0.000e+00
   1511.500    324.348   3.858421     0.5488    -0.0702    322.313    26.6113    31.0619    10.6711    10.6685    4912.10    34.7129     0.0655     0.0936      1.051      2.926      7.567  0.000e+00
   1511.750    324.336   3.858552     0.5496    -0.0781    322.301    26.6114    31.0619    10.6721    10.6696    4912.11    34.7132     0.0692     0.0989      1.110      3.092      7.569  0.000e+00
   1512.000    324.336   3.858611     0.5490    -0.0623    322.301    26.6110    31.0615    10.6731    10.6705    4912.12    34.7129     0.0656     0.0938      1.052      2.931      7.565  0.000e+00
   1512.250    324.336   3.858663     0.5491    -0.0702    322.301    26.6108    31.0612    10.6738    10.6712    4912.13    34.7128     0.0663     0.0947      1.063      2.960      7.566  0.000e+00
   1512.500    324.342   3.858742     0.5489    -0.0702    322.307    26.6107    31.0611    10.6745    10.6720    4912.14    34.7128     0.0657     0.0938      1.053      2.932      7.568  0.000e+00
   1512.750    324.336   3.858742     0.5498    -0.0702    322.301    26.6100    31.0605    10.6752    10.6727    4912.15    34.7122     0.0706     0.1009      1.132      3.153      7.568  0.000e+00
   1513.000    324.336   3.858768     0.5498    -0.0702    322.301    26.6099    31.0603    10.6756    10.6731    4912.15    34.7120     0.0726     0.1038      1.165      3.243      7.568  0.000e+00
   1513.250    324.342   3.858768     0.5487    -0.0603    322.307    26.6094    31.0599    10.6761    10.6736    4912.15    34.7116     0.0669     0.0956      1.072      2.986      7.568  0.000e+00
   1513.500    324.342   3.858663     0.5494    -0.0603    322.307    26.6084    31.0589    10.6763    10.6738    4912.15    34.7103     0.0703     0.1005      1.128      3.140      7.567  0.000e+00
   1513.750    324.329   3.858716     0.5493    -0.0702    322.295    26.6090    31.0594    10.6762    10.6736    4912.15    34.7110     0.0695     0.0993      1.114      3.102      7.566  0.000e+00
   1514.000    324.336   3.858794     0.5487    -0.0543    322.301    26.6096    31.0600    10.6762    10.6736    4912.16    34.7118     0.0670     0.0958      1.075      2.993      7.568  0.000e+00
   1514.250    324.342   3.858880     0.5487    -0.0623    322.307    26.6099    31.0604    10.6765    10.6740    4912.16    34.7123     0.0660     0.0944      1.059      2.949      7.566  0.000e+00
   1514.500    324.342   3.858853     0.5485    -0.0623    322.307    26.6088    31.0593    10.6775    10.6749    4912.17    34.7111     0.0645     0.0922      1.035      2.881      7.567  0.000e+00
   1514.750    324.342   3.858716     0.5493    -0.0563    322.307    26.6071    31.0575    10.6783    10.6757    4912.17    34.7090     0.0672     0.0960      1.077      3.000      7.570  0.000e+00
   1515.000    324.336   3.858637     0.5491    -0.0702    322.301    26.6064    31.0568    10.6783    10.6758    4912.17    34.7082     0.0678     0.0969      1.088      3.029      7.568  0.000e+00
   1515.250    324.348   3.858663     0.5481    -0.0781    322.313    26.6069    31.0573    10.6780    10.6754    4912.17    34.7088     0.0644     0.0920      1.033      2.876      7.570  0.000e+00
   1515.500    324.348   3.858689     0.5485    -0.0563    322.313    26.6075    31.0579    10.6776    10.6750    4912.16    34.7094     0.0650     0.0929      1.042      2.902      7.567  0.000e+00
   1515.750    324.354   3.858742     0.5490    -0.0722    322.319    26.6080    31.0584    10.6775    10.6749    4912.17    34.7100     0.0676     0.0967      1.085      3.021      7.568  0.000e+00
   1516.000    324.360   3.858663     0.5485    -0.0702    322.326    26.6071    31.0575    10.6778    10.6752    4912.16    34.7090     0.0665     0.0950      1.066      2.968      7.568  0.000e+00
   1516.250    324.354   3.858716     0.5492    -0.0702    322.319    26.6077    31.0581    10.6776    10.6750    4912.16    34.7097     0.0695     0.0993      1.114      3.102      7.569  0.000e+00
   1516.500    324.354   3.858794     0.5496    -0.0781    322.319    26.6084    31.0588    10.6775    10.6749    4912.17    34.7105     0.0717     0.1025      1.150      3.203      7.569  0.000e+00
   1516.750    324.354   3.858827     0.5489    -0.0543    322.319    26.6084    31.0589    10.6777    10.6751    4912.17    34.7107     0.0688     0.0983      1.103      3.070      7.569  0.000e+00
   1517.000    324.361   3.858827     0.5489    -0.0623    322.326    26.6083    31.0587    10.6778    10.6753    4912.17    34.7105     0.0693     0.0991      1.112      3.097      7.567  0.000e+00
   1517.250    324.361   3.858958     0.5491    -0.0702    322.326    26.6092    31.0596    10.6780    10.6754    4912.18    34.7117     0.0705     0.1008      1.131      3.150      7.568  0.000e+00
   1517.500    324.361   3.859011     0.5490    -0.0702    322.326    26.6090    31.0594    10.6787    10.6761    4912.19    34.7116     0.0692     0.0989      1.110      3.090      7.570  0.000e+00
   1517.750    324.355   3.858958     0.5487    -0.0643    322.320    26.6081    31.0585    10.6792    10.6767    4912.19    34.7105     0.0670     0.0957      1.075      2.992      7.568  0.000e+00
   1518.000    324.361   3.859011     0.5491    -0.0643    322.326    26.6084    31.0587    10.6794    10.6768    4912.19    34.7109     0.0684     0.0978      1.098      3.057      7.568  0.000e+00
   1518.250    324.367   3.858984     0.5491    -0.0702    322.332    26.6076    31.0580    10.6799    10.6773    4912.19    34.7102     0.0678     0.0968      1.087      3.026      7.567  0.000e+00
   1518.500    324.367   3.858827     0.5492    -0.0702    322.332    26.6062    31.0566    10.6801    10.6776    4912.19    34.7084     0.0688     0.0983      1.103      3.072      7.568  0.000e+00
   1518.750    324.373   3.858742     0.5491    -0.0464    322.338    26.6061    31.0565    10.6796    10.6770    4912.18    34.7080     0.0695     0.0994      1.115      3.105      7.568  0.000e+00
   1519.000    324.367   3.858794     0.5495    -0.0682    322.332    26.6069    31.0573    10.6791    10.6765    4912.18    34.7090     0.0714     0.1021      1.145      3.189      7.568  0.000e+00
   1519.250    324.367   3.858768     0.5487    -0.0722    322.332    26.6066    31.0570    10.6792    10.6767    4912.18    34.7086     0.0677     0.0967      1.085      3.022      7.564  0.000e+00
   1519.500    324.373   3.858853     0.5494    -0.0682    322.338    26.6075    31.0579    10.6789    10.6764    4912.18    34.7097     0.0709     0.1013      1.137      3.167      7.568  0.000e+00
   1519.750    324.367   3.858958     0.5491    -0.0722    322.332    26.6084    31.0588    10.6789    10.6763    4912.19    34.7109     0.0697     0.0997      1.118      3.114      7.568  0.000e+00
   1520.000    324.379   3.858880     0.5496    -0.0682    322.344    26.6075    31.0579    10.6792    10.6766    4912.19    34.7098     0.0713     0.1019      1.144      3.184      7.568  0.000e+00
   1520.250    324.367   3.858853     0.5488    -0.0702    322.332    26.6072    31.0576    10.6793    10.6767    4912.18    34.7094     0.0679     0.0970      1.089      3.031      7.567  0.000e+00
   1520.500    324.373   3.859227     0.5490    -0.0623    322.338    26.6100    31.0604    10.6794    10.6768    4912.20    34.7131     0.0679     0.0971      1.090      3.035      7.568  0.000e+00
   1520.750    324.404   3.859443     0.5494    -0.0623    322.369    26.6104    31.0607    10.6808    10.6782    4912.22    34.7139     0.0696     0.0995      1.117      3.109      7.572  0.000e+00
   1521.000    324.441   3.859443     0.5491    -0.0623    322.406    26.6089    31.0592    10.6824    10.6798    4912.24    34.7124     0.0683     0.0976      1.095      3.050      7.568  0.000e+00
   1521.250    324.472   3.859175     0.5492    -0.0603    322.437    26.6057    31.0560    10.6836    10.6811    4912.24    34.7085     0.0694     0.0992      1.114      3.101      7.570  0.000e+00
   1521.500    324.460   3.858768     0.5488    -0.0722    322.424    26.6026    31.0530    10.6835    10.6809    4912.22    34.7045     0.0669     0.0956      1.073      2.988      7.566  0.000e+00
   1521.750    324.448   3.858637     0.5487    -0.0524    322.412    26.6035    31.0539    10.6814    10.6789    4912.20    34.7052     0.0666     0.0951      1.067      2.972      7.568  0.000e+00
   1522.000    324.454   3.858421     0.5498    -0.0563    322.418    26.6043    31.0547    10.6787    10.6762    4912.17    34.7056     0.0714     0.1020      1.145      3.188      7.567  0.000e+00
   1522.250    324.460   3.858473     0.5485    -0.0682    322.424    26.6068    31.0572    10.6765    10.6739    4912.15    34.7082     0.0667     0.0953      1.070      2.979      7.568  0.000e+00
   1522.500    324.466   3.858473     0.5483    -0.0563    322.431    26.6082    31.0586    10.6749    10.6724    4912.14    34.7097     0.0645     0.0922      1.035      2.883      7.564  0.000e+00
   1522.750    324.454   3.858578     0.5497    -0.0801    322.418    26.6104    31.0609    10.6734    10.6709    4912.13    34.7122     0.0703     0.1005      1.127      3.140      7.565  0.000e+00
   1523.000    324.448   3.858447     0.5485    -0.0702    322.412    26.6093    31.0598    10.6734    10.6709    4912.13    34.7109     0.0661     0.0944      1.060      2.951      7.569  0.000e+00
   1523.250    324.460   3.858309     0.5497    -0.0762    322.424    26.6071    31.0576    10.6747    10.6721    4912.13    34.7083     0.0712     0.1017      1.142      3.180      7.567  0.000e+00
   1523.500    324.448   3.858178     0.5485    -0.0543    322.412    26.6072    31.0577    10.6735    10.6709    4912.12    34.7081     0.0668     0.0954      1.071      2.983      7.565  0.000e+00
   1523.750    324.454   3.858014     0.5491    -0.0623    322.418    26.6072    31.0577    10.6721    10.6696    4912.10    34.7078     0.0686     0.0980      1.100      3.063      7.567  0.000e+00
   1524.000    324.454   3.857988     0.5494    -0.0801    322.418    26.6083    31.0589    10.6707    10.6681    4912.09    34.7089     0.0698     0.0997      1.119      3.117      7.567  0.000e+00
   1524.250    324.454   3.857687     0.5490    -0.0563    322.418    26.6068    31.0574    10.6697    10.6671    4912.07    34.7068     0.0697     0.0995      1.117      3.111      7.566  0.000e+00
   1524.500    324.454   3.857287     0.5488    -0.0702    322.418    26.6043    31.0550    10.6690    10.6665    4912.05    34.7034     0.0682     0.0975      1.094      3.047      7.568  0.000e+00
   1524.750    324.448   3.857261     0.5486    -0.0543    322.412    26.6044    31.0551    10.6687    10.6661    4912.04    34.7035     0.0657     0.0939      1.054      2.936      7.567  0.000e+00
   1525.000    324.442   3.856880     0.5484    -0.0623    322.406    26.6016    31.0523    10.6685    10.6659    4912.02    34.6998     0.0651     0.0931      1.044      2.909      7.566  0.000e+00
   1525.250    324.448   3.857123     0.5486    -0.0603    322.412    26.6020    31.0526    10.6702    10.6676    4912.05    34.7006     0.0650     0.0928      1.042      2.901      7.567  0.000e+00
   1525.500    324.442   3.857175     0.5491    -0.0404    322.406    26.6001    31.0507    10.6727    10.6701    4912.07    34.6988     0.0681     0.0973      1.092      3.042      7.568  0.000e+00
   1525.750    324.435   3.856959     0.5488    -0.0603    322.400    26.5976    31.0482    10.6735    10.6709    4912.07    34.6959     0.0668     0.0955      1.071      2.984      7.565  0.000e+00
   1526.000    324.423   3.857123     0.5488    -0.0603    322.388    26.5998    31.0504    10.6725    10.6700    4912.07    34.6984     0.0671     0.0959      1.076      2.998      7.568  0.000e+00
   1526.250    324.417   3.857175     0.5494    -0.0722    322.382    26.5996    31.0502    10.6732    10.6707    4912.07    34.6983     0.0710     0.1014      1.138      3.170      7.567  0.000e+00
   1526.500    324.405   3.857582     0.5487    -0.0702    322.369    26.6023    31.0528    10.6738    10.6712    4912.09    34.7019     0.0687     0.0982      1.102      3.068      7.568  0.000e+00
   1526.750    324.405   3.857503     0.5490    -0.0682    322.369    26.6020    31.0526    10.6734    10.6708    4912.09    34.7015     0.0698     0.0997      1.119      3.115      7.567  0.000e+00
   1527.000    324.405   3.857608     0.5490     0.0825    322.369    26.6032    31.0538    10.6729    10.6704    4912.09    34.7029     0.0696     0.0994      1.116      3.107      7.567  0.000e+00
   1527.250    324.405   3.857660     0.5498     0.0647    322.369    26.6038    31.0544    10.6727    10.6702    4912.09    34.7036     0.0730     0.1043      1.170      3.259      7.568  0.000e+00
