cruises/baja2025/cnv/20250419_cast2.cnv
* Sea-Bird SBE19plus Data File:
* FileName = C:\Users\ScienceTech\OneDrive - Western Flyer Foundation\Desktop\ProfilingCTD\data\20250419_IslaCalavera_cast7.hex
* Software Version 1.59
* Temperature SN =  8289
* Conductivity SN =  8289
* System UpLoad Time = Apr 20 2025 13:40:56
** Isla Calavera
** 4/19/2025
** 2042 UTC
** 29 1.210'N
** 113 29.841W
** ~26 m
** demo for SVO guests
# nquan = 18
# nvalues = 1446                                  
# units = specified
# name 0 = timeS: Time, Elapsed [seconds]
# name 1 = prdM: Pressure, Strain Gauge [db]
# name 2 = c0S/m: Conductivity [S/m]
# name 3 = sbeox0V: Oxygen raw, SBE 43 [V]
# name 4 = flECO-AFL: Fluorescence, WET Labs ECO-AFL/FL [mg/m^3]
# name 5 = depSM: Depth [salt water, m], lat = 0.00
# name 6 = sigma-t00: Density [sigma-t, kg/m^3 ]
# name 7 = sigma-100: Density [sigma-1, kg/m^3 ]
# name 8 = tv268C: Temperature [IPTS-68, deg C]
# name 9 = tv290C: Temperature [ITS-90, deg C]
# name 10 = svCF: Sound Velocity [Chen-Millero, ft/s]
# name 11 = sal00: Salinity, Practical [PSU]
# name 12 = sbeox0ML/L: Oxygen, SBE 43 [ml/l]
# name 13 = sbeox0Mg/L: Oxygen, SBE 43 [mg/l]
# name 14 = sbeox0PS: Oxygen, SBE 43 [% saturation]
# name 15 = sbeox0Mm/L: Oxygen, SBE 43 [umol/l]
# name 16 = ph: pH
# name 17 = flag:  0.000e+00
# span 0 =      0.000,    361.250                 
# span 1 =     -0.109,     19.763                 
# span 2 =   0.000023,   4.457768                 
# span 3 =     1.9988,     2.8815                 
# span 4 =    -0.1277,   128.7237                 
# span 5 =     -0.108,     19.653                 
# span 6 =    -2.2061,    26.5637                 
# span 7 =     2.2574,    30.9025                 
# span 8 =    14.9272,    21.9442                 
# span 9 =    14.9236,    21.9390                 
# span 10 =    4815.75,    4962.71                
# span 11 =     0.0106,    35.9456                
# span 12 =     4.2471,     8.9912                
# span 13 =     6.0695,    12.8493                
# span 14 =     76.881,    133.084                
# span 15 =    189.674,    401.546                
# span 16 =      7.269,      8.025                
# span 17 = 0.0000e+00, 0.0000e+00                
# interval = seconds: 0.25
# start_time = Apr 19 2025 13:51:32 [Instrument's time stamp, header]
# bad_flag = -9.990e-29
*END*
[from data line 483]
    120.750      6.091   4.353210     2.4297     3.9309      6.057    25.9773    30.3241    15.4670    15.4633    4948.80    35.1404     5.7392     8.2019    101.837    256.312      7.975  0.000e+00
    121.000      6.072   4.353713     2.4308     3.9368      6.039    25.9805    30.3273    15.4674    15.4636    4948.81    35.1447     5.7458     8.2113    101.957    256.607      7.979  0.000e+00
    121.250      6.035   4.354016     2.4298     3.9626      6.002    25.9809    30.3276    15.4693    15.4656    4948.84    35.1457     5.7448     8.2099    101.944    256.562      7.976  0.000e+00
    121.500      5.992   4.353892     2.4284     3.9626      5.959    25.9772    30.3239    15.4724    15.4687    4948.85    35.1418     5.7396     8.2025    101.856    256.331      7.977  0.000e+00
    121.750      5.942   4.353953     2.4279     3.9686      5.909    25.9761    30.3227    15.4741    15.4704    4948.86    35.1408     5.7339     8.1943    101.757    256.076      7.976  0.000e+00
    122.000      5.905   4.353953     2.4269     3.9745      5.873    25.9755    30.3222    15.4747    15.4710    4948.86    35.1403     5.7257     8.1826    101.612    255.709      7.976  0.000e+00
    122.250      5.880   4.353953     2.4266     3.9705      5.848    25.9750    30.3217    15.4753    15.4715    4948.87    35.1398     5.7211     8.1760    101.532    255.505      7.977  0.000e+00
    122.500      5.862   4.353685     2.4260     3.9487      5.829    25.9728    30.3195    15.4757    15.4719    4948.86    35.1371     5.7156     8.1682    101.434    255.260      7.976  0.000e+00
    122.750      5.874   4.353506     2.4263     3.9229      5.842    25.9722    30.3189    15.4749    15.4712    4948.85    35.1361     5.7158     8.1685    101.435    255.268      7.978  0.000e+00
    123.000      5.899   4.353478     2.4262     3.9229      5.866    25.9733    30.3200    15.4736    15.4698    4948.84    35.1371     5.7157     8.1683    101.431    255.263      7.974  0.000e+00
    123.250      5.936   4.353265     2.4277     3.9487      5.903    25.9729    30.3196    15.4724    15.4686    4948.83    35.1362     5.7239     8.1800    101.574    255.630      7.976  0.000e+00
    123.500      5.967   4.353237     2.4281     3.9229      5.934    25.9740    30.3208    15.4709    15.4672    4948.82    35.1372     5.7286     8.1867    101.654    255.838      7.977  0.000e+00
    123.750      5.992   4.353058     2.4299     3.9428      5.959    25.9738    30.3206    15.4698    15.4661    4948.80    35.1366     5.7378     8.1998    101.815    256.249      7.976  0.000e+00
    124.000      5.998   4.353355     2.4309     3.9229      5.965    25.9765    30.3233    15.4690    15.4653    4948.81    35.1399     5.7447     8.2098    101.939    256.560      7.976  0.000e+00
    124.250      6.004   4.353237     2.4316     3.9328      5.971    25.9757    30.3225    15.4690    15.4653    4948.81    35.1389     5.7495     8.2166    102.022    256.772      7.974  0.000e+00
    124.500      6.010   4.353210     2.4329     3.9666      5.977    25.9753    30.3221    15.4692    15.4655    4948.81    35.1385     5.7559     8.2257    102.136    257.057      7.977  0.000e+00
    124.750      5.992   4.353416     2.4327     3.9725      5.959    25.9771    30.3239    15.4689    15.4652    4948.81    35.1406     5.7554     8.2250    102.128    257.036      7.975  0.000e+00
    125.000      5.979   4.353355     2.4329     3.9745      5.946    25.9764    30.3232    15.4691    15.4654    4948.81    35.1399     5.7554     8.2251    102.129    257.037      7.977  0.000e+00
    125.250      5.979   4.353444     2.4327     3.9626      5.946    25.9768    30.3236    15.4694    15.4657    4948.81    35.1405     5.7523     8.2205    102.073    256.896      7.976  0.000e+00
    125.500      5.961   4.353120     2.4331     3.9785      5.928    25.9741    30.3209    15.4699    15.4662    4948.81    35.1370     5.7516     8.2196    102.061    256.866      7.975  0.000e+00
    125.750      5.955   4.353058     2.4322     4.0419      5.922    25.9743    30.3211    15.4692    15.4655    4948.80    35.1371     5.7458     8.2114    101.957    256.609      7.976  0.000e+00
    126.000      5.967   4.353086     2.4324     4.0380      5.934    25.9755    30.3223    15.4681    15.4644    4948.79    35.1384     5.7442     8.2091    101.927    256.537      7.974  0.000e+00
    126.250      5.967   4.353024     2.4324     4.0221      5.934    25.9755    30.3223    15.4677    15.4640    4948.79    35.1382     5.7427     8.2069    101.899    256.469      7.975  0.000e+00
    126.500      5.949   4.353120     2.4313     4.0340      5.916    25.9767    30.3235    15.4671    15.4634    4948.79    35.1396     5.7374     8.1994    101.805    256.233      7.975  0.000e+00
    126.750      5.930   4.353299     2.4300     4.0598      5.897    25.9777    30.3245    15.4674    15.4636    4948.79    35.1410     5.7317     8.1912    101.705    255.978      7.977  0.000e+00
    127.000      5.911   4.353327     2.4286     4.0598      5.879    25.9774    30.3242    15.4679    15.4642    4948.80    35.1407     5.7250     8.1815    101.586    255.676      7.975  0.000e+00
    127.250      5.899   4.353299     2.4276     4.0697      5.866    25.9767    30.3235    15.4685    15.4648    4948.80    35.1400     5.7196     8.1739    101.493    255.439      7.977  0.000e+00
    127.500      5.868   4.353327     2.4298     4.0499      5.836    25.9766    30.3234    15.4687    15.4650    4948.80    35.1400     5.7265     8.1838    101.615    255.746      7.975  0.000e+00
    127.750      5.849   4.353237     2.4292     3.9011      5.817    25.9757    30.3225    15.4691    15.4654    4948.80    35.1389     5.7259     8.1829    101.605    255.721      7.975  0.000e+00
    128.000      5.843   4.353148     2.4319     3.9209      5.811    25.9750    30.3218    15.4691    15.4654    4948.80    35.1381     5.7373     8.1992    101.806    256.228      7.977  0.000e+00
    128.250      5.849   4.352638     2.4328     3.9170      5.817    25.9719    30.3187    15.4687    15.4650    4948.78    35.1338     5.7443     8.2092    101.927    256.540      7.975  0.000e+00
    128.500      5.843   4.352576     2.4309     3.8991      5.811    25.9734    30.3203    15.4665    15.4628    4948.76    35.1352     5.7416     8.2053    101.875    256.418      7.979  0.000e+00
    128.750      5.862   4.352549     2.4305     3.9150      5.830    25.9751    30.3220    15.4645    15.4608    4948.74    35.1368     5.7420     8.2059    101.880    256.438      7.975  0.000e+00
    129.000      5.874   4.352700     2.4311     3.7642      5.842    25.9774    30.3243    15.4632    15.4595    4948.74    35.1393     5.7446     8.2097    101.925    256.556      7.980  0.000e+00
    129.250      5.880   4.352611     2.4308     3.7781      5.848    25.9770    30.3239    15.4629    15.4592    4948.74    35.1387     5.7422     8.2061    101.880    256.446      7.978  0.000e+00
    129.500      5.887   4.352521     2.4306     3.7642      5.854    25.9766    30.3235    15.4627    15.4590    4948.73    35.1382     5.7387     8.2012    101.819    256.292      7.977  0.000e+00
    129.750      5.905   4.352460     2.4311     3.7742      5.873    25.9764    30.3233    15.4624    15.4586    4948.73    35.1379     5.7395     8.2023    101.831    256.326      7.978  0.000e+00
    130.000      5.905   4.352219     2.4300     3.8932      5.873    25.9755    30.3225    15.4615    15.4578    4948.71    35.1365     5.7334     8.1936    101.721    256.055      7.976  0.000e+00
    130.250      5.899   4.351833     2.4306     3.9011      5.866    25.9738    30.3208    15.4604    15.4567    4948.69    35.1339     5.7360     8.1973    101.762    256.168      7.977  0.000e+00
    130.500      5.899   4.351950     2.4305     3.9031      5.866    25.9767    30.3237    15.4582    15.4545    4948.68    35.1370     5.7375     8.1995    101.787    256.237      7.974  0.000e+00
    130.750      5.893   4.352343     2.4311     3.9229      5.860    25.9807    30.3277    15.4568    15.4531    4948.69    35.1418     5.7400     8.2030    101.831    256.347      7.978  0.000e+00
    131.000      5.880   4.352040     2.4321     4.1034      5.848    25.9778    30.3248    15.4576    15.4539    4948.68    35.1383     5.7437     8.2083    101.897    256.514      7.978  0.000e+00
    131.250      5.880   4.351861     2.4322     4.0677      5.848    25.9765    30.3235    15.4577    15.4540    4948.67    35.1367     5.7456     8.2111    101.930    256.600      7.976  0.000e+00
    131.500      5.874   4.352012     2.4326     4.0935      5.842    25.9786    30.3256    15.4566    15.4529    4948.67    35.1390     5.7480     8.2144    101.970    256.704      7.978  0.000e+00
    131.750      5.868   4.351861     2.4317     4.1034      5.836    25.9779    30.3250    15.4562    15.4524    4948.66    35.1380     5.7450     8.2102    101.917    256.573      7.977  0.000e+00
    132.000      5.874   4.351565     2.4315     4.0796      5.842    25.9764    30.3234    15.4556    15.4519    4948.65    35.1359     5.7444     8.2093    101.903    256.544      7.976  0.000e+00
    132.250      5.862   4.351324     2.4310     4.2165      5.830    25.9759    30.3230    15.4543    15.4506    4948.63    35.1348     5.7414     8.2050    101.847    256.410      7.975  0.000e+00
    132.500      5.874   4.351296     2.4320     4.2304      5.842    25.9774    30.3245    15.4525    15.4487    4948.62    35.1362     5.7441     8.2089    101.892    256.530      7.980  0.000e+00
    132.750      5.856   4.351296     2.4318     4.2205      5.823    25.9790    30.3261    15.4507    15.4470    4948.61    35.1378     5.7425     8.2066    101.860    256.458      7.981  0.000e+00
    133.000      5.850   4.351386     2.4320     4.2344      5.817    25.9803    30.3274    15.4500    15.4462    4948.60    35.1393     5.7427     8.2069    101.864    256.469      7.976  0.000e+00
    133.250      5.837   4.351565     2.4322     4.1828      5.805    25.9817    30.3288    15.4498    15.4461    4948.61    35.1411     5.7439     8.2086    101.886    256.522      7.978  0.000e+00
    133.500      5.831   4.351503     2.4335     4.1887      5.799    25.9808    30.3279    15.4503    15.4466    4948.61    35.1401     5.7495     8.2167    101.987    256.775      7.978  0.000e+00
    133.750      5.843   4.351441     2.4332     4.1788      5.811    25.9798    30.3269    15.4509    15.4472    4948.61    35.1389     5.7502     8.2177    102.000    256.806      7.977  0.000e+00
    134.000      5.856   4.351386     2.4344     4.2026      5.823    25.9795    30.3267    15.4508    15.4471    4948.61    35.1386     5.7553     8.2249    102.088    257.030      7.976  0.000e+00
    134.250      5.875   4.351351     2.4333     3.9983      5.842    25.9794    30.3266    15.4506    15.4469    4948.61    35.1384     5.7519     8.2200    102.027    256.878      7.976  0.000e+00
    134.500      5.881   4.351530     2.4334     3.9943      5.848    25.9810    30.3281    15.4503    15.4466    4948.61    35.1403     5.7513     8.2192    102.018    256.853      7.977  0.000e+00
    134.750      5.899   4.351324     2.4302     3.9963      5.867    25.9792    30.3264    15.4506    15.4469    4948.61    35.1381     5.7384     8.2008    101.789    256.279      7.977  0.000e+00
    135.000      5.912   4.350904     2.4293     4.0261      5.879    25.9765    30.3237    15.4504    15.4466    4948.59    35.1345     5.7320     8.1916    101.672    255.990      7.978  0.000e+00
    135.250      5.924   4.350697     2.4279     4.0062      5.892    25.9770    30.3242    15.4483    15.4446    4948.57    35.1345     5.7238     8.1799    101.522    255.625      7.975  0.000e+00
    135.500      5.924   4.350725     2.4275     4.1967      5.892    25.9791    30.3263    15.4462    15.4425    4948.56    35.1367     5.7190     8.1731    101.435    255.412      7.977  0.000e+00
    135.750      5.924   4.350904     2.4266     4.1749      5.892    25.9816    30.3288    15.4448    15.4411    4948.56    35.1395     5.7144     8.1664    101.352    255.205      7.975  0.000e+00
    136.000      5.912   4.350938     2.4257     4.1828      5.879    25.9818    30.3291    15.4448    15.4411    4948.56    35.1398     5.7104     8.1607    101.280    255.024      7.974  0.000e+00
    136.250      5.918   4.350876     2.4259     4.1887      5.885    25.9812    30.3284    15.4450    15.4413    4948.56    35.1391     5.7123     8.1635    101.315    255.112      7.976  0.000e+00
    136.500      5.918   4.350890     2.4227     4.2602      5.885    25.9811    30.3284    15.4452    15.4415    4948.56    35.1390     5.7020     8.1488    101.133    254.653      7.978  0.000e+00
    136.750      5.918   4.350966     2.4230     4.2641      5.885    25.9816    30.3288    15.4453    15.4416    4948.56    35.1396     5.7051     8.1531    101.187    254.788      7.978  0.000e+00
    137.000      5.918   4.350635     2.4226     4.2522      5.885    25.9792    30.3265    15.4454    15.4417    4948.55    35.1366     5.7046     8.1524    101.177    254.767      7.973  0.000e+00
    137.250      5.893   4.350849     2.4236     4.2463      5.861    25.9812    30.3284    15.4449    15.4412    4948.55    35.1390     5.7097     8.1597    101.268    254.994      7.976  0.000e+00
    137.500      5.875   4.351083     2.4234     4.2284      5.842    25.9832    30.3305    15.4444    15.4407    4948.56    35.1415     5.7106     8.1610    101.285    255.035      7.974  0.000e+00
    137.750      5.856   4.351145     2.4212     4.2244      5.824    25.9827    30.3299    15.4454    15.4417    4948.57    35.1411     5.7043     8.1521    101.176    254.755      7.977  0.000e+00
    138.000      5.825   4.351262     2.4210     4.2165      5.793    25.9826    30.3298    15.4465    15.4428    4948.57    35.1413     5.7040     8.1515    101.171    254.739      7.974  0.000e+00
    138.250      5.831   4.351145     2.4218     4.2225      5.799    25.9809    30.3281    15.4475    15.4438    4948.58    35.1394     5.7080     8.1572    101.243    254.917      7.976  0.000e+00
    138.500      5.844   4.350993     2.4228     4.2403      5.812    25.9795    30.3266    15.4479    15.4442    4948.58    35.1376     5.7140     8.1659    101.351    255.189      7.977  0.000e+00
    138.750      5.850   4.351117     2.4250     4.2582      5.818    25.9806    30.3278    15.4475    15.4438    4948.58    35.1390     5.7234     8.1794    101.518    255.609      7.974  0.000e+00
    139.000      5.887   4.351028     2.4254     4.2661      5.855    25.9801    30.3273    15.4474    15.4437    4948.58    35.1383     5.7270     8.1845    101.580    255.769      7.976  0.000e+00
    139.250      5.924   4.350938     2.4249     4.2542      5.892    25.9798    30.3270    15.4471    15.4433    4948.57    35.1378     5.7270     8.1844    101.579    255.767      7.977  0.000e+00
    139.500      5.943   4.351145     2.4262     4.2562      5.910    25.9817    30.3289    15.4466    15.4429    4948.58    35.1401     5.7338     8.1942    101.701    256.074      7.974  0.000e+00
    139.750      5.968   4.351145     2.4264     4.2641      5.935    25.9815    30.3287    15.4467    15.4430    4948.58    35.1399     5.7369     8.1986    101.755    256.209      7.978  0.000e+00
    140.000      5.980   4.351172     2.4272     4.2562      5.947    25.9814    30.3286    15.4471    15.4433    4948.58    35.1399     5.7392     8.2019    101.797    256.312      7.973  0.000e+00
    140.250      5.986   4.351351     2.4266     4.2661      5.953    25.9823    30.3295    15.4475    15.4438    4948.59    35.1412     5.7352     8.1962    101.728    256.135      7.976  0.000e+00
