cruises/baja2025/cnv/20250417.cnv
* Sea-Bird SBE19plus Data File:
* FileName = C:\Users\ScienceTech\OneDrive - Western Flyer Foundation\Desktop\ProfilingCTD\data\20250417_OSU1970_cast3.hex
* Software Version 1.59
* Temperature SN =  8289
* Conductivity SN =  8289
* System UpLoad Time = Apr 17 2025 14:19:42
** WF Gulf of California
** OSU 1970 station
** 4/17/2025 1443 UTC
** 27 4.68N
** 111 47.945W
** ~350 m bottom depth
# nquan = 18
# nvalues = 6406                                  
# units = specified
# name 0 = timeS: Time, Elapsed [seconds]
# name 1 = prdM: Pressure, Strain Gauge [db]
# name 2 = c0S/m: Conductivity [S/m]
# name 3 = sbeox0V: Oxygen raw, SBE 43 [V]
# name 4 = flECO-AFL: Fluorescence, WET Labs ECO-AFL/FL [mg/m^3]
# name 5 = depSM: Depth [salt water, m], lat = 0.00
# name 6 = sigma-t00: Density [sigma-t, kg/m^3 ]
# name 7 = sigma-100: Density [sigma-1, kg/m^3 ]
# name 8 = tv268C: Temperature [IPTS-68, deg C]
# name 9 = tv290C: Temperature [ITS-90, deg C]
# name 10 = svCF: Sound Velocity [Chen-Millero, ft/s]
# name 11 = sal00: Salinity, Practical [PSU]
# name 12 = sbeox0ML/L: Oxygen, SBE 43 [ml/l]
# name 13 = sbeox0Mg/L: Oxygen, SBE 43 [mg/l]
# name 14 = sbeox0PS: Oxygen, SBE 43 [% saturation]
# name 15 = sbeox0Mm/L: Oxygen, SBE 43 [umol/l]
# name 16 = ph: pH
# name 17 = flag:  0.000e+00
# span 0 =      0.000,   1601.250                 
# span 1 =     -0.140,    395.586                 
# span 2 =  -0.000042,   4.941606                 
# span 3 =     0.5496,     3.2548                 
# span 4 =    -0.1654,   128.6840                 
# span 5 =     -0.139,    393.037                 
# span 6 =    -2.2335,    26.7679                 
# span 7 =     2.2286,    31.2358                 
# span 8 =     9.8132,    22.0289                 
# span 9 =     9.8109,    22.0236                 
# span 10 =    4863.91,    5003.57                
# span 11 =     0.0000,    35.8710                
# span 12 =     0.0692,     7.7304                
# span 13 =     0.0989,    11.0476                
# span 14 =      1.112,    149.650                
# span 15 =      3.090,    345.242                
# span 16 =      7.295,      8.141                
# span 17 = 0.0000e+00, 0.0000e+00                
# interval = seconds: 0.25
# start_time = Apr 17 2025 07:22:44 [Instrument's time stamp, header]
# bad_flag = -9.990e-29
*END*
[from data line 2332]
    583.000    157.496   4.099145     0.6753     2.2646    156.571    26.2714    30.6688    13.1008    13.0977    4930.99    34.8685     0.4710     0.6731      7.956     21.036      7.602  0.000e+00
    583.250    157.620   4.099098     0.6755     2.2646    156.694    26.2713    30.6687    13.1005    13.0974    4930.99    34.8683     0.4732     0.6763      7.993     21.133      7.601  0.000e+00
    583.500    157.769   4.099098     0.6758    -0.0702    156.842    26.2714    30.6688    13.1003    13.0971    4930.99    34.8684     0.4746     0.6783      8.017     21.197      7.602  0.000e+00
    583.750    157.961   4.099071     0.6751    -0.0682    157.033    26.2713    30.6687    13.1001    13.0970    4931.00    34.8682     0.4717     0.6741      7.968     21.066      7.602  0.000e+00
    584.000    158.159   4.098795     0.6761    -0.0722    157.230    26.2694    30.6669    13.0999    13.0968    4931.00    34.8657     0.4767     0.6812      8.052     21.289      7.601  0.000e+00
    584.250    158.388   4.098211     0.6751    -0.0861    157.458    26.2661    30.6636    13.0987    13.0956    4930.98    34.8612     0.4726     0.6753      7.982     21.105      7.601  0.000e+00
    584.500    158.624   4.097043     0.6751    -0.0722    157.692    26.2599    30.6575    13.0960    13.0929    4930.93    34.8524     0.4715     0.6739      7.963     21.059      7.602  0.000e+00
    584.750    158.884   4.096465     0.6754    -0.0722    157.950    26.2610    30.6587    13.0901    13.0869    4930.88    34.8523     0.4726     0.6754      7.981     21.107      7.601  0.000e+00
    585.000    159.144   4.095962     0.6760    -0.0643    158.209    26.2635    30.6613    13.0832    13.0801    4930.83    34.8537     0.4764     0.6808      8.044     21.277      7.602  0.000e+00
    585.250    159.398   4.095465     0.6754    -0.0702    158.462    26.2651    30.6631    13.0773    13.0742    4930.78    34.8543     0.4741     0.6776      8.004     21.175      7.601  0.000e+00
    585.500    159.634   4.095082     0.6751    -0.0623    158.695    26.2672    30.6653    13.0718    13.0687    4930.74    34.8556     0.4728     0.6757      7.980     21.114      7.600  0.000e+00
    585.750    159.807   4.094881     0.6751    -0.0702    158.868    26.2704    30.6685    13.0667    13.0636    4930.70    34.8584     0.4729     0.6759      7.982     21.121      7.600  0.000e+00
    586.000    159.950   4.094048     0.6742    -0.0643    159.010    26.2677    30.6660    13.0628    13.0597    4930.65    34.8539     0.4684     0.6693      7.904     20.917      7.602  0.000e+00
    586.250    160.068   4.092800     0.6750    -0.0702    159.127    26.2630    30.6614    13.0579    13.0548    4930.57    34.8465     0.4717     0.6741      7.959     21.066      7.598  0.000e+00
    586.500    160.148   4.092471     0.6741    -0.0702    159.207    26.2675    30.6661    13.0502    13.0471    4930.51    34.8504     0.4675     0.6682      7.888     20.880      7.599  0.000e+00
    586.750    160.198   4.092605     0.6741    -0.0524    159.256    26.2746    30.6732    13.0435    13.0404    4930.47    34.8578     0.4666     0.6668      7.872     20.839      7.600  0.000e+00
    587.000    160.254   4.092498     0.6739    -0.0702    159.311    26.2773    30.6759    13.0397    13.0366    4930.44    34.8602     0.4656     0.6654      7.855     20.795      7.602  0.000e+00
    587.250    160.334   4.092243     0.6739    -0.0781    159.391    26.2773    30.6761    13.0376    13.0345    4930.42    34.8598     0.4664     0.6666      7.868     20.831      7.600  0.000e+00
    587.500    160.452   4.091632     0.6736    -0.0623    159.509    26.2745    30.6733    13.0357    13.0325    4930.39    34.8557     0.4657     0.6655      7.855     20.797      7.600  0.000e+00
    587.750    160.613   4.091135     0.6728    -0.0781    159.669    26.2735    30.6724    13.0328    13.0296    4930.35    34.8536     0.4627     0.6613      7.804     20.665      7.600  0.000e+00
    588.000    160.818   4.091001     0.6723    -0.0543    159.872    26.2762    30.6751    13.0287    13.0255    4930.33    34.8559     0.4605     0.6581      7.767     20.567      7.600  0.000e+00
    588.250    161.016   4.090639     0.6721    -0.0623    160.069    26.2765    30.6756    13.0252    13.0221    4930.30    34.8556     0.4586     0.6554      7.734     20.482      7.600  0.000e+00
    588.500    161.245   4.090384     0.6717    -0.0702    160.297    26.2774    30.6765    13.0222    13.0191    4930.28    34.8558     0.4574     0.6537      7.713     20.427      7.599  0.000e+00
    588.750    161.456   4.090082     0.6718    -0.0722    160.506    26.2779    30.6771    13.0191    13.0159    4930.26    34.8557     0.4574     0.6537      7.712     20.428      7.601  0.000e+00
    589.000    161.667   4.089780     0.6713    -0.0801    160.716    26.2782    30.6774    13.0162    13.0131    4930.24    34.8554     0.4558     0.6514      7.685     20.355      7.599  0.000e+00
    589.250    161.853   4.089472     0.6712    -0.0781    160.901    26.2785    30.6777    13.0134    13.0103    4930.22    34.8550     0.4555     0.6510      7.680     20.344      7.598  0.000e+00
    589.500    162.008   4.089284     0.6707    -0.0682    161.055    26.2796    30.6789    13.0106    13.0075    4930.20    34.8557     0.4545     0.6496      7.663     20.299      7.601  0.000e+00
    589.750    162.132   4.088948     0.6701    -0.0623    161.178    26.2795    30.6788    13.0080    13.0049    4930.17    34.8548     0.4528     0.6471      7.634     20.223      7.597  0.000e+00
    590.000    162.262   4.088895     0.6701    -0.0643    161.307    26.2813    30.6807    13.0055    13.0024    4930.16    34.8566     0.4530     0.6474      7.636     20.232      7.600  0.000e+00
    590.250    162.373   4.088727     0.6693    -0.0702    161.418    26.2818    30.6813    13.0035    13.0004    4930.14    34.8567     0.4496     0.6425      7.578     20.079      7.599  0.000e+00
    590.500    162.510   4.088298     0.6679    -0.0722    161.553    26.2800    30.6795    13.0021    12.9989    4930.12    34.8540     0.4435     0.6337      7.475     19.805      7.600  0.000e+00
    590.750    162.677   4.087895     0.6684    -0.0623    161.720    26.2790    30.6786    12.9998    12.9966    4930.10    34.8522     0.4447     0.6356      7.496     19.862      7.600  0.000e+00
    591.000    162.851   4.087620     0.6673    -0.0623    161.892    26.2797    30.6794    12.9967    12.9936    4930.08    34.8523     0.4403     0.6292      7.421     19.664      7.598  0.000e+00
    591.250    163.030   4.087204     0.6672    -0.0762    162.071    26.2797    30.6794    12.9933    12.9902    4930.05    34.8514     0.4399     0.6286      7.413     19.645      7.598  0.000e+00
    591.500    163.241   4.086909     0.6654    -0.0722    162.280    26.2803    30.6801    12.9902    12.9871    4930.02    34.8513     0.4326     0.6183      7.290     19.322      7.600  0.000e+00
    591.750    163.433   4.086567     0.6662    -0.0762    162.471    26.2808    30.6806    12.9868    12.9837    4930.00    34.8511     0.4360     0.6231      7.346     19.471      7.600  0.000e+00
    592.000    163.644   4.086319     0.6660    -0.0643    162.681    26.2817    30.6816    12.9837    12.9806    4929.98    34.8515     0.4360     0.6231      7.346     19.471      7.597  0.000e+00
    592.250    163.836   4.086158     0.6655    -0.0702    162.872    26.2831    30.6831    12.9808    12.9777    4929.96    34.8525     0.4358     0.6229      7.343     19.465      7.599  0.000e+00
    592.500    164.016   4.085762     0.6644    -0.0623    163.050    26.2826    30.6826    12.9781    12.9750    4929.93    34.8512     0.4327     0.6183      7.289     19.323      7.595  0.000e+00
    592.750    164.189   4.085320     0.6643    -0.0603    163.223    26.2819    30.6820    12.9752    12.9721    4929.91    34.8495     0.4318     0.6170      7.273     19.282      7.599  0.000e+00
    593.000    164.363   4.084629     0.6647    -0.0643    163.395    26.2798    30.6800    12.9719    12.9688    4929.86    34.8459     0.4350     0.6217      7.328     19.429      7.599  0.000e+00
    593.250    164.506   4.083898     0.6643    -0.0543    163.537    26.2785    30.6788    12.9674    12.9643    4929.81    34.8431     0.4343     0.6206      7.314     19.395      7.598  0.000e+00
    593.500    164.636   4.082831     0.6638    -0.0702    163.666    26.2759    30.6764    12.9615    12.9584    4929.74    34.8382     0.4338     0.6199      7.304     19.371      7.598  0.000e+00
    593.750    164.747   4.082442     0.6626    -0.0623    163.777    26.2799    30.6805    12.9539    12.9508    4929.67    34.8414     0.4278     0.6114      7.204     19.107      7.598  0.000e+00
    594.000    164.809   4.082369     0.6627    -0.0702    163.838    26.2856    30.6863    12.9470    12.9439    4929.62    34.8471     0.4281     0.6118      7.207     19.119      7.596  0.000e+00
    594.250    164.884   4.082221     0.6618    -0.0702    163.912    26.2887    30.6895    12.9425    12.9393    4929.59    34.8499     0.4247     0.6070      7.150     18.969      7.598  0.000e+00
    594.500    164.952   4.082060     0.6612    -0.0643    163.980    26.2900    30.6908    12.9397    12.9366    4929.56    34.8508     0.4222     0.6034      7.108     18.857      7.598  0.000e+00
    594.750    165.063   4.081920     0.6610    -0.0702    164.091    26.2911    30.6920    12.9373    12.9342    4929.55    34.8516     0.4208     0.6014      7.083     18.793      7.597  0.000e+00
    595.000    165.200   4.081765     0.6599    -0.0702    164.227    26.2916    30.6924    12.9356    12.9325    4929.53    34.8517     0.4159     0.5944      7.001     18.575      7.600  0.000e+00
    595.250    165.373   4.081672     0.6602    -0.0643    164.399    26.2921    30.6930    12.9341    12.9310    4929.53    34.8521     0.4177     0.5969      7.030     18.653      7.596  0.000e+00
    595.500    165.584   4.081618     0.6593    -0.0543    164.608    26.2929    30.6938    12.9327    12.9296    4929.53    34.8527     0.4147     0.5926      6.980     18.521      7.596  0.000e+00
    595.750    165.832   4.081558     0.6599    -0.0702    164.855    26.2935    30.6944    12.9316    12.9284    4929.53    34.8532     0.4187     0.5984      7.047     18.699      7.598  0.000e+00
    596.000    166.105   4.081531     0.6593    -0.0722    165.126    26.2941    30.6951    12.9305    12.9274    4929.54    34.8537     0.4172     0.5962      7.022     18.633      7.597  0.000e+00
    596.250    166.402   4.081504     0.6593    -0.0841    165.421    26.2946    30.6956    12.9297    12.9266    4929.55    34.8541     0.4187     0.5984      7.047     18.699      7.597  0.000e+00
    596.500    166.668   4.081417     0.6589    -0.0801    165.686    26.2943    30.6953    12.9293    12.9262    4929.55    34.8536     0.4182     0.5977      7.038     18.677      7.597  0.000e+00
    596.750    166.910   4.081397     0.6585    -0.0603    165.926    26.2946    30.6956    12.9287    12.9256    4929.56    34.8538     0.4169     0.5958      7.016     18.619      7.595  0.000e+00
    597.000    167.108   4.081310     0.6583    -0.0702    166.123    26.2946    30.6957    12.9278    12.9247    4929.56    34.8537     0.4166     0.5954      7.011     18.605      7.596  0.000e+00
    597.250    167.239   4.080928     0.6589    -0.0623    166.252    26.2925    30.6936    12.9270    12.9239    4929.55    34.8507     0.4193     0.5993      7.057     18.728      7.599  0.000e+00
    597.500    167.332   4.080667     0.6581    -0.0643    166.345    26.2923    30.6935    12.9250    12.9219    4929.53    34.8500     0.4169     0.5958      7.015     18.618      7.596  0.000e+00
    597.750    167.394   4.080345     0.6578    -0.0643    166.407    26.2920    30.6932    12.9227    12.9196    4929.50    34.8490     0.4151     0.5932      6.984     18.536      7.594  0.000e+00
    598.000    167.456   4.079741     0.6573    -0.0762    166.468    26.2898    30.6911    12.9203    12.9172    4929.47    34.8455     0.4136     0.5910      6.959     18.470      7.596  0.000e+00
    598.250    167.530   4.079654     0.6572    -0.0643    166.542    26.2927    30.6940    12.9164    12.9133    4929.44    34.8483     0.4128     0.5899      6.945     18.436      7.596  0.000e+00
    598.500    167.629   4.079547     0.6577    -0.0702    166.641    26.2949    30.6962    12.9131    12.9100    4929.41    34.8502     0.4154     0.5937      6.989     18.553      7.596  0.000e+00
    598.750    167.759   4.078106     0.6579    -0.0702    166.770    26.2863    30.6878    12.9107    12.9076    4929.35    34.8386     0.4169     0.5958      7.013     18.620      7.594  0.000e+00
    599.000    167.902   4.077576     0.6571    -0.0603    166.912    26.2869    30.6885    12.9058    12.9027    4929.30    34.8380     0.4143     0.5920      6.968     18.501      7.597  0.000e+00
    599.250    168.069   4.078106     0.6584    -0.0643    167.078    26.2984    30.7001    12.8974    12.8943    4929.27    34.8507     0.4198     0.5999      7.060     18.748      7.598  0.000e+00
    599.500    168.243   4.078743     0.6585    -0.0623    167.250    26.3077    30.7094    12.8923    12.8892    4929.26    34.8614     0.4223     0.6035      7.102     18.860      7.594  0.000e+00
    599.750    168.441   4.079394     0.6578    -0.0722    167.448    26.3136    30.7153    12.8910    12.8879    4929.29    34.8687     0.4205     0.6010      7.072     18.780      7.597  0.000e+00
    600.000    168.652   4.079461     0.6582    -0.0702    167.657    26.3130    30.7147    12.8922    12.8891    4929.31    34.8682     0.4223     0.6035      7.103     18.860      7.597  0.000e+00
    600.250    168.875   4.079488     0.6586    -0.0682    167.879    26.3116    30.7133    12.8938    12.8908    4929.34    34.8668     0.4238     0.6056      7.128     18.926      7.596  0.000e+00
    600.500    169.104   4.079454     0.6593    -0.0623    168.107    26.3106    30.7123    12.8946    12.8915    4929.35    34.8657     0.4268     0.6099      7.179     19.061      7.597  0.000e+00
    600.750    169.346   4.079354     0.6596    -0.0682    168.347    26.3096    30.7113    12.8948    12.8917    4929.36    34.8645     0.4288     0.6128      7.212     19.151      7.596  0.000e+00
    601.000    169.575   4.079991     0.6635    -0.0524    168.575    26.3147    30.7164    12.8943    12.8912    4929.40    34.8709     0.4461     0.6376      7.504     19.925      7.595  0.000e+00
    601.250    169.811   4.080266     0.6642    -0.0762    168.809    26.3160    30.7176    12.8950    12.8919    4929.42    34.8728     0.4518     0.6456      7.599     20.176      7.595  0.000e+00
    601.500    170.015   4.080581     0.6675    -0.0524    169.012    26.3168    30.7184    12.8966    12.8935    4929.46    34.8743     0.4690     0.6703      7.889     20.946      7.598  0.000e+00
    601.750    170.183   4.081037     0.6698    -0.0762    169.178    26.3185    30.7201    12.8984    12.8953    4929.50    34.8769     0.4831     0.6905      8.127     21.577      7.597  0.000e+00
    602.000    170.325   4.081647     0.6711    -0.0623    169.320    26.3210    30.7225    12.9006    12.8975    4929.54    34.8806     0.4914     0.7023      8.267     21.946      7.598  0.000e+00
    602.250    170.394   4.081734     0.6732    -0.0762    169.388    26.3190    30.7205    12.9034    12.9003    4929.57    34.8788     0.5017     0.7169      8.440     22.404      7.598  0.000e+00
    602.500    170.456   4.081728     0.6754    -0.0643    169.449    26.3170    30.7184    12.9055    12.9024    4929.59    34.8768     0.5107     0.7298      8.591     22.806      7.598  0.000e+00
    602.750    170.511   4.081701     0.6774    -0.0623    169.505    26.3157    30.7171    12.9067    12.9036    4929.60    34.8754     0.5178     0.7400      8.712     23.125      7.598  0.000e+00
