cruises/baja2025/cnv/20250430_cast2.cnv
* Sea-Bird SBE19plus Data File:
* FileName = C:\Users\ScienceTech\OneDrive - Western Flyer Foundation\Desktop\ProfilingCTD\data\20250430_Seamount2_cast1.hex
* Software Version 1.59
* Temperature SN =  8289
* Conductivity SN =  8289
* System UpLoad Time = Apr 30 2025 18:32:27
** "Seamount2"
** 27-18.113
** 112-05.848
** 520m of water
** SB cast 31
** WF cast 16
# nquan = 18
# nvalues = 7522                                  
# units = specified
# name 0 = timeS: Time, Elapsed [seconds]
# name 1 = prdM: Pressure, Strain Gauge [db]
# name 2 = c0S/m: Conductivity [S/m]
# name 3 = sbeox0V: Oxygen raw, SBE 43 [V]
# name 4 = flECO-AFL: Fluorescence, WET Labs ECO-AFL/FL [mg/m^3]
# name 5 = depSM: Depth [salt water, m], lat = 0.00
# name 6 = sigma-t00: Density [sigma-t, kg/m^3 ]
# name 7 = sigma-100: Density [sigma-1, kg/m^3 ]
# name 8 = tv268C: Temperature [IPTS-68, deg C]
# name 9 = tv290C: Temperature [ITS-90, deg C]
# name 10 = svCF: Sound Velocity [Chen-Millero, ft/s]
# name 11 = sal00: Salinity, Practical [PSU]
# name 12 = sbeox0ML/L: Oxygen, SBE 43 [ml/l]
# name 13 = sbeox0Mg/L: Oxygen, SBE 43 [mg/l]
# name 14 = sbeox0PS: Oxygen, SBE 43 [% saturation]
# name 15 = sbeox0Mm/L: Oxygen, SBE 43 [umol/l]
# name 16 = ph: pH
# name 17 = flag:  0.000e+00
# span 0 =      0.000,   1880.250                 
# span 1 =     -0.171,    435.455                 
# span 2 =   0.027764,   5.026865                 
# span 3 =     0.6971,     3.6775                 
# span 4 =    -0.1694,   128.7217                 
# span 5 =     -0.170,    432.607                 
# span 6 =    -2.0911,    26.7537                 
# span 7 =     2.3727,    31.2197                 
# span 8 =    10.0018,    21.9131                 
# span 9 =     9.9994,    21.9078                 
# span 10 =    4861.82,    5008.96                
# span 11 =     0.1426,    35.6436                
# span 12 =     0.6033,     8.9840                
# span 13 =     0.8622,    12.8391                
# span 14 =      9.544,    179.260                
# span 15 =     26.945,    401.227                
# span 16 =      7.582,      8.285                
# span 17 = 0.0000e+00, 0.0000e+00                
# interval = seconds: 0.25
# start_time = Apr 30 2025 15:46:16 [Instrument's time stamp, header]
# bad_flag = -9.990e-29
*END*
[from data line 6191]
   1547.750    124.106   4.229590     1.2499    -0.0722    123.387    26.1573    30.5307    14.2741    14.2707    4942.41    35.0356     2.2710     3.2455     39.327    101.424      7.767  0.000e+00
   1548.000    123.988   4.229971     1.2498    -0.0563    123.270    26.1568    30.5300    14.2777    14.2743    4942.44    35.0359     2.2708     3.2452     39.325    101.413      7.766  0.000e+00
   1548.250    123.895   4.230284     1.2503    -0.0623    123.177    26.1561    30.5293    14.2809    14.2775    4942.47    35.0360     2.2732     3.2487     39.370    101.523      7.766  0.000e+00
   1548.500    123.771   4.230400     1.2518    -0.0643    123.054    26.1537    30.5268    14.2846    14.2811    4942.49    35.0338     2.2797     3.2579     39.484    101.810      7.767  0.000e+00
   1548.750    123.660   4.230747     1.2531    -0.0682    122.943    26.1539    30.5270    14.2870    14.2836    4942.51    35.0348     2.2850     3.2654     39.578    102.046      7.769  0.000e+00
   1549.000    123.542   4.231005     1.2524    -0.0643    122.826    26.1535    30.5265    14.2896    14.2862    4942.54    35.0349     2.2828     3.2624     39.543    101.951      7.767  0.000e+00
   1549.250    123.424   4.231468     1.2539    -0.0623    122.709    26.1544    30.5274    14.2922    14.2888    4942.56    35.0369     2.2877     3.2693     39.629    102.167      7.766  0.000e+00
   1549.500    123.288   4.231931     1.2545    -0.0682    122.574    26.1549    30.5278    14.2953    14.2919    4942.60    35.0384     2.2885     3.2705     39.647    102.205      7.770  0.000e+00
   1549.750    123.158   4.232536     1.2558    -0.0543    122.445    26.1557    30.5285    14.2993    14.2959    4942.64    35.0405     2.2943     3.2788     39.751    102.463      7.768  0.000e+00
   1550.000    123.021   4.232509     1.2576    -0.0682    122.309    26.1514    30.5242    14.3038    14.3004    4942.66    35.0362     2.3016     3.2892     39.880    102.789      7.770  0.000e+00
   1550.250    122.866   4.232829     1.2588    -0.0623    122.155    26.1508    30.5235    14.3070    14.3036    4942.69    35.0363     2.3064     3.2960     39.965    103.003      7.767  0.000e+00
   1550.500    122.724   4.233115     1.2596    -0.0643    122.013    26.1506    30.5232    14.3096    14.3062    4942.71    35.0367     2.3093     3.3002     40.017    103.132      7.769  0.000e+00
   1550.750    122.594   4.233748     1.2619    -0.0543    121.884    26.1526    30.5251    14.3124    14.3090    4942.74    35.0400     2.3185     3.3133     40.180    103.543      7.771  0.000e+00
   1551.000    122.495   4.233836     1.2635    -0.0861    121.786    26.1498    30.5223    14.3162    14.3128    4942.77    35.0375     2.3263     3.3245     40.318    103.891      7.768  0.000e+00
   1551.250    122.389   4.234040     1.2631    -0.0543    121.681    26.1484    30.5209    14.3193    14.3159    4942.79    35.0366     2.3241     3.3213     40.282    103.794      7.771  0.000e+00
   1551.500    122.278   4.234476     1.2647    -0.0722    121.570    26.1495    30.5219    14.3215    14.3181    4942.82    35.0386     2.3286     3.3277     40.362    103.993      7.771  0.000e+00
   1551.750    122.179   4.234707     1.2656    -0.0781    121.471    26.1484    30.5208    14.3246    14.3211    4942.84    35.0381     2.3304     3.3304     40.397    104.077      7.772  0.000e+00
   1552.000    122.048   4.234850     1.2672    -0.0801    121.342    26.1468    30.5191    14.3275    14.3241    4942.86    35.0368     2.3344     3.3360     40.467    104.252      7.768  0.000e+00
   1552.250    121.918   4.234877     1.2679    -0.0623    121.213    26.1448    30.5171    14.3299    14.3265    4942.87    35.0349     2.3357     3.3380     40.492    104.313      7.771  0.000e+00
   1552.500    121.794   4.235054     1.2694    -0.0643    121.090    26.1447    30.5169    14.3315    14.3280    4942.88    35.0352     2.3402     3.3443     40.571    104.512      7.769  0.000e+00
   1552.750    121.677   4.235081     1.2705    -0.0781    120.973    26.1438    30.5159    14.3328    14.3294    4942.89    35.0343     2.3427     3.3480     40.616    104.626      7.770  0.000e+00
   1553.000    121.571   4.235428     1.2712    -0.0623    120.868    26.1454    30.5175    14.3338    14.3304    4942.90    35.0366     2.3452     3.3515     40.659    104.735      7.773  0.000e+00
   1553.250    121.435   4.235598     1.2718    -0.0543    120.732    26.1451    30.5172    14.3355    14.3321    4942.91    35.0367     2.3471     3.3542     40.694    104.821      7.769  0.000e+00
   1553.500    121.348   4.235830     1.2723    -0.0643    120.646    26.1450    30.5170    14.3375    14.3340    4942.93    35.0371     2.3471     3.3542     40.695    104.820      7.769  0.000e+00
   1553.750    121.249   4.235830     1.2727    -0.0722    120.548    26.1434    30.5154    14.3392    14.3358    4942.94    35.0355     2.3466     3.3535     40.688    104.798      7.773  0.000e+00
   1554.000    121.144   4.236034     1.2738    -0.0543    120.443    26.1435    30.5155    14.3407    14.3373    4942.95    35.0361     2.3489     3.3567     40.729    104.900      7.771  0.000e+00
   1554.250    121.051   4.236007     1.2736    -0.0623    120.351    26.1421    30.5141    14.3421    14.3387    4942.95    35.0347     2.3465     3.3534     40.689    104.795      7.770  0.000e+00
   1554.500    120.946   4.236007     1.2740    -0.0524    120.246    26.1416    30.5136    14.3427    14.3392    4942.95    35.0342     2.3461     3.3527     40.681    104.775      7.769  0.000e+00
   1554.750    120.853   4.235973     1.2746    -0.0702    120.154    26.1408    30.5128    14.3433    14.3398    4942.95    35.0334     2.3467     3.3537     40.693    104.805      7.773  0.000e+00
   1555.000    120.723   4.236061     1.2759    -0.0702    120.024    26.1411    30.5131    14.3437    14.3402    4942.95    35.0339     2.3511     3.3599     40.769    104.999      7.770  0.000e+00
   1555.250    120.599   4.236034     1.2768    -0.0682    119.901    26.1408    30.5127    14.3439    14.3405    4942.94    35.0335     2.3547     3.3651     40.833    105.162      7.773  0.000e+00
   1555.500    120.468   4.236061     1.2771    -0.0702    119.772    26.1408    30.5127    14.3441    14.3407    4942.94    35.0336     2.3561     3.3671     40.856    105.222      7.770  0.000e+00
   1555.750    120.345   4.236088     1.2771    -0.0623    119.648    26.1410    30.5130    14.3441    14.3407    4942.93    35.0339     2.3558     3.3667     40.851    105.210      7.771  0.000e+00
   1556.000    120.214   4.236265     1.2789    -0.0623    119.519    26.1421    30.5140    14.3444    14.3409    4942.93    35.0354     2.3623     3.3760     40.965    105.502      7.772  0.000e+00
   1556.250    120.078   4.236469     1.2792    -0.0643    119.384    26.1428    30.5147    14.3452    14.3418    4942.94    35.0365     2.3639     3.3782     40.993    105.571      7.773  0.000e+00
   1556.500    119.954   4.236667     1.2793    -0.0682    119.260    26.1433    30.5152    14.3463    14.3429    4942.95    35.0374     2.3638     3.3781     40.993    105.567      7.773  0.000e+00
   1556.750    119.830   4.236755     1.2799    -0.0524    119.137    26.1427    30.5145    14.3477    14.3443    4942.96    35.0370     2.3646     3.3792     41.007    105.601      7.772  0.000e+00
   1557.000    119.731   4.236959     1.2807    -0.0702    119.039    26.1428    30.5146    14.3493    14.3458    4942.97    35.0375     2.3663     3.3817     41.039    105.681      7.771  0.000e+00
   1557.250    119.638   4.236959     1.2816    -0.0722    118.946    26.1414    30.5132    14.3507    14.3473    4942.97    35.0362     2.3694     3.3861     41.093    105.816      7.770  0.000e+00
   1557.500    119.551   4.236959     1.2809    -0.0623    118.860    26.1405    30.5123    14.3517    14.3483    4942.98    35.0354     2.3664     3.3819     41.043    105.685      7.771  0.000e+00
   1557.750    119.471   4.237014     1.2811    -0.0702    118.780    26.1403    30.5121    14.3524    14.3490    4942.98    35.0353     2.3660     3.3812     41.035    105.665      7.772  0.000e+00
   1558.000    119.384   4.237014     1.2802    -0.0623    118.694    26.1399    30.5117    14.3529    14.3495    4942.98    35.0349     2.3601     3.3728     40.933    105.402      7.771  0.000e+00
   1558.250    119.304   4.237048     1.2798    -0.0682    118.614    26.1398    30.5115    14.3534    14.3499    4942.98    35.0348     2.3567     3.3679     40.874    105.248      7.774  0.000e+00
   1558.500    119.223   4.237157     1.2798    -0.0623    118.534    26.1404    30.5121    14.3536    14.3502    4942.98    35.0356     2.3547     3.3651     40.841    105.162      7.774  0.000e+00
   1558.750    119.118   4.237361     1.2809    -0.0781    118.429    26.1413    30.5130    14.3542    14.3508    4942.99    35.0370     2.3575     3.3691     40.890    105.285      7.771  0.000e+00
   1559.000    119.012   4.237476     1.2816    -0.0524    118.324    26.1412    30.5129    14.3552    14.3518    4942.99    35.0372     2.3597     3.3723     40.930    105.386      7.770  0.000e+00
   1559.250    118.913   4.236898     1.2820    -0.0702    118.226    26.1361    30.5078    14.3563    14.3529    4942.97    35.0309     2.3621     3.3757     40.970    105.491      7.774  0.000e+00
   1559.500    118.808   4.237885     1.2820    -0.0643    118.121    26.1418    30.5134    14.3579    14.3544    4943.01    35.0387     2.3638     3.3781     41.003    105.568      7.774  0.000e+00
   1559.750    118.665   4.238171     1.2828    -0.0702    117.980    26.1424    30.5139    14.3595    14.3561    4943.03    35.0399     2.3678     3.3838     41.074    105.747      7.770  0.000e+00
   1560.000    118.554   4.238375     1.2839    -0.0643    117.869    26.1421    30.5136    14.3615    14.3580    4943.04    35.0401     2.3740     3.3926     41.182    106.021      7.770  0.000e+00
   1560.250    118.424   4.238750     1.2841    -0.0722    117.739    26.1428    30.5142    14.3637    14.3603    4943.06    35.0415     2.3753     3.3946     41.208    106.083      7.773  0.000e+00
   1560.500    118.269   4.239301     1.2848    -0.0464    117.585    26.1445    30.5159    14.3662    14.3627    4943.09    35.0445     2.3778     3.3982     41.255    106.195      7.774  0.000e+00
   1560.750    118.151   4.239240     1.2850    -0.0543    117.468    26.1409    30.5122    14.3697    14.3662    4943.11    35.0408     2.3774     3.3976     41.249    106.176      7.773  0.000e+00
   1561.000    118.002   4.239301     1.2862    -0.0623    117.321    26.1392    30.5105    14.3721    14.3686    4943.12    35.0392     2.3817     3.4037     41.325    106.366      7.773  0.000e+00
   1561.250    117.872   4.239621     1.2867    -0.0543    117.191    26.1403    30.5116    14.3734    14.3700    4943.14    35.0410     2.3839     3.4068     41.364    106.463      7.774  0.000e+00
   1561.500    117.730   4.239703     1.2876    -0.0702    117.050    26.1391    30.5104    14.3754    14.3719    4943.14    35.0401     2.3870     3.4113     41.421    106.606      7.774  0.000e+00
   1561.750    117.612   4.239703     1.2879    -0.0524    116.933    26.1377    30.5089    14.3770    14.3735    4943.15    35.0387     2.3878     3.4125     41.436    106.641      7.773  0.000e+00
   1562.000    117.476   4.239791     1.2889    -0.0643    116.797    26.1373    30.5085    14.3782    14.3747    4943.15    35.0385     2.3910     3.4170     41.492    106.782      7.773  0.000e+00
   1562.250    117.358   4.239968     1.2906    -0.0623    116.680    26.1378    30.5089    14.3791    14.3756    4943.16    35.0393     2.3978     3.4268     41.611    107.088      7.771  0.000e+00
   1562.500    117.246   4.239968     1.2915    -0.0623    116.569    26.1369    30.5081    14.3800    14.3766    4943.16    35.0385     2.4014     3.4319     41.674    107.248      7.775  0.000e+00
   1562.750    117.116   4.240165     1.2915    -0.0623    116.440    26.1377    30.5089    14.3807    14.3773    4943.17    35.0398     2.4018     3.4324     41.682    107.265      7.775  0.000e+00
   1563.000    117.005   4.240397     1.2931    -0.0623    116.329    26.1386    30.5097    14.3817    14.3782    4943.18    35.0411     2.4068     3.4395     41.769    107.487      7.774  0.000e+00
   1563.250    116.912   4.240574     1.2942    -0.0563    116.237    26.1383    30.5094    14.3834    14.3799    4943.19    35.0412     2.4112     3.4458     41.846    107.682      7.775  0.000e+00
   1563.500    116.806   4.240601     1.2944    -0.0623    116.132    26.1370    30.5080    14.3851    14.3816    4943.20    35.0400     2.4116     3.4464     41.855    107.702      7.773  0.000e+00
   1563.750    116.732   4.240717     1.2955    -0.0563    116.058    26.1367    30.5077    14.3863    14.3829    4943.21    35.0399     2.4149     3.4511     41.913    107.849      7.777  0.000e+00
   1564.000    116.645   4.240805     1.2967    -0.0563    115.972    26.1363    30.5073    14.3875    14.3840    4943.21    35.0397     2.4184     3.4561     41.974    108.004      7.778  0.000e+00
   1564.250    116.565   4.240921     1.2973    -0.0623    115.892    26.1364    30.5073    14.3883    14.3849    4943.22    35.0401     2.4193     3.4574     41.991    108.046      7.776  0.000e+00
   1564.500    116.472   4.240894     1.2989    -0.0563    115.799    26.1352    30.5061    14.3894    14.3860    4943.22    35.0389     2.4252     3.4658     42.094    108.308      7.778  0.000e+00
   1564.750    116.360   4.240948     1.2990    -0.0543    115.689    26.1350    30.5059    14.3901    14.3867    4943.22    35.0388     2.4256     3.4665     42.103    108.329      7.776  0.000e+00
   1565.000    116.249   4.240976     1.3003    -0.0781    115.578    26.1348    30.5057    14.3906    14.3871    4943.22    35.0387     2.4292     3.4716     42.166    108.490      7.778  0.000e+00
   1565.250    116.125   4.241010     1.3006    -0.0623    115.454    26.1349    30.5058    14.3908    14.3874    4943.22    35.0388     2.4298     3.4724     42.175    108.513      7.777  0.000e+00
   1565.500    115.995   4.241091     1.3004    -0.0524    115.325    26.1351    30.5060    14.3912    14.3878    4943.21    35.0393     2.4279     3.4698     42.144    108.431      7.777  0.000e+00
   1565.750    115.858   4.241296     1.3004    -0.0643    115.190    26.1363    30.5072    14.3915    14.3881    4943.22    35.0409     2.4256     3.4664     42.103    108.326      7.778  0.000e+00
   1566.000    115.741   4.241643     1.3024    -0.0781    115.073    26.1379    30.5087    14.3926    14.3892    4943.23    35.0432     2.4312     3.4744     42.202    108.576      7.778  0.000e+00
   1566.250    115.598   4.241731     1.3025    -0.0563    114.931    26.1370    30.5078    14.3943    14.3909    4943.24    35.0425     2.4310     3.4741     42.200    108.568      7.778  0.000e+00
   1566.500    115.474   4.241847     1.3032    -0.0702    114.808    26.1364    30.5071    14.3960    14.3925    4943.25    35.0422     2.4324     3.4761     42.226    108.631      7.777  0.000e+00
   1566.750    115.363   4.241902     1.3041    -0.0861    114.697    26.1355    30.5062    14.3974    14.3939    4943.25    35.0415     2.4356     3.4807     42.283    108.775      7.778  0.000e+00
   1567.000    115.270   4.241936     1.3051    -0.0603    114.605    26.1348    30.5056    14.3984    14.3949    4943.26    35.0409     2.4395     3.4863     42.351    108.950      7.778  0.000e+00
   1567.250    115.177   4.242017     1.3055    -0.0623    114.512    26.1348    30.5055    14.3991    14.3956    4943.26    35.0411     2.4418     3.4895     42.391    109.049      7.776  0.000e+00
   1567.500    115.115   4.242017     1.3066    -0.0623    114.451    26.1342    30.5049    14.3998    14.3963    4943.26    35.0404     2.4463     3.4960     42.470    109.253      7.779  0.000e+00
