cruises/baja2025/cnv/20250506_cast2.cnv
* Sea-Bird SBE19plus Data File:
* FileName = C:\Users\ScienceTech\OneDrive - Western Flyer Foundation\Desktop\ProfilingCTD\data\2025\Gulf of California\Leg 3\raw data\20250506_PP130_cast1.hex
* Software Version 1.59
* Temperature SN =  8289
* Conductivity SN =  8289
* System UpLoad Time = May 07 2025 17:09:02
** "PP130"
** 27-30.89'N
** 112-19.05'W
** Depth 120m
# nquan = 18
# nvalues = 3201                                  
# units = specified
# name 0 = timeS: Time, Elapsed [seconds]
# name 1 = prdM: Pressure, Strain Gauge [db]
# name 2 = c0S/m: Conductivity [S/m]
# name 3 = sbeox0V: Oxygen raw, SBE 43 [V]
# name 4 = flECO-AFL: Fluorescence, WET Labs ECO-AFL/FL [mg/m^3]
# name 5 = depSM: Depth [salt water, m], lat = 0.00
# name 6 = sigma-t00: Density [sigma-t, kg/m^3 ]
# name 7 = sigma-100: Density [sigma-1, kg/m^3 ]
# name 8 = tv268C: Temperature [IPTS-68, deg C]
# name 9 = tv290C: Temperature [ITS-90, deg C]
# name 10 = svCF: Sound Velocity [Chen-Millero, ft/s]
# name 11 = sal00: Salinity, Practical [PSU]
# name 12 = sbeox0ML/L: Oxygen, SBE 43 [ml/l]
# name 13 = sbeox0Mg/L: Oxygen, SBE 43 [mg/l]
# name 14 = sbeox0PS: Oxygen, SBE 43 [% saturation]
# name 15 = sbeox0Mm/L: Oxygen, SBE 43 [umol/l]
# name 16 = ph: pH
# name 17 = flag:  0.000e+00
# span 0 =      0.000,    800.000                 
# span 1 =     -0.134,    131.549                 
# span 2 =  -0.194136,   4.871799                 
# span 3 =     1.3604,     2.6837                 
# span 4 =    -0.1079,   128.7654                 
# span 5 =     -0.133,    130.784                 
# span 6 =    -3.0275,    26.2262                 
# span 7 =     1.3804,    30.5074                 
# span 8 =    14.7516,    25.3102                 
# span 9 =    14.7480,    25.3042                 
# span 10 =    4851.72,    5009.60                
# span 11 =     0.0000,    36.5160                
# span 12 =     2.5617,     6.9929                
# span 13 =     3.6610,     9.9936                
# span 14 =     44.831,    123.010                
# span 15 =    114.408,    312.304                
# span 16 =      7.412,      8.140                
# span 17 = 0.0000e+00, 0.0000e+00                
# interval = seconds: 0.25
# start_time = May 06 2025 14:00:17 [Instrument's time stamp, header]
# bad_flag = -9.990e-29
*END*
      0.000     -0.106   0.088917     2.6194    -0.0781     -0.105    -2.7039     1.7010    25.3102    25.3042    4914.69     0.4339     6.2812     8.9764    109.509    280.517      7.419  0.000e+00
      0.250     -0.100   0.083131     2.6204    -0.0623     -0.099    -2.7257     1.6794    25.3094    25.3034    4914.58     0.4047     6.2858     8.9831    109.571    280.726      7.412  0.000e+00
      0.500     -0.106   0.083818     2.6201    -0.0702     -0.105    -2.7227     1.6824    25.3081    25.3020    4914.58     0.4082     6.2855     8.9826    109.564    280.710      7.423  0.000e+00
      0.750     -0.100   0.079957     2.6201    -0.0702     -0.099    -2.7369     1.6683    25.3064    25.3003    4914.50     0.3888     6.2866     8.9841    109.567    280.758      7.431  0.000e+00
      1.000     -0.106   0.076785     2.6203    -0.0702     -0.105    -2.7486     1.6568    25.3052    25.2991    4914.43     0.3730     6.2879     8.9861    109.578    280.818      7.431  0.000e+00
      1.250     -0.112   0.076493     2.6200    -0.0643     -0.112    -2.7490     1.6563    25.3028    25.2967    4914.40     0.3715     6.2872     8.9851    109.560    280.787      7.426  0.000e+00
      1.500     -0.100   0.074106     2.6208    -0.0762     -0.099    -2.7572     1.6484    25.2994    25.2933    4914.33     0.3596     6.2909     8.9903    109.610    280.950      7.421  0.000e+00
      1.750     -0.106   0.072145     2.6204   128.7594     -0.105    -2.7638     1.6418    25.2964    25.2904    4914.27     0.3498     6.2903     8.9894    109.588    280.923      7.420  0.000e+00
      2.000     -0.087  -0.194136     2.6204   128.7654     -0.087    -3.0275     1.3804    25.2928    25.2868    4912.95     0.0000     6.3026     9.0071    109.579    281.476      7.421  0.000e+00
      2.250      0.049   2.250259     2.6203   128.7455      0.048     7.2461    11.5751    24.9398    24.9339    4958.22    13.5697     5.8773     8.3992    109.660    262.480      7.661  0.000e+00
      2.500      0.166   4.745361     2.6208   128.7495      0.165    21.6688    25.9100    23.2540    23.2484    5009.60    32.1050     5.4683     7.8147    110.126    244.213      7.718  0.000e+00
      2.750      0.265   4.750417     2.6205     1.3997      0.264    23.0062    27.2626    21.7130    21.7078    5000.73    33.2983     5.5991     8.0017    110.486    250.056      7.730  0.000e+00
      3.000      0.309   4.743875     2.6228     1.4037      0.307    23.9443    28.2125    20.5898    20.5849    4993.83    34.1313     5.7070     8.1559    110.897    254.876      7.671  0.000e+00
      3.250      0.340   4.746048     2.6263     1.4037      0.338    24.6021    28.8777    19.8633    19.8586    4989.50    34.7420     5.7842     8.2662    111.316    258.324      7.700  0.000e+00
      3.500      0.352   4.752244     2.6323     1.4136      0.350    25.0291    29.3090    19.4314    19.4268    4987.06    35.1541     5.8440     8.3517    111.849    260.994      7.753  0.000e+00
      3.750      0.395   4.758026     2.6374     1.3898      0.393    25.2839    29.5660    19.1908    19.1862    4985.77    35.4062     5.8870     8.4131    112.340    262.914      7.793  0.000e+00
      4.000      0.470   4.756456     2.6416     0.1341      0.467    25.3900    29.6734    19.0633    19.0587    4984.94    35.5021     5.9190     8.4589    112.749    264.344      7.825  0.000e+00
      4.250      0.550   4.755215     2.6457     0.1460      0.547    25.4520    29.7363    18.9865    18.9819    4984.44    35.5575     5.9451     8.4961    113.121    265.506      7.854  0.000e+00
      4.500      0.637   4.757130     2.6335     0.1301      0.633    25.5077    29.7924    18.9390    18.9344    4984.21    35.6144     5.9094     8.4451    112.380    263.912      7.885  0.000e+00
      4.750      0.711   4.776249     2.5632     0.1341      0.707    25.6611    29.9452    18.9057    18.9011    4984.60    35.8039     5.6553     8.0820    107.604    252.566      7.909  0.000e+00
      5.000      0.754   4.801307     2.5396     0.5547      0.750    25.8365    30.1194    18.8905    18.8860    4985.30    36.0281     5.5217     7.8911    105.173    246.600      7.929  0.000e+00
      5.250      0.798   4.791981     2.5292     0.5368      0.793    25.7773    30.0608    18.8895    18.8849    4985.00    35.9504     5.4423     7.7776    103.610    243.053      7.945  0.000e+00
      5.500      0.847   4.766057     2.5307     0.5507      0.843    25.6220    29.9070    18.8767    18.8722    4984.12    35.7431     5.4215     7.7478    103.062    242.122      7.958  0.000e+00
      5.750      0.922   4.753560     2.5354     0.5606      0.917    25.5474    29.8331    18.8703    18.8658    4983.69    35.6435     5.4301     7.7601    103.151    242.506      7.971  0.000e+00
      6.000      1.008   4.744822     2.5319     0.2035      1.003    25.4935    29.7797    18.8677    18.8631    4983.41    35.5722     5.4329     7.7642    103.156    242.634      7.989  0.000e+00
      6.250      1.132   4.740114     2.5165     0.1916      1.126    25.4814    29.7681    18.8477    18.8432    4983.14    35.5497     5.4138     7.7369    102.742    241.780      8.006  0.000e+00
      6.500      1.225   4.747756     2.5202     0.1976      1.218    25.5570    29.8436    18.8188    18.8143    4983.21    35.6389     5.4729     7.8214    103.863    244.421      8.019  0.000e+00
      6.750      1.312   4.761676     2.5212     0.2075      1.304    25.6566    29.9425    18.8081    18.8036    4983.58    35.7655     5.5332     7.9075    105.066    247.113      8.029  0.000e+00
      7.000      1.405   4.777374     2.5185     0.1976      1.397    25.7565    30.0416    18.8095    18.8050    4984.09    35.8966     5.5388     7.9155    105.258    247.364      8.042  0.000e+00
      7.250      1.479   4.773689     2.5114     0.2412      1.471    25.7291    30.0143    18.8135    18.8090    4984.00    35.8620     5.5198     7.8883    104.881    246.513      8.049  0.000e+00
      7.500      1.566   4.761033     2.5154     0.2353      1.557    25.6540    29.9400    18.8063    18.8018    4983.57    35.7615     5.5340     7.9087    105.075    247.149      8.059  0.000e+00
      7.750      1.634   4.753397     2.5188     0.2293      1.625    25.6092    29.8957    18.8014    18.7969    4983.30    35.7013     5.5507     7.9325    105.345    247.895      8.065  0.000e+00
      8.000      1.702   4.746543     2.5097     0.2353      1.692    25.5663    29.8532    18.8000    18.7955    4983.08    35.6448     5.5317     7.9053    104.945    247.045      8.072  0.000e+00
      8.250      1.782   4.748328     2.4884     0.2829      1.773    25.5894    29.8762    18.7873    18.7828    4983.06    35.6707     5.4640     7.8086    103.652    244.021      8.078  0.000e+00
      8.500      1.850   4.752633     2.4629     0.2948      1.840    25.6333    29.9202    18.7697    18.7652    4983.09    35.7222     5.3609     7.6612    101.694    239.416      8.081  0.000e+00
      8.750      1.875   4.753976     2.4323     0.2928      1.865    25.6623    29.9493    18.7475    18.7430    4983.00    35.7528     5.2358     7.4824     99.298    233.829      8.083  0.000e+00
      9.000      1.887   4.755669     2.3957     0.2888      1.877    25.6861    29.9732    18.7335    18.7290    4982.97    35.7792     5.0836     7.2650     96.403    227.035      8.090  0.000e+00
      9.250      1.894   4.751263     2.3723     0.3880      1.883    25.6601    29.9474    18.7308    18.7263    4982.81    35.7444     4.9727     7.1064     94.274    222.079      8.090  0.000e+00
      9.500      1.918   4.744061     2.3669     0.3900      1.908    25.6140    29.9017    18.7303    18.7259    4982.59    35.6839     4.9278     7.0424     93.390    220.077      8.090  0.000e+00
      9.750      1.955   4.739196     2.3780     0.3880      1.945    25.5788    29.8668    18.7344    18.7299    4982.46    35.6393     4.9645     7.0947     94.066    221.714      8.093  0.000e+00
     10.000      2.030   4.739096     2.3926     0.3999      2.019    25.5784    29.8664    18.7341    18.7296    4982.46    35.6387     5.0471     7.2128     95.630    225.402      8.095  0.000e+00
     10.250      2.104   4.738782     2.4055     0.3841      2.093    25.5825    29.8705    18.7275    18.7230    4982.41    35.6418     5.1481     7.3571     97.534    229.913      8.098  0.000e+00
     10.500      2.203   4.740944     2.4067     0.3900      2.191    25.6021    29.8901    18.7213    18.7168    4982.45    35.6653     5.2162     7.4544     98.826    232.954      8.104  0.000e+00
     10.750      2.284   4.741835     2.4092     0.3940      2.271    25.6119    29.8999    18.7168    18.7123    4982.45    35.6767     5.2817     7.5480    100.066    235.879      8.104  0.000e+00
     11.000      2.364   4.744797     2.4267     0.4039      2.351    25.6346    29.9225    18.7129    18.7084    4982.53    35.7051     5.3840     7.6942    102.014    240.448      8.109  0.000e+00
     11.250      2.476   4.744604     2.4447     0.3999      2.462    25.6361    29.9240    18.7098    18.7054    4982.51    35.7060     5.4701     7.8173    103.641    244.295      8.109  0.000e+00
     11.500      2.556   4.745717     2.4590     0.2789      2.542    25.6439    29.9317    18.7092    18.7047    4982.54    35.7160     5.5264     7.8978    104.712    246.808      8.111  0.000e+00
     11.750      2.662   4.747502     2.4612     0.2829      2.647    25.6545    29.9423    18.7101    18.7056    4982.61    35.7302     5.5304     7.9034    104.798    246.986      8.115  0.000e+00
     12.000      2.748   4.751328     2.4617     0.3087      2.733    25.6770    29.9646    18.7125    18.7081    4982.75    35.7604     5.5225     7.8923    104.673    246.636      8.118  0.000e+00
     12.250      2.804   4.755220     2.4596     0.2928      2.789    25.6987    29.9860    18.7163    18.7118    4982.90    35.7900     5.5038     7.8654    104.343    245.798      8.118  0.000e+00
     12.500      2.884   4.757613     2.4525     0.3880      2.869    25.7097    29.9968    18.7212    18.7167    4983.01    35.8060     5.4661     7.8116    103.648    244.116      8.121  0.000e+00
     12.750      2.934   4.757613     2.4417     0.3979      2.918    25.7050    29.9921    18.7263    18.7218    4983.04    35.8015     5.4043     7.7233    102.484    241.356      8.121  0.000e+00
     13.000      2.978   4.755734     2.4311     0.3900      2.961    25.6894    29.9766    18.7300    18.7255    4983.01    35.7824     5.3320     7.6200    101.109    238.128      8.123  0.000e+00
     13.250      2.996   4.753306     2.4210     0.3841      2.980    25.6731    29.9604    18.7306    18.7261    4982.94    35.7613     5.2663     7.5260     99.850    235.192      8.120  0.000e+00
     13.500      3.052   4.748429     2.4119     0.3900      3.035    25.6421    29.9297    18.7301    18.7256    4982.78    35.7206     5.2143     7.4518     98.840    232.871      8.122  0.000e+00
     13.750      3.077   4.746581     2.4005     0.3622      3.060    25.6300    29.9176    18.7303    18.7258    4982.73    35.7048     5.1649     7.3812     97.895    230.665      8.121  0.000e+00
     14.000      3.095   4.742820     2.3933     0.3523      3.078    25.6036    29.8914    18.7326    18.7281    4982.62    35.6711     5.1349     7.3382     97.310    229.323      8.121  0.000e+00
     14.250      3.145   4.741579     2.3890     0.3563      3.127    25.5946    29.8825    18.7336    18.7291    4982.59    35.6597     5.1214     7.3190     97.050    228.723      8.121  0.000e+00
     14.500      3.200   4.740338     2.3812     0.3622      3.183    25.5889    29.8769    18.7311    18.7266    4982.54    35.6514     5.1039     7.2940     96.710    227.942      8.123  0.000e+00
     14.750      3.262   4.743805     2.3719     0.4535      3.244    25.6166    29.9045    18.7252    18.7207    4982.62    35.6857     5.0825     7.2634     96.312    226.984      8.128  0.000e+00
     15.000      3.324   4.743741     2.3656     0.4416      3.306    25.6239    29.9118    18.7169    18.7124    4982.57    35.6924     5.0705     7.2463     96.074    226.449      8.126  0.000e+00
     15.250      3.398   4.745461     2.3645     0.4535      3.380    25.6434    29.9314    18.7076    18.7031    4982.57    35.7149     5.0759     7.2539     96.172    226.688      8.127  0.000e+00
     15.500      3.460   4.747631     2.3698     0.4575      3.441    25.6641    29.9521    18.7003    18.6958    4982.60    35.7395     5.1057     7.2965     96.738    228.019      8.129  0.000e+00
     15.750      3.547   4.749223     2.3766     0.3880      3.528    25.6793    29.9672    18.6949    18.6904    4982.62    35.7576     5.1453     7.3531     97.489    229.788      8.133  0.000e+00
     16.000      3.640   4.746196     2.3833     0.3999      3.620    25.6631    29.9512    18.6912    18.6868    4982.50    35.7352     5.1866     7.4122     98.252    231.634      8.131  0.000e+00
     16.250      3.702   4.745397     2.3873     0.4098      3.682    25.6610    29.9492    18.6879    18.6834    4982.46    35.7313     5.2191     7.4587     98.860    233.087      8.131  0.000e+00
     16.500      3.783   4.747888     2.3876     0.3999      3.762    25.6796    29.9677    18.6851    18.6806    4982.53    35.7547     5.2380     7.4856     99.226    233.928      8.132  0.000e+00
     16.750      3.882   4.751236     2.3840     0.3900      3.860    25.7020    29.9899    18.6843    18.6798    4982.63    35.7837     5.2365     7.4835     99.214    233.864      8.131  0.000e+00
     17.000      3.956   4.755478     2.3772     0.3722      3.934    25.7269    30.0145    18.6871    18.6826    4982.79    35.8171     5.2124     7.4490     98.781    232.784      8.133  0.000e+00
     17.250      4.012   4.762666     2.3700     0.3563      3.990    25.7689    30.0561    18.6920    18.6875    4983.04    35.8737     5.1745     7.3949     98.106    231.095      8.133  0.000e+00
     17.500      4.061   4.765839     2.3642     0.3722      4.039    25.7830    30.0701    18.6989    18.6944    4983.19    35.8944     5.1362     7.3402     97.404    229.383      8.135  0.000e+00
     17.750      4.123   4.770673     2.3555     0.3662      4.101    25.8056    30.0923    18.7083    18.7038    4983.40    35.9271     5.0873     7.2703     96.513    227.200      8.136  0.000e+00
     18.000      4.185   4.765289     2.3474     0.4098      4.162    25.7708    30.0577    18.7083    18.7038    4983.24    35.8815     5.0465     7.2120     95.713    225.377      8.136  0.000e+00
     18.250      4.222   4.756849     2.3378     0.3999      4.199    25.7225    30.0100    18.7014    18.6969    4982.93    35.8162     5.0071     7.1557     94.916    223.618      8.133  0.000e+00
     18.500      4.247   4.756850     2.3284     0.3940      4.224    25.7289    30.0164    18.6945    18.6900    4982.89    35.8222     4.9705     7.1034     94.214    221.984      8.136  0.000e+00
     18.750      4.284   4.754071     2.3175     0.4039      4.261    25.7164    30.0042    18.6885    18.6840    4982.77    35.8039     4.9334     7.0503     93.490    220.326      8.135  0.000e+00
     19.000      4.303   4.747410     2.3049     0.3940      4.279    25.6798    29.9680    18.6814    18.6769    4982.52    35.7538     4.8932     6.9928     92.687    218.528      8.133  0.000e+00
     19.250      4.352   4.742472     2.2906     0.3880      4.328    25.6545    29.9430    18.6742    18.6697    4982.32    35.7182     4.8452     6.9243     91.746    216.386      8.135  0.000e+00
     19.500      4.396   4.737479     2.2753     0.3940      4.372    25.6275    29.9164    18.6683    18.6639    4982.13    35.6811     4.7924     6.8488     90.717    214.029      8.136  0.000e+00
     19.750      4.464   4.736495     2.2631     0.3940      4.439    25.6224    29.9113    18.6670    18.6625    4982.09    35.6739     4.7504     6.7888     89.915    212.152      8.136  0.000e+00
