cruises/baja2025/cnv/20250416_cast2.cnv
* Sea-Bird SBE19plus Data File:
* FileName = C:\Users\ScienceTech\OneDrive - Western Flyer Foundation\Desktop\ProfilingCTD\data\20250416_PuntaMarciel_cast2.hex
* Software Version 1.59
* Temperature SN =  8289
* Conductivity SN =  8289
* System UpLoad Time = Apr 16 2025 17:29:32
* ds
* SBE 19plus V 3.1.8  SERIAL NO. 8289    16 Apr 2025 17:28:17
# nquan = 18
# nvalues = 7700                                  
# units = specified
# name 0 = timeS: Time, Elapsed [seconds]
# name 1 = prdM: Pressure, Strain Gauge [db]
# name 2 = c0S/m: Conductivity [S/m]
# name 3 = sbeox0V: Oxygen raw, SBE 43 [V]
# name 4 = flECO-AFL: Fluorescence, WET Labs ECO-AFL/FL [mg/m^3]
# name 5 = depSM: Depth [salt water, m], lat = 0.00
# name 6 = sigma-t00: Density [sigma-t, kg/m^3 ]
# name 7 = sigma-100: Density [sigma-1, kg/m^3 ]
# name 8 = tv268C: Temperature [IPTS-68, deg C]
# name 9 = tv290C: Temperature [ITS-90, deg C]
# name 10 = svCF: Sound Velocity [Chen-Millero, ft/s]
# name 11 = sal00: Salinity, Practical [PSU]
# name 12 = sbeox0ML/L: Oxygen, SBE 43 [ml/l]
# name 13 = sbeox0Mg/L: Oxygen, SBE 43 [mg/l]
# name 14 = sbeox0PS: Oxygen, SBE 43 [% saturation]
# name 15 = sbeox0Mm/L: Oxygen, SBE 43 [umol/l]
# name 16 = ph: pH
# name 17 = flag:  0.000e+00
# span 0 =      0.000,   1924.750                 
# span 1 =     -0.157,    324.472                 
# span 2 =  -0.098023,   5.199107                 
# span 3 =     0.5476,     3.0889                 
# span 4 =    -0.1694,   128.6821                 
# span 5 =     -0.156,    322.437                 
# span 6 =    -2.7047,    26.6179                 
# span 7 =     1.7236,    31.0680                 
# span 8 =    10.6675,    24.0168                 
# span 9 =    10.6649,    24.0111                 
# span 10 =    4875.21,    5024.18                
# span 11 =     0.0000,    36.3855                
# span 12 =     0.0618,     7.1288                
# span 13 =     0.0883,    10.1877                
# span 14 =      0.991,    135.470                
# span 15 =      2.760,    318.371                
# span 16 =      7.563,      8.222                
# span 17 = 0.0000e+00, 0.0000e+00                
# interval = seconds: 0.25
# start_time = Apr 16 2025 10:51:32 [Instrument's time stamp, header]
# bad_flag = -9.990e-29
*END*
[from data line 3377]
    844.250    245.515   3.885270     0.5556    -0.0762    244.021    26.5681    31.0105    10.9763    10.9736    4911.42    34.7276     0.0917     0.1310      1.480      4.094      7.575  0.000e+00
    844.500    245.527   3.885270     0.5562    -0.0722    244.034    26.5677    31.0101    10.9767    10.9741    4911.42    34.7272     0.0931     0.1331      1.503      4.158      7.570  0.000e+00
    844.750    245.503   3.885355     0.5564    -0.0762    244.009    26.5683    31.0106    10.9768    10.9742    4911.42    34.7279     0.0941     0.1344      1.518      4.201      7.571  0.000e+00
    845.000    245.490   3.885329     0.5556    -0.0603    243.997    26.5676    31.0099    10.9774    10.9748    4911.43    34.7271     0.0907     0.1296      1.464      4.051      7.572  0.000e+00
    845.250    245.466   3.885329     0.5559    -0.0702    243.972    26.5674    31.0098    10.9775    10.9749    4911.43    34.7270     0.0915     0.1308      1.478      4.088      7.573  0.000e+00
    845.500    245.435   3.885434     0.5558    -0.0841    243.941    26.5680    31.0103    10.9778    10.9752    4911.43    34.7278     0.0899     0.1284      1.451      4.014      7.573  0.000e+00
    845.750    245.416   3.885493     0.5567    -0.0722    243.923    26.5682    31.0105    10.9781    10.9755    4911.43    34.7281     0.0936     0.1337      1.511      4.179      7.570  0.000e+00
    846.000    245.385   3.885434     0.5557    -0.0702    243.892    26.5671    31.0094    10.9789    10.9762    4911.44    34.7268     0.0896     0.1281      1.447      4.003      7.573  0.000e+00
    846.250    245.355   3.885329     0.5556    -0.0702    243.862    26.5661    31.0084    10.9790    10.9764    4911.43    34.7256     0.0895     0.1279      1.445      3.998      7.572  0.000e+00
    846.500    245.317   3.885461     0.5564    -0.0643    243.825    26.5674    31.0097    10.9788    10.9762    4911.43    34.7272     0.0925     0.1321      1.493      4.130      7.574  0.000e+00
    846.750    245.299   3.885493     0.5558    -0.0682    243.806    26.5676    31.0099    10.9788    10.9762    4911.43    34.7275     0.0904     0.1291      1.459      4.035      7.574  0.000e+00
    847.000    245.293   3.883692     0.5561    -0.0702    243.800    26.5533    30.9957    10.9791    10.9765    4911.37    34.7092     0.0922     0.1318      1.488      4.118      7.573  0.000e+00
    847.250    245.318   3.885270     0.5562    -0.0702    243.825    26.5657    31.0080    10.9790    10.9764    4911.43    34.7251     0.0922     0.1318      1.489      4.118      7.574  0.000e+00
    847.500    245.349   3.885079     0.5562    -0.0623    243.856    26.5647    31.0070    10.9784    10.9758    4911.42    34.7237     0.0923     0.1319      1.490      4.122      7.574  0.000e+00
    847.750    245.398   3.884974     0.5569    -0.0702    243.905    26.5650    31.0073    10.9773    10.9746    4911.41    34.7237     0.0957     0.1367      1.544      4.272      7.574  0.000e+00
    848.000    245.436   3.884948     0.5557    -0.0603    243.942    26.5658    31.0081    10.9761    10.9735    4911.40    34.7245     0.0917     0.1311      1.480      4.096      7.574  0.000e+00
    848.250    245.485   3.884862     0.5557    -0.0543    243.992    26.5661    31.0085    10.9750    10.9724    4911.39    34.7247     0.0907     0.1296      1.464      4.051      7.574  0.000e+00
    848.500    245.498   3.884889     0.5562    -0.0623    244.004    26.5668    31.0092    10.9745    10.9718    4911.39    34.7255     0.0916     0.1310      1.479      4.093      7.573  0.000e+00
    848.750    245.504   3.884974     0.5565    -0.0801    244.010    26.5677    31.0101    10.9742    10.9716    4911.39    34.7266     0.0936     0.1337      1.510      4.179      7.573  0.000e+00
    849.000    245.529   3.884974     0.5555    -0.0563    244.035    26.5679    31.0103    10.9740    10.9714    4911.39    34.7268     0.0888     0.1268      1.433      3.964      7.575  0.000e+00
    849.250    245.535   3.884948     0.5553    -0.0702    244.041    26.5676    31.0100    10.9741    10.9715    4911.39    34.7264     0.0872     0.1247      1.408      3.896      7.572  0.000e+00
    849.500    245.523   3.885053     0.5568    -0.0643    244.029    26.5684    31.0108    10.9741    10.9715    4911.39    34.7274     0.0935     0.1336      1.509      4.174      7.570  0.000e+00
    849.750    245.504   3.885112     0.5562    -0.0643    244.010    26.5686    31.0109    10.9745    10.9718    4911.40    34.7277     0.0916     0.1309      1.479      4.091      7.572  0.000e+00
    850.000    245.479   3.885112     0.5559    -0.0781    243.986    26.5681    31.0105    10.9750    10.9723    4911.40    34.7272     0.0916     0.1309      1.479      4.091      7.572  0.000e+00
    850.250    245.436   3.885112     0.5562    -0.0861    243.943    26.5677    31.0100    10.9754    10.9728    4911.40    34.7268     0.0929     0.1327      1.499      4.148      7.575  0.000e+00
    850.500    245.393   3.885191     0.5553    -0.0781    243.900    26.5682    31.0105    10.9756    10.9730    4911.40    34.7275     0.0883     0.1262      1.426      3.945      7.573  0.000e+00
    850.750    245.349   3.885217     0.5559    -0.0643    243.857    26.5682    31.0105    10.9759    10.9732    4911.40    34.7275     0.0907     0.1296      1.464      4.050      7.572  0.000e+00
    851.000    245.325   3.885217     0.5568    -0.0543    243.832    26.5677    31.0100    10.9764    10.9737    4911.41    34.7270     0.0955     0.1364      1.541      4.263      7.575  0.000e+00
    851.250    245.312   3.885217     0.5559    -0.0762    243.820    26.5674    31.0097    10.9767    10.9741    4911.41    34.7267     0.0917     0.1310      1.480      4.094      7.572  0.000e+00
    851.500    245.312   3.885053     0.5558    -0.0781    243.820    26.5660    31.0083    10.9768    10.9742    4911.40    34.7250     0.0897     0.1282      1.448      4.005      7.574  0.000e+00
    851.750    245.319   3.885000     0.5555    -0.0543    243.826    26.5660    31.0083    10.9764    10.9738    4911.40    34.7248     0.0890     0.1271      1.436      3.973      7.573  0.000e+00
    852.000    245.331   3.884974     0.5555    -0.0643    243.838    26.5665    31.0088    10.9757    10.9730    4911.39    34.7253     0.0887     0.1268      1.432      3.962      7.574  0.000e+00
    852.250    245.350   3.884974     0.5564    -0.0702    243.857    26.5670    31.0093    10.9751    10.9725    4911.39    34.7258     0.0925     0.1322      1.494      4.133      7.572  0.000e+00
    852.500    245.387   3.884974     0.5562    -0.0722    243.894    26.5673    31.0097    10.9747    10.9720    4911.39    34.7262     0.0925     0.1323      1.494      4.133      7.572  0.000e+00
    852.750    245.412   3.885027     0.5561    -0.0623    243.919    26.5678    31.0102    10.9746    10.9720    4911.39    34.7268     0.0916     0.1308      1.478      4.089      7.576  0.000e+00
    853.000    245.430   3.885165     0.5564    -0.0801    243.937    26.5687    31.0110    10.9748    10.9722    4911.40    34.7279     0.0930     0.1329      1.501      4.153      7.574  0.000e+00
    853.250    245.455   3.885165     0.5559    -0.0682    243.962    26.5683    31.0107    10.9752    10.9725    4911.40    34.7276     0.0924     0.1321      1.492      4.127      7.575  0.000e+00
    853.500    245.480   3.885244     0.5554    -0.0920    243.987    26.5684    31.0107    10.9758    10.9732    4911.41    34.7278     0.0898     0.1284      1.450      4.011      7.574  0.000e+00
    853.750    245.474   3.885270     0.5559    -0.0702    243.980    26.5683    31.0106    10.9761    10.9735    4911.41    34.7277     0.0912     0.1303      1.471      4.071      7.573  0.000e+00
    854.000    245.480   3.885139     0.5572    -0.0722    243.987    26.5667    31.0091    10.9767    10.9741    4911.41    34.7259     0.0969     0.1385      1.564      4.327      7.574  0.000e+00
    854.250    245.474   3.885217     0.5559    -0.0623    243.981    26.5674    31.0097    10.9766    10.9740    4911.42    34.7267     0.0908     0.1298      1.466      4.057      7.574  0.000e+00
    854.500    245.456   3.885191     0.5556    -0.0643    243.962    26.5673    31.0096    10.9766    10.9739    4911.41    34.7265     0.0898     0.1283      1.449      4.009      7.571  0.000e+00
    854.750    245.425   3.885079     0.5564    -0.0702    243.932    26.5664    31.0088    10.9766    10.9739    4911.41    34.7254     0.0930     0.1329      1.501      4.153      7.574  0.000e+00
    855.000    245.388   3.885079     0.5559    -0.0702    243.895    26.5666    31.0090    10.9764    10.9737    4911.40    34.7256     0.0912     0.1304      1.473      4.074      7.572  0.000e+00
    855.250    245.369   3.885079     0.5563    -0.0682    243.876    26.5671    31.0094    10.9759    10.9732    4911.40    34.7261     0.0934     0.1334      1.507      4.170      7.575  0.000e+00
    855.500    245.326   3.885138     0.5568    -0.0643    243.833    26.5675    31.0099    10.9759    10.9732    4911.40    34.7267     0.0957     0.1367      1.544      4.272      7.574  0.000e+00
    855.750    245.320   3.885165     0.5556    -0.0762    243.827    26.5678    31.0102    10.9758    10.9732    4911.40    34.7271     0.0895     0.1279      1.444      3.995      7.572  0.000e+00
    856.000    245.320   3.885217     0.5566    -0.0702    243.827    26.5680    31.0104    10.9760    10.9734    4911.40    34.7274     0.0929     0.1327      1.499      4.147      7.572  0.000e+00
    856.250    245.326   3.885329     0.5550    -0.0524    243.833    26.5686    31.0110    10.9763    10.9736    4911.41    34.7282     0.0876     0.1252      1.414      3.912      7.575  0.000e+00
    856.500    245.357   3.885329     0.5558    -0.0801    243.864    26.5679    31.0102    10.9770    10.9744    4911.42    34.7275     0.0897     0.1282      1.448      4.007      7.575  0.000e+00
    856.750    245.376   3.885355     0.5558    -0.0781    243.883    26.5677    31.0101    10.9775    10.9748    4911.42    34.7274     0.0889     0.1270      1.435      3.969      7.571  0.000e+00
    857.000    245.388   3.885408     0.5556    -0.0464    243.895    26.5678    31.0101    10.9778    10.9752    4911.43    34.7275     0.0885     0.1264      1.428      3.951      7.574  0.000e+00
    857.250    245.401   3.885434     0.5562    -0.0603    243.907    26.5677    31.0100    10.9782    10.9755    4911.43    34.7275     0.0906     0.1295      1.463      4.047      7.573  0.000e+00
    857.500    245.382   3.885461     0.5565    -0.0682    243.889    26.5676    31.0099    10.9785    10.9759    4911.43    34.7274     0.0929     0.1328      1.500      4.150      7.575  0.000e+00
    857.750    245.376   3.885493     0.5567    -0.0702    243.883    26.5675    31.0098    10.9789    10.9762    4911.44    34.7274     0.0959     0.1371      1.549      4.284      7.573  0.000e+00
    858.000    245.370   3.885520     0.5556    -0.0682    243.877    26.5676    31.0098    10.9791    10.9764    4911.44    34.7275     0.0912     0.1303      1.472      4.071      7.575  0.000e+00
    858.250    245.357   3.885546     0.5555    -0.0702    243.865    26.5673    31.0096    10.9796    10.9769    4911.45    34.7273     0.0909     0.1299      1.468      4.061      7.574  0.000e+00
    858.500    245.339   3.885520     0.5553    -0.0702    243.846    26.5669    31.0092    10.9798    10.9771    4911.44    34.7268     0.0884     0.1263      1.427      3.948      7.576  0.000e+00
    858.750    245.333   3.885546     0.5562    -0.0603    243.840    26.5669    31.0092    10.9800    10.9773    4911.45    34.7269     0.0919     0.1313      1.483      4.102      7.573  0.000e+00
    859.000    245.339   3.885599     0.5562    -0.0702    243.846    26.5674    31.0096    10.9800    10.9773    4911.45    34.7274     0.0920     0.1315      1.485      4.109      7.572  0.000e+00
    859.250    245.351   3.885599     0.5556    -0.0722    243.859    26.5672    31.0095    10.9801    10.9775    4911.45    34.7273     0.0889     0.1270      1.435      3.969      7.576  0.000e+00
    859.500    245.376   3.885625     0.5566    -0.0702    243.883    26.5672    31.0095    10.9803    10.9777    4911.46    34.7273     0.0930     0.1330      1.502      4.155      7.572  0.000e+00
    859.750    245.382   3.885625     0.5555    -0.0643    243.890    26.5671    31.0093    10.9805    10.9778    4911.46    34.7272     0.0893     0.1277      1.442      3.990      7.574  0.000e+00
    860.000    245.401   3.885651     0.5557    -0.0702    243.908    26.5672    31.0094    10.9806    10.9780    4911.46    34.7273     0.0911     0.1302      1.471      4.069      7.573  0.000e+00
    860.250    245.420   3.885684     0.5563    -0.0801    243.927    26.5674    31.0096    10.9807    10.9780    4911.46    34.7276     0.0936     0.1337      1.511      4.180      7.572  0.000e+00
    860.500    245.445   3.885572     0.5559    -0.0762    243.951    26.5662    31.0084    10.9810    10.9784    4911.46    34.7261     0.0917     0.1310      1.480      4.095      7.574  0.000e+00
    860.750    245.451   3.885710     0.5559    -0.0722    243.958    26.5672    31.0095    10.9810    10.9784    4911.47    34.7275     0.0907     0.1296      1.464      4.051      7.573  0.000e+00
    861.000    245.439   3.885684     0.5559    -0.0702    243.945    26.5667    31.0089    10.9814    10.9787    4911.47    34.7269     0.0910     0.1300      1.469      4.064      7.577  0.000e+00
    861.250    245.426   3.885789     0.5564    -0.0563    243.933    26.5674    31.0096    10.9815    10.9789    4911.47    34.7278     0.0936     0.1337      1.510      4.178      7.577  0.000e+00
    861.500    245.395   3.885710     0.5558    -0.0781    243.902    26.5665    31.0088    10.9818    10.9791    4911.47    34.7268     0.0906     0.1295      1.463      4.047      7.574  0.000e+00
    861.750    245.358   3.885651     0.5552    -0.0682    243.865    26.5662    31.0084    10.9817    10.9791    4911.47    34.7263     0.0883     0.1262      1.426      3.944      7.573  0.000e+00
    862.000    245.327   3.885651     0.5559    -0.0623    243.835    26.5662    31.0085    10.9816    10.9790    4911.46    34.7264     0.0901     0.1288      1.455      4.024      7.574  0.000e+00
    862.250    245.315   3.885625     0.5557    -0.0623    243.822    26.5663    31.0085    10.9814    10.9787    4911.46    34.7264     0.0890     0.1272      1.437      3.976      7.572  0.000e+00
    862.500    245.296   3.885599     0.5567    -0.0543    243.804    26.5663    31.0085    10.9812    10.9785    4911.46    34.7263     0.0942     0.1346      1.520      4.206      7.574  0.000e+00
    862.750    245.290   3.885625     0.5561    -0.0682    243.798    26.5666    31.0088    10.9811    10.9784    4911.46    34.7267     0.0923     0.1318      1.489      4.120      7.574  0.000e+00
    863.000    245.297   3.885625     0.5562    -0.0702    243.804    26.5666    31.0089    10.9810    10.9784    4911.46    34.7267     0.0928     0.1326      1.498      4.143      7.573  0.000e+00
    863.250    245.303   3.885546     0.5565    -0.0781    243.810    26.5661    31.0084    10.9809    10.9782    4911.45    34.7261     0.0944     0.1349      1.524      4.215      7.570  0.000e+00
    863.500    245.303   3.885546     0.5558    -0.0682    243.811    26.5664    31.0086    10.9806    10.9780    4911.45    34.7263     0.0923     0.1318      1.489      4.120      7.573  0.000e+00
    863.750    245.340   3.885572     0.5570    -0.0623    243.848    26.5669    31.0091    10.9802    10.9776    4911.45    34.7269     0.0975     0.1393      1.574      4.354      7.571  0.000e+00
    864.000    245.359   3.885625     0.5570    -0.0623    243.866    26.5671    31.0093    10.9805    10.9778    4911.46    34.7272     0.0972     0.1388      1.569      4.339      7.574  0.000e+00
