cruises/baja2025/cnv/20250504_cast5.cnv
* Sea-Bird SBE19plus Data File:
* FileName = C:\Users\ScienceTech\OneDrive - Western Flyer Foundation\Desktop\ProfilingCTD\data\Leg 3\20250504_PP500J_cast1.hex
* Software Version 1.59
* Temperature SN =  8289
* Conductivity SN =  8289
* System UpLoad Time = May 04 2025 19:56:59
** PP500J
** 2224Z
** 27-32.54'N
** 112-18.75'W
** Depth 511m
# nquan = 18
# nvalues = 8328                                  
# units = specified
# name 0 = timeS: Time, Elapsed [seconds]
# name 1 = prdM: Pressure, Strain Gauge [db]
# name 2 = c0S/m: Conductivity [S/m]
# name 3 = sbeox0V: Oxygen raw, SBE 43 [V]
# name 4 = flECO-AFL: Fluorescence, WET Labs ECO-AFL/FL [mg/m^3]
# name 5 = depSM: Depth [salt water, m], lat = 0.00
# name 6 = sigma-t00: Density [sigma-t, kg/m^3 ]
# name 7 = sigma-100: Density [sigma-1, kg/m^3 ]
# name 8 = tv268C: Temperature [IPTS-68, deg C]
# name 9 = tv290C: Temperature [ITS-90, deg C]
# name 10 = svCF: Sound Velocity [Chen-Millero, ft/s]
# name 11 = sal00: Salinity, Practical [PSU]
# name 12 = sbeox0ML/L: Oxygen, SBE 43 [ml/l]
# name 13 = sbeox0Mg/L: Oxygen, SBE 43 [mg/l]
# name 14 = sbeox0PS: Oxygen, SBE 43 [% saturation]
# name 15 = sbeox0Mm/L: Oxygen, SBE 43 [umol/l]
# name 16 = ph: pH
# name 17 = flag:  0.000e+00
# span 0 =      0.000,   2081.750                 
# span 1 =     -0.213,    443.739                 
# span 2 =   0.047660,   4.958581                 
# span 3 =     0.6779,     3.0010                 
# span 4 =    -0.1654,   128.6979                 
# span 5 =     -0.212,    440.828                 
# span 6 =    -1.8334,    26.7842                 
# span 7 =     2.6437,    31.2499                 
# span 8 =     9.8604,    21.2256                 
# span 9 =     9.8580,    21.2205                 
# span 10 =    4870.02,    5003.50                
# span 11 =     0.2502,    35.9330                
# span 12 =     0.5354,     7.2910                
# span 13 =     0.7651,    10.4195                
# span 14 =      8.438,    136.382                
# span 15 =     23.911,    325.615                
# span 16 =      7.632,      8.215                
# span 17 = 0.0000e+00, 0.0000e+00                
# interval = seconds: 0.25
# start_time = May 04 2025 15:23:00 [Instrument's time stamp, header]
# bad_flag = -9.990e-29
*END*
[from data line 2815]
    703.750    225.102   4.055018     1.0581    -0.0682    223.743    26.4157    30.8251    12.5609    12.5579    4928.92    34.9161     1.7482     2.4984     29.211     78.075      7.756  0.000e+00
    704.000    225.337   4.054991     1.0589    -0.0781    223.977    26.4157    30.8250    12.5607    12.5577    4928.93    34.9159     1.7529     2.5050     29.289     78.283      7.752  0.000e+00
    704.250    225.579   4.054911     1.0589    -0.0702    224.217    26.4153    30.8247    12.5604    12.5574    4928.93    34.9153     1.7538     2.5063     29.304     78.324      7.756  0.000e+00
    704.500    225.808   4.054871     1.0599    -0.0722    224.445    26.4154    30.8248    12.5598    12.5568    4928.94    34.9154     1.7592     2.5141     29.394     78.566      7.754  0.000e+00
    704.750    226.038   4.054938     1.0602    -0.0702    224.673    26.4163    30.8257    12.5593    12.5563    4928.95    34.9164     1.7616     2.5175     29.434     78.674      7.753  0.000e+00
    705.000    226.255   4.054931     1.0609    -0.0702    224.888    26.4166    30.8260    12.5589    12.5559    4928.96    34.9167     1.7654     2.5230     29.498     78.844      7.756  0.000e+00
    705.250    226.465   4.054965     1.0618    -0.0623    225.098    26.4170    30.8265    12.5586    12.5556    4928.97    34.9172     1.7716     2.5318     29.601     79.120      7.755  0.000e+00
    705.500    226.664   4.055072     1.0615    -0.0643    225.295    26.4176    30.8271    12.5587    12.5557    4928.98    34.9180     1.7713     2.5313     29.596     79.106      7.756  0.000e+00
    705.750    226.856   4.055019     1.0622    -0.0841    225.486    26.4168    30.8262    12.5592    12.5562    4929.00    34.9170     1.7744     2.5357     29.647     79.243      7.754  0.000e+00
    706.000    227.030   4.055072     1.0630    -0.0702    225.658    26.4170    30.8264    12.5593    12.5563    4929.01    34.9173     1.7772     2.5398     29.695     79.370      7.755  0.000e+00
    706.250    227.197   4.055219     1.0634    -0.0722    225.824    26.4180    30.8274    12.5594    12.5564    4929.02    34.9185     1.7787     2.5420     29.721     79.438      7.752  0.000e+00
    706.500    227.333   4.055186     1.0630    -0.0702    225.960    26.4171    30.8266    12.5600    12.5570    4929.03    34.9176     1.7757     2.5376     29.670     79.301      7.752  0.000e+00
    706.750    227.463   4.055306     1.0628    -0.0781    226.089    26.4176    30.8270    12.5604    12.5574    4929.05    34.9183     1.7737     2.5348     29.637     79.213      7.754  0.000e+00
    707.000    227.619   4.055046     1.0633    -0.0781    226.243    26.4150    30.8244    12.5611    12.5581    4929.05    34.9151     1.7742     2.5356     29.646     79.238      7.758  0.000e+00
    707.250    227.786   4.055133     1.0634    -0.0543    226.410    26.4158    30.8253    12.5608    12.5578    4929.06    34.9162     1.7735     2.5344     29.633     79.202      7.755  0.000e+00
    707.500    227.984   4.055320     1.0634    -0.0762    226.607    26.4174    30.8269    12.5605    12.5575    4929.08    34.9182     1.7730     2.5338     29.625     79.182      7.754  0.000e+00
    707.750    228.176   4.055246     1.0630    -0.0702    226.797    26.4165    30.8260    12.5609    12.5578    4929.09    34.9170     1.7696     2.5289     29.569     79.030      7.756  0.000e+00
    708.000    228.387   4.055293     1.0630    -0.0643    227.007    26.4162    30.8257    12.5614    12.5584    4929.10    34.9169     1.7683     2.5271     29.547     78.972      7.755  0.000e+00
    708.250    228.579   4.055293     1.0623    -0.0643    227.198    26.4163    30.8258    12.5613    12.5583    4929.11    34.9169     1.7652     2.5227     29.496     78.836      7.756  0.000e+00
    708.500    228.771   4.055307     1.0623    -0.0702    227.389    26.4161    30.8255    12.5616    12.5586    4929.12    34.9167     1.7646     2.5218     29.486     78.808      7.752  0.000e+00
    708.750    228.951   4.055401     1.0620    -0.0543    227.567    26.4166    30.8260    12.5617    12.5587    4929.14    34.9174     1.7625     2.5188     29.451     78.715      7.756  0.000e+00
    709.000    229.143   4.055421     1.0617    -0.0781    227.758    26.4164    30.8259    12.5620    12.5590    4929.15    34.9172     1.7602     2.5155     29.412     78.610      7.757  0.000e+00
    709.250    229.354   4.055461     1.0618    -0.0543    227.967    26.4162    30.8257    12.5625    12.5595    4929.17    34.9171     1.7606     2.5161     29.420     78.629      7.756  0.000e+00
    709.500    229.571   4.055394     1.0610    -0.0623    228.183    26.4155    30.8250    12.5626    12.5596    4929.18    34.9162     1.7577     2.5119     29.371     78.499      7.756  0.000e+00
    709.750    229.825   4.055294     1.0607    -0.0682    228.435    26.4146    30.8241    12.5627    12.5597    4929.19    34.9151     1.7563     2.5099     29.347     78.437      7.755  0.000e+00
    710.000    230.098   4.055281     1.0607    -0.0623    228.706    26.4148    30.8243    12.5622    12.5592    4929.20    34.9153     1.7567     2.5104     29.353     78.453      7.753  0.000e+00
    710.250    230.364   4.055267     1.0601    -0.0801    228.971    26.4152    30.8247    12.5617    12.5586    4929.21    34.9156     1.7543     2.5071     29.314     78.348      7.754  0.000e+00
    710.500    230.662   4.055267     1.0610    -0.0603    229.267    26.4158    30.8254    12.5609    12.5578    4929.22    34.9162     1.7583     2.5128     29.380     78.527      7.753  0.000e+00
    710.750    230.953   4.055248     1.0603    -0.0702    229.556    26.4161    30.8256    12.5603    12.5573    4929.23    34.9163     1.7565     2.5102     29.349     78.446      7.754  0.000e+00
    711.000    231.220   4.055348     1.0607    -0.0781    229.821    26.4171    30.8266    12.5600    12.5570    4929.24    34.9175     1.7591     2.5139     29.393     78.562      7.754  0.000e+00
    711.250    231.468   4.055361     1.0605    -0.0623    230.067    26.4172    30.8268    12.5598    12.5568    4929.26    34.9177     1.7591     2.5139     29.392     78.561      7.756  0.000e+00
    711.500    231.654   4.055348     1.0610    -0.0702    230.252    26.4169    30.8265    12.5600    12.5570    4929.27    34.9173     1.7624     2.5186     29.447     78.708      7.755  0.000e+00
    711.750    231.771   4.055362     1.0621    -0.0603    230.369    26.4168    30.8264    12.5601    12.5571    4929.27    34.9173     1.7684     2.5272     29.548     78.977      7.757  0.000e+00
    712.000    231.821   4.055375     1.0623    -0.0702    230.418    26.4168    30.8264    12.5603    12.5573    4929.28    34.9173     1.7708     2.5306     29.588     79.083      7.755  0.000e+00
    712.250    231.784   4.055422     1.0627    -0.0702    230.381    26.4169    30.8264    12.5606    12.5576    4929.28    34.9175     1.7733     2.5343     29.631     79.198      7.753  0.000e+00
    712.500    231.728   4.055428     1.0626    -0.0464    230.326    26.4169    30.8264    12.5606    12.5576    4929.28    34.9175     1.7731     2.5339     29.626     79.185      7.755  0.000e+00
    712.750    231.654   4.055462     1.0631    -0.0722    230.252    26.4170    30.8265    12.5609    12.5578    4929.28    34.9176     1.7760     2.5381     29.675     79.315      7.752  0.000e+00
    713.000    231.635   4.055535     1.0634    -0.0543    230.234    26.4171    30.8267    12.5613    12.5583    4929.28    34.9179     1.7769     2.5394     29.691     79.356      7.753  0.000e+00
    713.250    231.660   4.055515     1.0630    -0.0702    230.258    26.4166    30.8262    12.5617    12.5586    4929.28    34.9174     1.7746     2.5360     29.652     79.252      7.756  0.000e+00
    713.500    231.772   4.055448     1.0636    -0.0841    230.369    26.4159    30.8254    12.5619    12.5589    4929.29    34.9165     1.7755     2.5374     29.668     79.295      7.756  0.000e+00
    713.750    231.951   4.055763     1.0634    -0.0543    230.548    26.4181    30.8276    12.5620    12.5589    4929.31    34.9194     1.7735     2.5346     29.636     79.206      7.758  0.000e+00
    714.000    232.249   4.056024     1.0620    -0.0722    230.843    26.4193    30.8289    12.5626    12.5596    4929.34    34.9211     1.7669     2.5251     29.525     78.910      7.756  0.000e+00
    714.250    232.602   4.055950     1.0627    -0.0781    231.194    26.4170    30.8265    12.5644    12.5614    4929.37    34.9186     1.7679     2.5265     29.543     78.954      7.756  0.000e+00
    714.500    233.030   4.055971     1.0637    -0.0781    231.619    26.4158    30.8253    12.5658    12.5628    4929.40    34.9174     1.7720     2.5324     29.612     79.137      7.754  0.000e+00
    714.750    233.470   4.055897     1.0651    -0.0623    232.056    26.4146    30.8242    12.5663    12.5633    4929.43    34.9160     1.7783     2.5414     29.717     79.419      7.753  0.000e+00
    715.000    233.929   4.055737     1.0646    -0.0702    232.512    26.4134    30.8230    12.5661    12.5631    4929.45    34.9144     1.7777     2.5406     29.707     79.394      7.754  0.000e+00
    715.250    234.394   4.055797     1.0640    -0.0722    232.974    26.4146    30.8242    12.5652    12.5622    4929.47    34.9157     1.7763     2.5385     29.682     79.328      7.754  0.000e+00
    715.500    234.840   4.055624     1.0637    -0.0643    233.417    26.4136    30.8232    12.5647    12.5617    4929.48    34.9143     1.7750     2.5366     29.660     79.271      7.755  0.000e+00
    715.750    235.212   4.055711     1.0643    -0.0682    233.787    26.4152    30.8248    12.5636    12.5606    4929.49    34.9160     1.7775     2.5402     29.702     79.382      7.752  0.000e+00
    716.000    235.466   4.055738     1.0638    -0.0861    234.039    26.4161    30.8257    12.5627    12.5597    4929.50    34.9170     1.7757     2.5377     29.672     79.303      7.752  0.000e+00
    716.250    235.565   4.055624     1.0640    -0.0781    234.138    26.4153    30.8250    12.5625    12.5595    4929.50    34.9160     1.7740     2.5353     29.644     79.229      7.756  0.000e+00
    716.500    235.497   4.055677     1.0641    -0.0702    234.070    26.4164    30.8261    12.5618    12.5588    4929.49    34.9172     1.7728     2.5336     29.623     79.175      7.755  0.000e+00
    716.750    235.293   4.055851     1.0647    -0.0543    233.867    26.4180    30.8276    12.5616    12.5586    4929.49    34.9191     1.7749     2.5365     29.658     79.267      7.753  0.000e+00
    717.000    235.026   4.055925     1.0651    -0.0781    233.602    26.4183    30.8279    12.5620    12.5589    4929.48    34.9196     1.7783     2.5413     29.715     79.418      7.759  0.000e+00
    717.250    234.784   4.055985     1.0650    -0.0643    233.362    26.4179    30.8275    12.5629    12.5599    4929.48    34.9194     1.7793     2.5428     29.732     79.463      7.754  0.000e+00
    717.500    234.574   4.055998     1.0653    -0.0702    233.153    26.4172    30.8268    12.5639    12.5608    4929.47    34.9188     1.7806     2.5446     29.754     79.520      7.754  0.000e+00
    717.750    234.487   4.055951     1.0659    -0.0623    233.066    26.4162    30.8257    12.5647    12.5617    4929.47    34.9176     1.7835     2.5488     29.803     79.652      7.756  0.000e+00
    718.000    234.524   4.055884     1.0669    -0.0682    233.103    26.4152    30.8248    12.5652    12.5622    4929.48    34.9165     1.7888     2.5563     29.891     79.886      7.758  0.000e+00
    718.250    234.722   4.055570     1.0672    -0.0702    233.300    26.4129    30.8225    12.5650    12.5620    4929.47    34.9135     1.7904     2.5587     29.918     79.960      7.756  0.000e+00
    718.500    235.020   4.055563     1.0680    -0.0643    233.596    26.4139    30.8235    12.5638    12.5608    4929.48    34.9145     1.7943     2.5643     29.983     80.135      7.754  0.000e+00
    718.750    235.417   4.055791     1.0672    -0.0623    233.990    26.4168    30.8264    12.5624    12.5594    4929.50    34.9178     1.7908     2.5592     29.924     79.976      7.754  0.000e+00
    719.000    235.844   4.055885     1.0672    -0.0623    234.415    26.4175    30.8272    12.5622    12.5592    4929.52    34.9187     1.7900     2.5581     29.911     79.942      7.753  0.000e+00
    719.250    236.291   4.055791     1.0679    -0.0623    234.858    26.4163    30.8260    12.5625    12.5595    4929.55    34.9173     1.7925     2.5617     29.952     80.053      7.755  0.000e+00
    719.500    236.781   4.055986     1.0670    -0.0762    235.345    26.4175    30.8272    12.5627    12.5597    4929.58    34.9188     1.7874     2.5544     29.868     79.827      7.751  0.000e+00
    719.750    237.276   4.055852     1.0682    -0.0861    235.837    26.4160    30.8257    12.5631    12.5600    4929.60    34.9169     1.7907     2.5590     29.922     79.971      7.756  0.000e+00
    720.000    237.748   4.055899     1.0671    -0.0801    236.305    26.4163    30.8260    12.5630    12.5600    4929.63    34.9173     1.7848     2.5507     29.824     79.710      7.754  0.000e+00
    720.250    238.175   4.056026     1.0679    -0.0623    236.730    26.4172    30.8269    12.5628    12.5598    4929.66    34.9184     1.7876     2.5547     29.871     79.835      7.755  0.000e+00
    720.500    238.566   4.056173     1.0681    -0.0702    237.118    26.4178    30.8275    12.5632    12.5602    4929.68    34.9194     1.7883     2.5557     29.883     79.866      7.755  0.000e+00
    720.750    238.795   4.056140     1.0695    -0.0524    237.346    26.4169    30.8266    12.5639    12.5608    4929.70    34.9183     1.7956     2.5660     30.004     80.189      7.757  0.000e+00
    721.000    238.888   4.056093     1.0689    -0.0543    237.438    26.4162    30.8259    12.5642    12.5612    4929.71    34.9175     1.7942     2.5641     29.982     80.129      7.755  0.000e+00
    721.250    238.789   4.056147     1.0686    -0.0702    237.340    26.4168    30.8265    12.5641    12.5611    4929.70    34.9182     1.7927     2.5620     29.957     80.063      7.756  0.000e+00
    721.500    238.566   4.056227     1.0682    -0.0643    237.118    26.4175    30.8272    12.5640    12.5610    4929.69    34.9191     1.7912     2.5598     29.932     79.996      7.755  0.000e+00
    721.750    238.324   4.056227     1.0672    -0.0623    236.878    26.4172    30.8268    12.5644    12.5614    4929.68    34.9188     1.7848     2.5506     29.825     79.709      7.754  0.000e+00
    722.000    238.076   4.056254     1.0671    -0.0841    236.632    26.4167    30.8264    12.5653    12.5622    4929.68    34.9184     1.7833     2.5484     29.800     79.640      7.758  0.000e+00
    722.250    237.891   4.056200     1.0667    -0.0643    236.447    26.4160    30.8256    12.5657    12.5627    4929.67    34.9176     1.7790     2.5424     29.729     79.450      7.756  0.000e+00
    722.500    237.791   4.056200     1.0670    -0.0623    236.349    26.4158    30.8254    12.5659    12.5629    4929.66    34.9174     1.7787     2.5419     29.724     79.437      7.754  0.000e+00
    722.750    237.841   4.056093     1.0667    -0.0524    236.398    26.4151    30.8248    12.5658    12.5628    4929.66    34.9165     1.7766     2.5389     29.688     79.341      7.756  0.000e+00
    723.000    238.021   4.056200     1.0668    -0.0643    236.577    26.4160    30.8256    12.5656    12.5626    4929.67    34.9176     1.7781     2.5411     29.714     79.411      7.755  0.000e+00
    723.250    238.281   4.056260     1.0676    -0.0801    236.835    26.4165    30.8262    12.5655    12.5625    4929.69    34.9182     1.7832     2.5484     29.799     79.639      7.756  0.000e+00
