cruises/baja2025/cnv/20250417.cnv
* Sea-Bird SBE19plus Data File:
* FileName = C:\Users\ScienceTech\OneDrive - Western Flyer Foundation\Desktop\ProfilingCTD\data\20250417_OSU1970_cast3.hex
* Software Version 1.59
* Temperature SN =  8289
* Conductivity SN =  8289
* System UpLoad Time = Apr 17 2025 14:19:42
** WF Gulf of California
** OSU 1970 station
** 4/17/2025 1443 UTC
** 27 4.68N
** 111 47.945W
** ~350 m bottom depth
# nquan = 18
# nvalues = 6406                                  
# units = specified
# name 0 = timeS: Time, Elapsed [seconds]
# name 1 = prdM: Pressure, Strain Gauge [db]
# name 2 = c0S/m: Conductivity [S/m]
# name 3 = sbeox0V: Oxygen raw, SBE 43 [V]
# name 4 = flECO-AFL: Fluorescence, WET Labs ECO-AFL/FL [mg/m^3]
# name 5 = depSM: Depth [salt water, m], lat = 0.00
# name 6 = sigma-t00: Density [sigma-t, kg/m^3 ]
# name 7 = sigma-100: Density [sigma-1, kg/m^3 ]
# name 8 = tv268C: Temperature [IPTS-68, deg C]
# name 9 = tv290C: Temperature [ITS-90, deg C]
# name 10 = svCF: Sound Velocity [Chen-Millero, ft/s]
# name 11 = sal00: Salinity, Practical [PSU]
# name 12 = sbeox0ML/L: Oxygen, SBE 43 [ml/l]
# name 13 = sbeox0Mg/L: Oxygen, SBE 43 [mg/l]
# name 14 = sbeox0PS: Oxygen, SBE 43 [% saturation]
# name 15 = sbeox0Mm/L: Oxygen, SBE 43 [umol/l]
# name 16 = ph: pH
# name 17 = flag:  0.000e+00
# span 0 =      0.000,   1601.250                 
# span 1 =     -0.140,    395.586                 
# span 2 =  -0.000042,   4.941606                 
# span 3 =     0.5496,     3.2548                 
# span 4 =    -0.1654,   128.6840                 
# span 5 =     -0.139,    393.037                 
# span 6 =    -2.2335,    26.7679                 
# span 7 =     2.2286,    31.2358                 
# span 8 =     9.8132,    22.0289                 
# span 9 =     9.8109,    22.0236                 
# span 10 =    4863.91,    5003.57                
# span 11 =     0.0000,    35.8710                
# span 12 =     0.0692,     7.7304                
# span 13 =     0.0989,    11.0476                
# span 14 =      1.112,    149.650                
# span 15 =      3.090,    345.242                
# span 16 =      7.295,      8.141                
# span 17 = 0.0000e+00, 0.0000e+00                
# interval = seconds: 0.25
# start_time = Apr 17 2025 07:22:44 [Instrument's time stamp, header]
# bad_flag = -9.990e-29
*END*
[from data line 2493]
    623.250    183.553   4.068934     0.7104    -0.0702    182.463    26.3376    30.7419    12.7746    12.7715    4928.84    34.8697     0.5431     0.7761      9.112     24.254      7.602  0.000e+00
    623.500    183.609   4.069168     0.7095    -0.0603    182.519    26.3385    30.7429    12.7754    12.7723    4928.85    34.8712     0.5421     0.7747      9.095     24.209      7.604  0.000e+00
    623.750    183.695   4.068987     0.7085    -0.0702    182.605    26.3357    30.7400    12.7770    12.7739    4928.86    34.8679     0.5448     0.7786      9.142     24.332      7.606  0.000e+00
    624.000    183.832   4.069014     0.7070    -0.0603    182.740    26.3354    30.7397    12.7775    12.7745    4928.87    34.8676     0.5450     0.7788      9.144     24.338      7.603  0.000e+00
    624.250    184.011   4.069282     0.7055    -0.0524    182.919    26.3378    30.7422    12.7769    12.7739    4928.89    34.8706     0.5456     0.7797      9.155     24.367      7.605  0.000e+00
    624.500    184.259   4.068793     0.7042    -0.0702    183.165    26.3343    30.7386    12.7768    12.7737    4928.88    34.8660     0.5451     0.7791      9.147     24.346      7.605  0.000e+00
    624.750    184.538   4.068325     0.7047    -0.0722    183.442    26.3320    30.7365    12.7753    12.7723    4928.87    34.8628     0.5522     0.7892      9.265     24.663      7.605  0.000e+00
    625.000    184.854   4.067896     0.7043    -0.0643    183.756    26.3313    30.7358    12.7725    12.7695    4928.85    34.8611     0.5550     0.7931      9.310     24.785      7.601  0.000e+00
    625.250    185.176   4.067227     0.7045    -0.0702    184.077    26.3293    30.7339    12.7692    12.7661    4928.82    34.8576     0.5606     0.8012      9.405     25.038      7.601  0.000e+00
    625.500    185.505   4.066577     0.7047    -0.0801    184.403    26.3283    30.7330    12.7648    12.7618    4928.78    34.8553     0.5648     0.8072      9.474     25.226      7.601  0.000e+00
    625.750    185.790   4.065714     0.7053    -0.0702    184.686    26.3267    30.7315    12.7595    12.7565    4928.72    34.8518     0.5710     0.8161      9.577     25.503      7.601  0.000e+00
    626.000    186.013   4.065165     0.7061    -0.0722    184.908    26.3282    30.7331    12.7533    12.7503    4928.67    34.8521     0.5790     0.8274      9.709     25.857      7.602  0.000e+00
    626.250    186.156   4.064790     0.7069    -0.0781    185.050    26.3311    30.7362    12.7470    12.7440    4928.61    34.8543     0.5864     0.8380      9.832     26.189      7.604  0.000e+00
    626.500    186.230   4.064502     0.7069    -0.0643    185.123    26.3335    30.7386    12.7421    12.7390    4928.57    34.8561     0.5886     0.8412      9.869     26.289      7.600  0.000e+00
    626.750    186.224   4.064804     0.7069    -0.0702    185.117    26.3395    30.7447    12.7379    12.7349    4928.55    34.8628     0.5892     0.8421      9.879     26.316      7.601  0.000e+00
    627.000    186.199   4.065888     0.7065    -0.0702    185.093    26.3490    30.7542    12.7363    12.7333    4928.58    34.8747     0.5875     0.8396      9.850     26.238      7.603  0.000e+00
    627.250    186.180   4.066565     0.7053    -0.0543    185.074    26.3514    30.7565    12.7392    12.7361    4928.62    34.8785     0.5807     0.8299      9.737     25.936      7.602  0.000e+00
    627.500    186.205   4.066806     0.7046    -0.0781    185.099    26.3486    30.7536    12.7443    12.7412    4928.67    34.8761     0.5750     0.8218      9.642     25.681      7.601  0.000e+00
    627.750    186.279   4.066785     0.7041    -0.0603    185.173    26.3442    30.7491    12.7489    12.7459    4928.71    34.8716     0.5699     0.8144      9.557     25.451      7.601  0.000e+00
    628.000    186.397   4.066652     0.7026    -0.0702    185.290    26.3407    30.7456    12.7516    12.7485    4928.73    34.8679     0.5604     0.8009      9.399     25.030      7.603  0.000e+00
    628.250    186.558   4.065513     0.7019    -0.0722    185.450    26.3312    30.7362    12.7527    12.7496    4928.70    34.8559     0.5550     0.7931      9.307     24.785      7.598  0.000e+00
    628.500    186.788   4.063786     0.7007    -0.0801    185.678    26.3210    30.7262    12.7497    12.7466    4928.63    34.8420     0.5488     0.7843      9.201     24.509      7.600  0.000e+00
    628.750    187.048   4.063411     0.7011    -0.0464    185.936    26.3256    30.7308    12.7416    12.7385    4928.57    34.8458     0.5502     0.7863      9.224     24.574      7.599  0.000e+00
    629.000    187.321   4.063291     0.7013    -0.0623    186.207    26.3319    30.7373    12.7335    12.7305    4928.52    34.8519     0.5525     0.7896      9.262     24.677      7.603  0.000e+00
    629.250    187.600   4.062963     0.7011    -0.0920    186.485    26.3344    30.7399    12.7281    12.7250    4928.48    34.8537     0.5543     0.7921      9.290     24.754      7.600  0.000e+00
    629.500    187.842   4.062462     0.7008    -0.0643    186.725    26.3343    30.7399    12.7240    12.7209    4928.44    34.8526     0.5555     0.7939      9.310     24.810      7.599  0.000e+00
    629.750    188.053   4.062033     0.7011    -0.0781    186.934    26.3347    30.7404    12.7200    12.7169    4928.41    34.8521     0.5588     0.7986      9.365     24.957      7.600  0.000e+00
    630.000    188.226   4.061920     0.6994    -0.0702    187.107    26.3376    30.7433    12.7159    12.7128    4928.38    34.8547     0.5546     0.7926      9.294     24.771      7.602  0.000e+00
    630.250    188.344   4.061893     0.6981    -0.0682    187.224    26.3403    30.7461    12.7126    12.7096    4928.37    34.8574     0.5489     0.7844      9.196     24.512      7.599  0.000e+00
    630.500    188.449   4.061866     0.6976    -0.0722    187.328    26.3418    30.7476    12.7107    12.7077    4928.36    34.8589     0.5458     0.7801      9.146     24.377      7.599  0.000e+00
    630.750    188.542   4.061893     0.6964    -0.0643    187.421    26.3431    30.7489    12.7095    12.7065    4928.35    34.8602     0.5384     0.7695      9.022     24.047      7.598  0.000e+00
    631.000    188.641   4.061840     0.6946    -0.0781    187.519    26.3432    30.7490    12.7089    12.7059    4928.35    34.8602     0.5292     0.7562      8.866     23.633      7.599  0.000e+00
    631.250    188.772   4.061632     0.6941    -0.0524    187.649    26.3421    30.7479    12.7084    12.7054    4928.35    34.8586     0.5253     0.7507      8.801     23.461      7.598  0.000e+00
    631.500    188.908   4.061344     0.6936    -0.0563    187.784    26.3408    30.7467    12.7075    12.7044    4928.34    34.8567     0.5229     0.7473      8.761     23.353      7.599  0.000e+00
    631.750    189.063   4.061177     0.6927    -0.0841    187.938    26.3412    30.7472    12.7056    12.7025    4928.32    34.8568     0.5197     0.7427      8.707     23.211      7.599  0.000e+00
    632.000    189.237   4.061003     0.6917    -0.0702    188.111    26.3416    30.7476    12.7036    12.7006    4928.31    34.8568     0.5174     0.7394      8.668     23.107      7.598  0.000e+00
    632.250    189.410   4.060682     0.6912    -0.0524    188.283    26.3409    30.7470    12.7017    12.6987    4928.30    34.8554     0.5170     0.7388      8.660     23.088      7.599  0.000e+00
    632.500    189.596   4.060140     0.6910    -0.0464    188.468    26.3389    30.7450    12.6994    12.6964    4928.27    34.8522     0.5174     0.7395      8.667     23.108      7.600  0.000e+00
    632.750    189.801   4.059337     0.6910    -0.0643    188.671    26.3356    30.7418    12.6964    12.6934    4928.23    34.8472     0.5203     0.7436      8.715     23.238      7.601  0.000e+00
    633.000    190.011   4.058963     0.6903    -0.0682    188.881    26.3374    30.7437    12.6914    12.6883    4928.19    34.8482     0.5198     0.7428      8.704     23.212      7.597  0.000e+00
    633.250    190.204   4.058214     0.6906    -0.0762    189.072    26.3365    30.7429    12.6862    12.6832    4928.13    34.8457     0.5223     0.7464      8.746     23.326      7.597  0.000e+00
    633.500    190.414   4.057250     0.6901    -0.0722    189.281    26.3345    30.7410    12.6805    12.6774    4928.06    34.8417     0.5222     0.7463      8.744     23.323      7.597  0.000e+00
    633.750    190.582   4.056809     0.6903    -0.0623    189.447    26.3373    30.7439    12.6738    12.6707    4928.01    34.8436     0.5248     0.7500      8.785     23.437      7.600  0.000e+00
    634.000    190.743   4.056568     0.6897    -0.0781    189.607    26.3413    30.7480    12.6674    12.6643    4927.96    34.8471     0.5238     0.7486      8.768     23.394      7.597  0.000e+00
    634.250    190.867   4.056468     0.6884    -0.0722    189.730    26.3448    30.7517    12.6626    12.6596    4927.93    34.8505     0.5185     0.7409      8.678     23.155      7.595  0.000e+00
    634.500    190.960   4.056455     0.6882    -0.0643    189.823    26.3478    30.7547    12.6592    12.6562    4927.90    34.8534     0.5170     0.7388      8.652     23.088      7.596  0.000e+00
    634.750    191.065   4.056468     0.6877    -0.0603    189.928    26.3495    30.7565    12.6574    12.6544    4927.90    34.8552     0.5141     0.7347      8.605     22.961      7.598  0.000e+00
    635.000    191.115   4.056482     0.6868    -0.0524    189.977    26.3507    30.7577    12.6562    12.6532    4927.89    34.8564     0.5104     0.7293      8.541     22.792      7.598  0.000e+00
    635.250    191.195   4.056468     0.6865    -0.0543    190.057    26.3510    30.7580    12.6557    12.6527    4927.89    34.8567     0.5081     0.7261      8.503     22.692      7.600  0.000e+00
    635.500    191.276   4.056294     0.6850    -0.0623    190.137    26.3499    30.7568    12.6556    12.6525    4927.89    34.8552     0.5016     0.7168      8.394     22.401      7.595  0.000e+00
    635.750    191.387   4.056100     0.6844    -0.0722    190.248    26.3490    30.7561    12.6548    12.6518    4927.88    34.8539     0.4983     0.7122      8.340     22.256      7.596  0.000e+00
    636.000    191.524   4.055833     0.6842    -0.0781    190.383    26.3480    30.7551    12.6537    12.6507    4927.87    34.8523     0.4982     0.7120      8.338     22.252      7.596  0.000e+00
    636.250    191.691   4.055358     0.6833    -0.0702    190.550    26.3462    30.7533    12.6518    12.6488    4927.85    34.8495     0.4951     0.7076      8.285     22.112      7.597  0.000e+00
    636.500    191.908   4.054977     0.6834    -0.0762    190.765    26.3459    30.7531    12.6489    12.6458    4927.82    34.8484     0.4959     0.7087      8.298     22.148      7.596  0.000e+00
    636.750    192.168   4.054676     0.6822    -0.0861    191.024    26.3469    30.7542    12.6453    12.6422    4927.80    34.8487     0.4920     0.7031      8.232     21.974      7.595  0.000e+00
    637.000    192.460   4.054402     0.6819    -0.0801    191.313    26.3480    30.7553    12.6417    12.6387    4927.78    34.8493     0.4917     0.7027      8.227     21.961      7.593  0.000e+00
    637.250    192.739   4.053961     0.6822    -0.0781    191.590    26.3478    30.7552    12.6383    12.6353    4927.75    34.8481     0.4942     0.7063      8.268     22.073      7.595  0.000e+00
    637.500    192.987   4.053513     0.6829    -0.0543    191.837    26.3480    30.7555    12.6343    12.6313    4927.72    34.8473     0.4997     0.7141      8.358     22.315      7.598  0.000e+00
    637.750    193.210   4.053219     0.6826    -0.0643    192.059    26.3494    30.7570    12.6303    12.6273    4927.69    34.8482     0.5007     0.7155      8.375     22.361      7.595  0.000e+00
    638.000    193.371   4.052978     0.6827    -0.0543    192.219    26.3510    30.7587    12.6265    12.6234    4927.66    34.8493     0.5026     0.7183      8.406     22.447      7.593  0.000e+00
    638.250    193.452   4.052911     0.6832    -0.0781    192.299    26.3533    30.7610    12.6234    12.6204    4927.64    34.8515     0.5066     0.7239      8.472     22.623      7.595  0.000e+00
    638.500    193.470   4.052945     0.6826    -0.0702    192.317    26.3555    30.7632    12.6213    12.6183    4927.62    34.8537     0.5052     0.7220      8.448     22.561      7.595  0.000e+00
    638.750    193.464   4.053426     0.6841    -0.0762    192.311    26.3600    30.7677    12.6203    12.6173    4927.63    34.8593     0.5130     0.7331      8.578     22.908      7.595  0.000e+00
    639.000    193.464   4.054075     0.6831    -0.0682    192.311    26.3639    30.7715    12.6213    12.6183    4927.67    34.8646     0.5094     0.7279      8.519     22.748      7.594  0.000e+00
    639.250    193.489   4.054543     0.6833    -0.0781    192.336    26.3644    30.7720    12.6246    12.6215    4927.71    34.8661     0.5094     0.7280      8.520     22.749      7.593  0.000e+00
    639.500    193.576   4.054262     0.6834    -0.0643    192.422    26.3585    30.7661    12.6287    12.6256    4927.73    34.8595     0.5090     0.7274      8.514     22.732      7.594  0.000e+00
    639.750    193.700   4.054088     0.6836    -0.0801    192.545    26.3551    30.7626    12.6310    12.6279    4927.75    34.8557     0.5097     0.7284      8.526     22.763      7.597  0.000e+00
    640.000    193.892   4.053059     0.6838    -0.0682    192.736    26.3474    30.7550    12.6309    12.6279    4927.72    34.8458     0.5104     0.7295      8.538     22.796      7.598  0.000e+00
    640.250    194.127   4.052510     0.6828    -0.0623    192.970    26.3456    30.7533    12.6283    12.6253    4927.69    34.8428     0.5058     0.7229      8.460     22.590      7.593  0.000e+00
    640.500    194.381   4.052263     0.6830    -0.0623    193.223    26.3487    30.7564    12.6229    12.6199    4927.66    34.8453     0.5058     0.7229      8.459     22.589      7.598  0.000e+00
    640.750    194.679   4.051708     0.6831    -0.0781    193.518    26.3485    30.7564    12.6184    12.6154    4927.62    34.8440     0.5052     0.7219      8.447     22.561      7.596  0.000e+00
    641.000    194.976   4.050732     0.6833    -0.0524    193.814    26.3451    30.7530    12.6141    12.6111    4927.57    34.8384     0.5067     0.7241      8.472     22.629      7.593  0.000e+00
    641.250    195.323   4.050265     0.6828    -0.0762    194.159    26.3467    30.7548    12.6084    12.6054    4927.53    34.8391     0.5045     0.7210      8.435     22.533      7.594  0.000e+00
    641.500    195.627   4.050051     0.6835    -0.0781    194.460    26.3504    30.7586    12.6025    12.5995    4927.49    34.8424     0.5073     0.7250      8.481     22.658      7.595  0.000e+00
    641.750    195.912   4.049115     0.6828    -0.0643    194.744    26.3476    30.7559    12.5979    12.5948    4927.43    34.8376     0.5049     0.7216      8.439     22.549      7.598  0.000e+00
    642.000    196.135   4.048220     0.6827    -0.0722    194.965    26.3457    30.7542    12.5925    12.5895    4927.37    34.8338     0.5048     0.7214      8.436     22.544      7.593  0.000e+00
    642.250    196.334   4.047278     0.6822    -0.0781    195.162    26.3444    30.7531    12.5861    12.5831    4927.30    34.8306     0.5031     0.7190      8.406     22.469      7.593  0.000e+00
    642.500    196.452   4.046730     0.6811    -0.0781    195.279    26.3472    30.7559    12.5787    12.5756    4927.23    34.8322     0.4975     0.7110      8.312     22.219      7.594  0.000e+00
    642.750    196.526   4.046349     0.6797    -0.0682    195.353    26.3507    30.7595    12.5717    12.5687    4927.17    34.8349     0.4897     0.6998      8.180     21.871      7.592  0.000e+00
