cruises/baja2025/cnv/20250502_cast2.cnv
* Sea-Bird SBE19plus Data File:
* FileName = C:\Users\ScienceTech\OneDrive - Western Flyer Foundation\Desktop\ProfilingCTD\data\Leg 3\20250502_T10_cast1.hex
* Software Version 1.59
* Temperature SN =  8289
* Conductivity SN =  8289
* System UpLoad Time = May 03 2025 05:50:01
** Site "T10"
** 27-19.29'N 112-09.68'W
** 2025-05-02 2224Z
** Bottom depth 600m
** Cast to 500m
# nquan = 18
# nvalues = 8024                                  
# units = specified
# name 0 = timeS: Time, Elapsed [seconds]
# name 1 = prdM: Pressure, Strain Gauge [db]
# name 2 = c0S/m: Conductivity [S/m]
# name 3 = sbeox0V: Oxygen raw, SBE 43 [V]
# name 4 = flECO-AFL: Fluorescence, WET Labs ECO-AFL/FL [mg/m^3]
# name 5 = depSM: Depth [salt water, m], lat = 0.00
# name 6 = sigma-t00: Density [sigma-t, kg/m^3 ]
# name 7 = sigma-100: Density [sigma-1, kg/m^3 ]
# name 8 = tv268C: Temperature [IPTS-68, deg C]
# name 9 = tv290C: Temperature [ITS-90, deg C]
# name 10 = svCF: Sound Velocity [Chen-Millero, ft/s]
# name 11 = sal00: Salinity, Practical [PSU]
# name 12 = sbeox0ML/L: Oxygen, SBE 43 [ml/l]
# name 13 = sbeox0Mg/L: Oxygen, SBE 43 [mg/l]
# name 14 = sbeox0PS: Oxygen, SBE 43 [% saturation]
# name 15 = sbeox0Mm/L: Oxygen, SBE 43 [umol/l]
# name 16 = ph: pH
# name 17 = flag:  0.000e+00
# span 0 =      0.000,   2005.750                 
# span 1 =     -0.200,    489.938                 
# span 2 =   0.076823,   4.885025                 
# span 3 =     0.6547,     3.5526                 
# span 4 =    -0.1575,   128.6979                 
# span 5 =     -0.199,    486.670                 
# span 6 =    -1.6431,    26.7914                 
# span 7 =     2.8386,    31.2602                 
# span 8 =     9.8714,    20.8140                 
# span 9 =     9.8690,    20.8090                 
# span 10 =    4858.94,    4997.41                
# span 11 =     0.4115,    36.1136                
# span 12 =     0.4519,     8.4669                
# span 13 =     0.6458,    12.1000                
# span 14 =      7.148,    162.580                
# span 15 =     20.181,    378.131                
# span 16 =      7.608,      8.262                
# span 17 = 0.0000e+00, 0.0000e+00                
# interval = seconds: 0.25
# start_time = May 02 2025 15:23:22 [Instrument's time stamp, header]
# bad_flag = -9.990e-29
*END*
[from data line 7237]
   1809.250    101.444   4.256640     1.3744    -0.0524    100.862    26.1097    30.4773    14.5453    14.5418    4944.08    35.0493     2.6618     3.8039     46.348    118.874      7.803  0.000e+00
   1809.500    101.301   4.257424     1.3777    -0.0623    100.720    26.1121    30.4795    14.5489    14.5454    4944.13    35.0533     2.6770     3.8257     46.618    119.555      7.803  0.000e+00
   1809.750    101.146   4.258645     1.3829    -0.0643    100.566    26.1162    30.4835    14.5539    14.5504    4944.20    35.0601     2.6999     3.8584     47.023    120.576      7.804  0.000e+00
   1810.000    100.960   4.259232     1.3831    -0.0702    100.381    26.1138    30.4809    14.5613    14.5578    4944.26    35.0589     2.7011     3.8602     47.051    120.632      7.802  0.000e+00
   1810.250    100.805   4.260392     1.3867    -0.0643    100.227    26.1153    30.4823    14.5686    14.5651    4944.34    35.0630     2.7115     3.8751     47.241    121.098      7.803  0.000e+00
   1810.500    100.620   4.261559     1.3890    -0.0702    100.042    26.1160    30.4828    14.5771    14.5736    4944.43    35.0662     2.7177     3.8839     47.357    121.373      7.803  0.000e+00
   1810.750    100.421   4.262637     1.3911    -0.0722     99.845    26.1150    30.4816    14.5866    14.5831    4944.53    35.0677     2.7228     3.8912     47.456    121.602      7.804  0.000e+00
   1811.000    100.198   4.263510     1.3948    -0.0524     99.624    26.1123    30.4787    14.5964    14.5929    4944.62    35.0669     2.7331     3.9059     47.644    122.060      7.805  0.000e+00
   1811.250    100.000   4.263920     1.3979    -0.0603     99.426    26.1066    30.4729    14.6059    14.6024    4944.69    35.0622     2.7432     3.9203     47.828    122.511      7.803  0.000e+00
   1811.500     99.814   4.263885     1.4000    -0.0484     99.242    26.0996    30.4658    14.6134    14.6099    4944.73    35.0552     2.7478     3.9269     47.913    122.716      7.804  0.000e+00
   1811.750     99.653   4.264036     1.4042    -0.0623     99.082    26.0965    30.4626    14.6180    14.6145    4944.76    35.0524     2.7610     3.9458     48.147    123.307      7.804  0.000e+00
   1812.000     99.504   4.263919     1.4057    -0.0682     98.934    26.0934    30.4595    14.6205    14.6170    4944.76    35.0492     2.7674     3.9549     48.260    123.592      7.802  0.000e+00
   1812.250     99.393   4.263919     1.4076    -0.0702     98.823    26.0924    30.4584    14.6217    14.6182    4944.77    35.0481     2.7714     3.9606     48.331    123.771      7.806  0.000e+00
   1812.500     99.318   4.264793     1.4086    -0.0702     98.749    26.0982    30.4642    14.6222    14.6187    4944.80    35.0558     2.7721     3.9616     48.346    123.802      7.805  0.000e+00
   1812.750     99.244   4.264998     1.4099    -0.0702     98.675    26.0976    30.4635    14.6245    14.6209    4944.82    35.0556     2.7726     3.9623     48.356    123.822      7.804  0.000e+00
   1813.000     99.194   4.265141     1.4113    -0.0543     98.626    26.0956    30.4615    14.6277    14.6242    4944.84    35.0540     2.7724     3.9621     48.356    123.816      7.805  0.000e+00
   1813.250     99.120   4.265230     1.4124    -0.0702     98.552    26.0937    30.4595    14.6306    14.6271    4944.86    35.0523     2.7720     3.9615     48.351    123.798      7.803  0.000e+00
   1813.500     99.046   4.265230     1.4129    -0.0801     98.478    26.0918    30.4577    14.6326    14.6291    4944.87    35.0505     2.7695     3.9578     48.308    123.684      7.804  0.000e+00
   1813.750     98.953   4.265230     1.4138    -0.0702     98.386    26.0906    30.4565    14.6339    14.6304    4944.87    35.0493     2.7681     3.9560     48.286    123.626      7.805  0.000e+00
   1814.000     98.854   4.265202     1.4148    -0.0623     98.287    26.0901    30.4559    14.6343    14.6308    4944.87    35.0488     2.7697     3.9582     48.314    123.697      7.804  0.000e+00
   1814.250     98.717   4.265141     1.4135    -0.0623     98.151    26.0893    30.4551    14.6348    14.6313    4944.87    35.0478     2.7623     3.9476     48.184    123.363      7.808  0.000e+00
   1814.500     98.531   4.264997     1.4137    -0.0464     97.967    26.0886    30.4544    14.6345    14.6310    4944.85    35.0469     2.7598     3.9441     48.141    123.254      7.804  0.000e+00
   1814.750     98.315   4.265025     1.4127    -0.0543     97.751    26.0895    30.4553    14.6338    14.6303    4944.83    35.0478     2.7526     3.9337     48.014    122.930      7.806  0.000e+00
   1815.000     98.098   4.264847     1.4134    -0.0781     97.536    26.0888    30.4547    14.6332    14.6297    4944.81    35.0468     2.7521     3.9330     48.005    122.909      7.804  0.000e+00
   1815.250     97.862   4.264820     1.4134    -0.0781     97.301    26.0894    30.4552    14.6325    14.6290    4944.79    35.0473     2.7498     3.9297     47.964    122.805      7.805  0.000e+00
   1815.500     97.639   4.264936     1.4131    -0.0722     97.080    26.0910    30.4569    14.6317    14.6282    4944.78    35.0492     2.7473     3.9262     47.920    122.695      7.804  0.000e+00
   1815.750     97.410   4.265318     1.4144    -0.0682     96.852    26.0942    30.4600    14.6313    14.6278    4944.78    35.0532     2.7517     3.9325     47.998    122.891      7.806  0.000e+00
   1816.000     97.236   4.265318     1.4137    -0.0702     96.679    26.0930    30.4588    14.6326    14.6291    4944.78    35.0520     2.7494     3.9292     47.959    122.790      7.805  0.000e+00
   1816.250     97.057   4.265400     1.4131    -0.0623     96.501    26.0925    30.4582    14.6339    14.6303    4944.78    35.0517     2.7483     3.9276     47.940    122.738      7.807  0.000e+00
   1816.500     96.920   4.265577     1.4140    -0.0563     96.365    26.0931    30.4588    14.6346    14.6311    4944.78    35.0527     2.7516     3.9323     47.999    122.887      7.805  0.000e+00
   1816.750     96.796   4.265809     1.4144    -0.0543     96.242    26.0936    30.4593    14.6359    14.6324    4944.80    35.0538     2.7537     3.9353     48.038    122.981      7.806  0.000e+00
   1817.000     96.697   4.266076     1.4144    -0.0702     96.144    26.0942    30.4598    14.6374    14.6339    4944.81    35.0549     2.7536     3.9352     48.037    122.976      7.807  0.000e+00
   1817.250     96.604   4.266192     1.4148    -0.0702     96.051    26.0930    30.4586    14.6396    14.6361    4944.82    35.0540     2.7553     3.9375     48.068    123.050      7.806  0.000e+00
   1817.500     96.530   4.266219     1.4147    -0.0722     95.977    26.0914    30.4570    14.6416    14.6381    4944.84    35.0525     2.7547     3.9368     48.060    123.027      7.806  0.000e+00
   1817.750     96.449   4.266335     1.4148    -0.0702     95.897    26.0913    30.4568    14.6427    14.6392    4944.84    35.0526     2.7547     3.9367     48.060    123.023      7.808  0.000e+00
   1818.000     96.363   4.266451     1.4150    -0.0623     95.811    26.0912    30.4567    14.6437    14.6402    4944.85    35.0528     2.7559     3.9385     48.084    123.080      7.808  0.000e+00
   1818.250     96.270   4.266478     1.4159    -0.0603     95.719    26.0903    30.4558    14.6449    14.6414    4944.85    35.0520     2.7594     3.9435     48.145    123.237      7.806  0.000e+00
   1818.500     96.164   4.266594     1.4168    -0.0643     95.614    26.0904    30.4559    14.6458    14.6423    4944.86    35.0523     2.7626     3.9480     48.201    123.376      7.806  0.000e+00
   1818.750     96.065   4.266860     1.4172    -0.0643     95.515    26.0915    30.4570    14.6466    14.6431    4944.87    35.0540     2.7645     3.9508     48.237    123.464      7.806  0.000e+00
   1819.000     95.935   4.267646     1.4159    -0.0563     95.386    26.0961    30.4614    14.6478    14.6443    4944.90    35.0602     2.7597     3.9438     48.155    123.247      7.807  0.000e+00
   1819.250     95.774   4.267734     1.4163    -0.0543     95.226    26.0938    30.4591    14.6510    14.6475    4944.91    35.0582     2.7604     3.9449     48.170    123.281      7.807  0.000e+00
   1819.500     95.607   4.267324     1.4158    -0.0643     95.060    26.0882    30.4535    14.6541    14.6506    4944.91    35.0518     2.7577     3.9410     48.124    123.158      7.807  0.000e+00
   1819.750     95.390   4.267502     1.4153    -0.0702     94.844    26.0887    30.4540    14.6550    14.6514    4944.91    35.0527     2.7540     3.9358     48.061    122.994      7.807  0.000e+00
   1820.000     95.179   4.268082     1.4153    -0.0643     94.635    26.0926    30.4578    14.6553    14.6517    4944.93    35.0578     2.7520     3.9329     48.027    122.904      7.809  0.000e+00
   1820.250     94.950   4.268321     1.4149    -0.0643     94.407    26.0928    30.4580    14.6570    14.6535    4944.93    35.0586     2.7485     3.9279     47.968    122.748      7.809  0.000e+00
   1820.500     94.721   4.269107     1.4147    -0.0702     94.179    26.0961    30.4612    14.6595    14.6560    4944.97    35.0636     2.7465     3.9251     47.938    122.660      7.805  0.000e+00
   1820.750     94.510   4.270213     1.4173    -0.0623     93.969    26.1007    30.4657    14.6632    14.6597    4945.02    35.0705     2.7565     3.9393     48.117    123.105      7.807  0.000e+00
   1821.000     94.349   4.270684     1.4172    -0.0722     93.809    26.0983    30.4632    14.6695    14.6659    4945.07    35.0693     2.7587     3.9424     48.161    123.202      7.806  0.000e+00
   1821.250     94.219   4.270916     1.4173    -0.0722     93.680    26.0941    30.4589    14.6760    14.6725    4945.12    35.0656     2.7602     3.9446     48.193    123.271      7.806  0.000e+00
   1821.500     94.126   4.272262     1.4181    -0.0623     93.587    26.0991    30.4637    14.6810    14.6775    4945.20    35.0734     2.7644     3.9507     48.274    123.460      7.806  0.000e+00
   1821.750     94.027   4.272522     1.4182    -0.0682     93.489    26.0948    30.4593    14.6878    14.6842    4945.25    35.0698     2.7657     3.9524     48.301    123.515      7.807  0.000e+00
   1822.000     93.934   4.272549     1.4193    -0.0722     93.397    26.0894    30.4538    14.6939    14.6904    4945.29    35.0645     2.7702     3.9589     48.384    123.717      7.805  0.000e+00
   1822.250     93.828   4.272610     1.4199    -0.0603     93.292    26.0860    30.4504    14.6980    14.6945    4945.31    35.0614     2.7727     3.9625     48.432    123.831      7.808  0.000e+00
   1822.500     93.692   4.273136     1.4214    -0.0524     93.156    26.0874    30.4517    14.7007    14.6972    4945.34    35.0639     2.7777     3.9696     48.522    124.053      7.811  0.000e+00
   1822.750     93.568   4.273368     1.4234    -0.0722     93.033    26.0863    30.4506    14.7037    14.7002    4945.37    35.0634     2.7848     3.9798     48.649    124.371      7.808  0.000e+00
   1823.000     93.432   4.273751     1.4239    -0.0563     92.898    26.0867    30.4509    14.7063    14.7028    4945.39    35.0646     2.7883     3.9848     48.713    124.526      7.809  0.000e+00
   1823.250     93.277   4.273867     1.4258    -0.0524     92.744    26.0849    30.4490    14.7093    14.7058    4945.41    35.0630     2.7965     3.9964     48.858    124.890      7.808  0.000e+00
   1823.500     93.134   4.273751     1.4270    -0.0524     92.602    26.0820    30.4461    14.7116    14.7080    4945.41    35.0600     2.8015     4.0037     48.948    125.117      7.809  0.000e+00
   1823.750     92.998   4.273751     1.4273    -0.0623     92.466    26.0810    30.4452    14.7127    14.7091    4945.41    35.0590     2.8030     4.0057     48.974    125.181      7.811  0.000e+00
   1824.000     92.874   4.273956     1.4288    -0.0781     92.343    26.0818    30.4459    14.7134    14.7099    4945.42    35.0602     2.8076     4.0123     49.055    125.386      7.809  0.000e+00
   1824.250     92.750   4.274038     1.4316    -0.0623     92.220    26.0818    30.4459    14.7142    14.7106    4945.42    35.0604     2.8177     4.0268     49.233    125.839      7.809  0.000e+00
   1824.500     92.633   4.274243     1.4328    -0.0643     92.103    26.0823    30.4464    14.7152    14.7116    4945.43    35.0614     2.8215     4.0322     49.301    126.009      7.813  0.000e+00
   1824.750     92.515   4.274509     1.4351    -0.0702     91.986    26.0831    30.4471    14.7164    14.7129    4945.44    35.0628     2.8300     4.0444     49.450    126.388      7.808  0.000e+00
   1825.000     92.385   4.274714     1.4363    -0.0702     91.857    26.0830    30.4469    14.7182    14.7147    4945.45    35.0631     2.8352     4.0519     49.544    126.622      7.810  0.000e+00
   1825.250     92.242   4.275151     1.4372    -0.0722     91.715    26.0843    30.4482    14.7202    14.7167    4945.47    35.0654     2.8376     4.0552     49.587    126.726      7.811  0.000e+00
   1825.500     92.094   4.275472     1.4379    -0.0543     91.567    26.0843    30.4482    14.7227    14.7192    4945.49    35.0661     2.8395     4.0579     49.623    126.811      7.809  0.000e+00
   1825.750     91.920   4.275561     1.4392    -0.0682     91.395    26.0820    30.4458    14.7260    14.7225    4945.51    35.0640     2.8424     4.0621     49.678    126.943      7.814  0.000e+00
   1826.000     91.747   4.275616     1.4406    -0.0524     91.222    26.0805    30.4443    14.7281    14.7246    4945.52    35.0627     2.8450     4.0658     49.725    127.059      7.815  0.000e+00
   1826.250     91.548   4.275650     1.4417    -0.0702     91.025    26.0792    30.4430    14.7299    14.7263    4945.52    35.0615     2.8461     4.0674     49.745    127.108      7.811  0.000e+00
   1826.500     91.344   4.275909     1.4425    -0.0722     90.822    26.0803    30.4440    14.7308    14.7273    4945.53    35.0631     2.8473     4.0690     49.766    127.158      7.812  0.000e+00
   1826.750     91.152   4.276347     1.4432    -0.0603     90.631    26.0823    30.4459    14.7321    14.7285    4945.54    35.0661     2.8479     4.0699     49.779    127.186      7.812  0.000e+00
   1827.000     90.978   4.276729     1.4440    -0.0781     90.459    26.0828    30.4464    14.7345    14.7310    4945.56    35.0675     2.8495     4.0722     49.810    127.257      7.815  0.000e+00
   1827.250     90.811   4.276818     1.4458    -0.0722     90.292    26.0808    30.4444    14.7374    14.7339    4945.58    35.0657     2.8555     4.0808     49.918    127.526      7.814  0.000e+00
   1827.500     90.662   4.276907     1.4471    -0.0702     90.144    26.0792    30.4427    14.7399    14.7364    4945.59    35.0643     2.8599     4.0870     49.996    127.721      7.813  0.000e+00
   1827.750     90.538   4.277023     1.4483    -0.0524     90.021    26.0784    30.4418    14.7418    14.7383    4945.60    35.0637     2.8634     4.0921     50.060    127.881      7.813  0.000e+00
   1828.000     90.464   4.277782     1.4500    -0.0702     89.947    26.0825    30.4459    14.7432    14.7396    4945.63    35.0695     2.8695     4.1008     50.170    128.152      7.813  0.000e+00
   1828.250     90.414   4.277959     1.4520    -0.0762     89.898    26.0814    30.4448    14.7458    14.7422    4945.65    35.0688     2.8773     4.1120     50.309    128.502      7.815  0.000e+00
   1828.500     90.365   4.277782     1.4536    -0.0543     89.849    26.0768    30.4401    14.7495    14.7459    4945.67    35.0639     2.8841     4.1216     50.429    128.803      7.817  0.000e+00
   1828.750     90.315   4.277576     1.4549    -0.0623     89.799    26.0736    30.4370    14.7513    14.7478    4945.67    35.0603     2.8893     4.1291     50.521    129.036      7.816  0.000e+00
