cruises/baja2025/cnv/20250419_cast1.cnv
* Sea-Bird SBE19plus Data File:
* FileName = C:\Users\ScienceTech\OneDrive - Western Flyer Foundation\Desktop\ProfilingCTD\data\20250419_DeepChannel_cast6.hex
* Software Version 1.59
* Temperature SN =  8289
* Conductivity SN =  8289
* System UpLoad Time = Apr 19 2025 11:40:39
** DeepChannel
** 4/19/2025
** 0710 UTC
** 28 30.112'N
** 112 45.913'W
** ~1000 m bottom depth
** 500-m cast target depth
# nquan = 18
# nvalues = 12389                                 
# units = specified
# name 0 = timeS: Time, Elapsed [seconds]
# name 1 = prdM: Pressure, Strain Gauge [db]
# name 2 = c0S/m: Conductivity [S/m]
# name 3 = sbeox0V: Oxygen raw, SBE 43 [V]
# name 4 = flECO-AFL: Fluorescence, WET Labs ECO-AFL/FL [mg/m^3]
# name 5 = depSM: Depth [salt water, m], lat = 0.00
# name 6 = sigma-t00: Density [sigma-t, kg/m^3 ]
# name 7 = sigma-100: Density [sigma-1, kg/m^3 ]
# name 8 = tv268C: Temperature [IPTS-68, deg C]
# name 9 = tv290C: Temperature [ITS-90, deg C]
# name 10 = svCF: Sound Velocity [Chen-Millero, ft/s]
# name 11 = sal00: Salinity, Practical [PSU]
# name 12 = sbeox0ML/L: Oxygen, SBE 43 [ml/l]
# name 13 = sbeox0Mg/L: Oxygen, SBE 43 [mg/l]
# name 14 = sbeox0PS: Oxygen, SBE 43 [% saturation]
# name 15 = sbeox0Mm/L: Oxygen, SBE 43 [umol/l]
# name 16 = ph: pH
# name 17 = flag:  0.000e+00
# span 0 =      0.000,   3097.000                 
# span 1 =     -0.150,    505.806                 
# span 2 =  -0.000042,   4.402193                 
# span 3 =     1.0181,     3.3430                 
# span 4 =    -0.1337,   128.6741                 
# span 5 =     -0.149,    502.413                 
# span 6 =    -1.1875,    26.4873                 
# span 7 =     3.3745,    30.9106                 
# span 8 =    12.1970,    16.7936                 
# span 9 =    12.1940,    16.7896                 
# span 10 =    4819.83,    4953.97                
# span 11 =     0.0000,    35.2646                
# span 12 =     1.6835,     8.6850                
# span 13 =     2.4059,    12.4118                
# span 14 =     27.917,    154.801                
# span 15 =     75.185,    387.873                
# span 16 =      7.278,      7.919                
# span 17 = 0.0000e+00, 0.0000e+00                
# interval = seconds: 0.25
# start_time = Apr 19 2025 00:07:12 [Instrument's time stamp, header]
# bad_flag = -9.990e-29
*END*
[from data line 8443]
   2110.750    433.723   4.045648     1.0466    -0.0603    430.888    26.4646    30.8838    12.3560    12.3531    4938.01    34.9274     1.7694     2.5286     29.442     79.021      7.688  0.000e+00
   2111.000    433.549   4.045648     1.0465    -0.0543    430.716    26.4646    30.8838    12.3561    12.3531    4938.00    34.9274     1.7675     2.5259     29.410     78.936      7.687  0.000e+00
   2111.250    433.351   4.045621     1.0464    -0.0801    430.519    26.4644    30.8836    12.3562    12.3532    4937.99    34.9271     1.7653     2.5227     29.373     78.837      7.689  0.000e+00
   2111.500    433.152   4.045648     1.0466    -0.0643    430.322    26.4648    30.8840    12.3560    12.3531    4937.98    34.9276     1.7651     2.5226     29.371     78.831      7.688  0.000e+00
   2111.750    432.948   4.045648     1.0459    -0.0623    430.119    26.4646    30.8838    12.3563    12.3534    4937.97    34.9274     1.7617     2.5177     29.315     78.680      7.688  0.000e+00
   2112.000    432.774   4.045708     1.0456    -0.0543    429.947    26.4651    30.8843    12.3563    12.3534    4937.96    34.9281     1.7604     2.5157     29.292     78.618      7.685  0.000e+00
   2112.250    432.625   4.045735     1.0453    -0.0722    429.799    26.4650    30.8842    12.3567    12.3537    4937.96    34.9281     1.7575     2.5116     29.244     78.489      7.687  0.000e+00
   2112.500    432.514   4.045768     1.0463    -0.0643    429.688    26.4651    30.8844    12.3568    12.3539    4937.95    34.9283     1.7619     2.5179     29.317     78.686      7.688  0.000e+00
   2112.750    432.427   4.045868     1.0466    -0.0702    429.602    26.4656    30.8848    12.3572    12.3542    4937.95    34.9290     1.7658     2.5235     29.383     78.861      7.688  0.000e+00
   2113.000    432.390   4.045995     1.0472    -0.0643    429.565    26.4661    30.8853    12.3577    12.3547    4937.96    34.9297     1.7698     2.5292     29.449     79.038      7.688  0.000e+00
   2113.250    432.359   4.045735     1.0477    -0.0623    429.534    26.4633    30.8825    12.3586    12.3557    4937.96    34.9263     1.7734     2.5343     29.509     79.199      7.685  0.000e+00
   2113.500    432.340   4.045995     1.0474    -0.0563    429.516    26.4648    30.8839    12.3592    12.3562    4937.97    34.9284     1.7735     2.5345     29.512     79.203      7.685  0.000e+00
   2113.750    432.340   4.045955     1.0464    -0.0762    429.516    26.4641    30.8832    12.3596    12.3566    4937.97    34.9276     1.7701     2.5296     29.455     79.051      7.688  0.000e+00
   2114.000    432.353   4.045995     1.0470    -0.0643    429.528    26.4643    30.8835    12.3597    12.3567    4937.97    34.9279     1.7719     2.5322     29.486     79.133      7.686  0.000e+00
   2114.250    432.353   4.046009     1.0475    -0.0524    429.528    26.4643    30.8834    12.3598    12.3568    4937.98    34.9279     1.7730     2.5338     29.504     79.182      7.688  0.000e+00
   2114.500    432.340   4.046022     1.0476    -0.0543    429.516    26.4646    30.8837    12.3596    12.3566    4937.97    34.9282     1.7722     2.5327     29.491     79.147      7.686  0.000e+00
   2114.750    432.297   4.046035     1.0482    -0.0643    429.473    26.4645    30.8836    12.3598    12.3568    4937.97    34.9282     1.7744     2.5358     29.528     79.246      7.689  0.000e+00
   2115.000    432.197   4.045995     1.0483    -0.0682    429.374    26.4640    30.8832    12.3600    12.3571    4937.97    34.9276     1.7749     2.5365     29.535     79.266      7.686  0.000e+00
   2115.250    432.067   4.046035     1.0479    -0.0623    429.245    26.4643    30.8834    12.3601    12.3571    4937.96    34.9280     1.7737     2.5348     29.516     79.213      7.689  0.000e+00
   2115.500    431.881   4.046022     1.0481    -0.0623    429.061    26.4643    30.8834    12.3601    12.3571    4937.95    34.9280     1.7750     2.5367     29.538     79.273      7.690  0.000e+00
   2115.750    431.677   4.046008     1.0482    -0.0643    428.857    26.4641    30.8832    12.3602    12.3573    4937.94    34.9278     1.7759     2.5380     29.553     79.314      7.690  0.000e+00
   2116.000    431.460   4.045995     1.0475    -0.0682    428.642    26.4641    30.8832    12.3602    12.3572    4937.93    34.9278     1.7710     2.5309     29.471     79.093      7.688  0.000e+00
   2116.250    431.242   4.045981     1.0471    -0.0563    428.427    26.4641    30.8832    12.3602    12.3572    4937.92    34.9278     1.7675     2.5260     29.413     78.937      7.686  0.000e+00
   2116.500    431.056   4.046021     1.0472    -0.0623    428.242    26.4645    30.8836    12.3601    12.3571    4937.91    34.9283     1.7664     2.5243     29.394     78.886      7.688  0.000e+00
   2116.750    430.908   4.046008     1.0469    -0.0702    428.094    26.4643    30.8834    12.3603    12.3574    4937.90    34.9280     1.7639     2.5207     29.353     78.775      7.688  0.000e+00
   2117.000    430.790   4.046021     1.0463    -0.0623    427.977    26.4643    30.8834    12.3604    12.3574    4937.90    34.9282     1.7608     2.5163     29.301     78.636      7.688  0.000e+00
   2117.250    430.697   4.046035     1.0463    -0.0643    427.885    26.4644    30.8835    12.3605    12.3575    4937.89    34.9283     1.7605     2.5159     29.296     78.623      7.686  0.000e+00
   2117.500    430.641   4.046088     1.0466    -0.0524    427.830    26.4646    30.8837    12.3607    12.3577    4937.89    34.9286     1.7620     2.5181     29.322     78.692      7.688  0.000e+00
   2117.750    430.610   4.046108     1.0469    -0.0563    427.799    26.4643    30.8834    12.3612    12.3582    4937.90    34.9283     1.7640     2.5209     29.355     78.778      7.689  0.000e+00
   2118.000    430.598   4.046115     1.0473    -0.0543    427.787    26.4642    30.8833    12.3613    12.3584    4937.90    34.9283     1.7679     2.5265     29.420     78.953      7.688  0.000e+00
   2118.250    430.567   4.046195     1.0475    -0.0682    427.756    26.4645    30.8836    12.3617    12.3587    4937.90    34.9287     1.7700     2.5295     29.456     79.049      7.687  0.000e+00
   2118.500    430.536   4.046222     1.0482    -0.0722    427.725    26.4646    30.8836    12.3618    12.3589    4937.90    34.9288     1.7746     2.5361     29.532     79.254      7.690  0.000e+00
   2118.750    430.492   4.046282     1.0482    -0.0643    427.682    26.4647    30.8837    12.3623    12.3593    4937.91    34.9290     1.7763     2.5386     29.561     79.331      7.686  0.000e+00
   2119.000    430.443   4.046222     1.0479    -0.0702    427.633    26.4638    30.8829    12.3627    12.3598    4937.90    34.9281     1.7759     2.5379     29.554     79.310      7.689  0.000e+00
   2119.250    430.374   4.046248     1.0482    -0.0722    427.565    26.4640    30.8831    12.3627    12.3598    4937.90    34.9284     1.7762     2.5384     29.560     79.326      7.688  0.000e+00
   2119.500    430.288   4.046195     1.0476    -0.0682    427.479    26.4637    30.8828    12.3626    12.3597    4937.89    34.9279     1.7724     2.5329     29.496     79.155      7.688  0.000e+00
   2119.750    430.201   4.046195     1.0482    -0.0643    427.393    26.4638    30.8828    12.3626    12.3597    4937.89    34.9280     1.7740     2.5352     29.523     79.228      7.689  0.000e+00
   2120.000    430.083   4.046195     1.0485    -0.0543    427.276    26.4639    30.8829    12.3626    12.3596    4937.88    34.9281     1.7742     2.5355     29.526     79.236      7.687  0.000e+00
   2120.250    429.959   4.046168     1.0491    -0.0722    427.153    26.4636    30.8826    12.3627    12.3598    4937.88    34.9278     1.7767     2.5390     29.567     79.346      7.688  0.000e+00
   2120.500    429.810   4.046115     1.0483    -0.0623    427.005    26.4635    30.8825    12.3624    12.3595    4937.86    34.9276     1.7732     2.5341     29.509     79.191      7.689  0.000e+00
   2120.750    429.630   4.046135     1.0483    -0.0643    426.827    26.4638    30.8828    12.3624    12.3594    4937.86    34.9279     1.7732     2.5341     29.509     79.192      7.689  0.000e+00
   2121.000    429.444   4.046088     1.0488    -0.0702    426.642    26.4636    30.8826    12.3622    12.3592    4937.84    34.9277     1.7754     2.5372     29.545     79.288      7.688  0.000e+00
   2121.250    429.258   4.046108     1.0489    -0.0702    426.457    26.4639    30.8829    12.3621    12.3592    4937.83    34.9280     1.7760     2.5381     29.556     79.317      7.685  0.000e+00
   2121.500    429.103   4.046061     1.0484    -0.0643    426.303    26.4637    30.8827    12.3621    12.3591    4937.82    34.9277     1.7737     2.5348     29.517     79.214      7.688  0.000e+00
   2121.750    428.967   4.046081     1.0490    -0.0543    426.168    26.4641    30.8831    12.3618    12.3589    4937.81    34.9281     1.7751     2.5368     29.540     79.275      7.688  0.000e+00
   2122.000    428.855   4.046087     1.0483    -0.0702    426.057    26.4641    30.8831    12.3619    12.3590    4937.81    34.9282     1.7718     2.5320     29.485     79.127      7.690  0.000e+00
   2122.250    428.781   4.046107     1.0481    -0.0623    425.983    26.4642    30.8832    12.3620    12.3590    4937.81    34.9283     1.7701     2.5296     29.457     79.051      7.688  0.000e+00
   2122.500    428.743   4.046168     1.0491    -0.0603    425.946    26.4645    30.8835    12.3621    12.3592    4937.81    34.9288     1.7748     2.5364     29.536     79.263      7.690  0.000e+00
   2122.750    428.725   4.046168     1.0482    -0.0524    425.928    26.4643    30.8833    12.3624    12.3594    4937.81    34.9286     1.7711     2.5311     29.474     79.098      7.687  0.000e+00
   2123.000    428.700   4.046087     1.0483    -0.0623    425.903    26.4635    30.8825    12.3626    12.3596    4937.81    34.9276     1.7707     2.5305     29.467     79.078      7.690  0.000e+00
   2123.250    428.694   4.046047     1.0481    -0.0722    425.897    26.4634    30.8824    12.3624    12.3595    4937.80    34.9274     1.7696     2.5289     29.449     79.031      7.688  0.000e+00
   2123.500    428.675   4.046007     1.0487    -0.0643    425.879    26.4633    30.8823    12.3621    12.3592    4937.80    34.9273     1.7726     2.5333     29.499     79.165      7.691  0.000e+00
   2123.750    428.607   4.046021     1.0492    -0.0643    425.811    26.4638    30.8828    12.3618    12.3588    4937.79    34.9278     1.7749     2.5365     29.537     79.268      7.687  0.000e+00
   2124.000    428.526   4.046007     1.0491    -0.0623    425.731    26.4638    30.8829    12.3616    12.3587    4937.79    34.9278     1.7760     2.5381     29.555     79.315      7.687  0.000e+00
   2124.250    428.421   4.045994     1.0491    -0.0543    425.626    26.4639    30.8829    12.3615    12.3585    4937.78    34.9279     1.7762     2.5384     29.559     79.326      7.686  0.000e+00
   2124.500    428.322   4.046007     1.0484    -0.0563    425.528    26.4640    30.8830    12.3615    12.3585    4937.78    34.9280     1.7727     2.5333     29.500     79.167      7.688  0.000e+00
   2124.750    428.223   4.045994     1.0481    -0.0543    425.429    26.4639    30.8829    12.3616    12.3586    4937.77    34.9279     1.7715     2.5316     29.480     79.115      7.687  0.000e+00
   2125.000    428.117   4.045920     1.0484    -0.0444    425.325    26.4635    30.8825    12.3615    12.3585    4937.76    34.9273     1.7718     2.5321     29.485     79.128      7.689  0.000e+00
   2125.250    428.024   4.045933     1.0477    -0.0385    425.233    26.4639    30.8829    12.3611    12.3582    4937.75    34.9278     1.7679     2.5265     29.420     78.955      7.690  0.000e+00
   2125.500    427.925   4.045893     1.0481    -0.0702    425.134    26.4638    30.8828    12.3610    12.3580    4937.75    34.9276     1.7680     2.5267     29.422     78.960      7.688  0.000e+00
   2125.750    427.801   4.045933     1.0476    -0.0781    425.011    26.4643    30.8833    12.3608    12.3578    4937.74    34.9282     1.7656     2.5232     29.382     78.852      7.688  0.000e+00
   2126.000    427.689   4.045920     1.0481    -0.0623    424.900    26.4642    30.8832    12.3608    12.3579    4937.73    34.9281     1.7679     2.5265     29.420     78.955      7.689  0.000e+00
   2126.250    427.571   4.045880     1.0485    -0.0563    424.783    26.4639    30.8829    12.3609    12.3579    4937.73    34.9277     1.7707     2.5304     29.466     79.078      7.688  0.000e+00
   2126.500    427.435   4.045840     1.0480    -0.0682    424.648    26.4637    30.8827    12.3608    12.3579    4937.72    34.9274     1.7701     2.5297     29.457     79.055      7.684  0.000e+00
   2126.750    427.286   4.045820     1.0479    -0.0623    424.500    26.4638    30.8828    12.3605    12.3576    4937.71    34.9275     1.7701     2.5297     29.457     79.054      7.689  0.000e+00
   2127.000    427.156   4.045786     1.0476    -0.0623    424.371    26.4637    30.8827    12.3605    12.3575    4937.70    34.9273     1.7686     2.5275     29.431     78.986      7.690  0.000e+00
   2127.250    427.057   4.045793     1.0476    -0.0623    424.272    26.4640    30.8830    12.3602    12.3573    4937.69    34.9277     1.7688     2.5277     29.434     78.993      7.689  0.000e+00
   2127.500    426.951   4.045786     1.0466    -0.0762    424.168    26.4641    30.8831    12.3601    12.3571    4937.68    34.9278     1.7631     2.5197     29.340     78.740      7.688  0.000e+00
   2127.750    426.871   4.045766     1.0473    -0.0722    424.088    26.4639    30.8829    12.3602    12.3572    4937.68    34.9275     1.7656     2.5232     29.381     78.852      7.688  0.000e+00
   2128.000    426.802   4.045759     1.0473    -0.0623    424.020    26.4640    30.8830    12.3600    12.3571    4937.68    34.9276     1.7650     2.5224     29.372     78.826      7.688  0.000e+00
   2128.250    426.765   4.045732     1.0473    -0.0702    423.983    26.4639    30.8829    12.3600    12.3570    4937.67    34.9275     1.7649     2.5222     29.370     78.821      7.687  0.000e+00
   2128.500    426.734   4.045759     1.0475    -0.0702    423.952    26.4642    30.8832    12.3598    12.3568    4937.67    34.9279     1.7670     2.5252     29.404     78.912      7.688  0.000e+00
   2128.750    426.685   4.045793     1.0483    -0.0623    423.903    26.4644    30.8834    12.3600    12.3570    4937.67    34.9281     1.7717     2.5320     29.483     79.125      7.690  0.000e+00
   2129.000    426.616   4.045786     1.0478    -0.0623    423.835    26.4645    30.8835    12.3598    12.3568    4937.66    34.9282     1.7709     2.5308     29.469     79.089      7.688  0.000e+00
   2129.250    426.530   4.045732     1.0479    -0.0464    423.749    26.4642    30.8832    12.3597    12.3568    4937.66    34.9278     1.7722     2.5327     29.491     79.147      7.688  0.000e+00
   2129.500    426.418   4.045706     1.0479    -0.0702    423.639    26.4639    30.8829    12.3598    12.3568    4937.65    34.9275     1.7725     2.5331     29.496     79.162      7.689  0.000e+00
   2129.750    426.288   4.045706     1.0489    -0.0543    423.509    26.4640    30.8830    12.3598    12.3568    4937.64    34.9275     1.7760     2.5381     29.554     79.317      7.689  0.000e+00
   2130.000    426.176   4.045706     1.0489    -0.0543    423.399    26.4645    30.8835    12.3593    12.3563    4937.63    34.9281     1.7770     2.5394     29.570     79.359      7.687  0.000e+00
   2130.250    426.040   4.045705     1.0480    -0.0643    423.263    26.4643    30.8833    12.3595    12.3566    4937.63    34.9279     1.7728     2.5336     29.501     79.175      7.688  0.000e+00
