cruises/baja2025/cnv/20250423.cnv
* Sea-Bird SBE19plus Data File:
* FileName = C:\Users\ScienceTech\OneDrive - Western Flyer Foundation\Desktop\ProfilingCTD\data\20250423_Monserrat_cast11.hex
* Software Version 1.59
* Temperature SN =  8289
* Conductivity SN =  8289
* System UpLoad Time = Apr 23 2025 14:21:48
** Monserrat
** 4/23/2025, 1345 UTC
** 25 43.363'N
** 110 59.363'W
** ~310 m water depth
# nquan = 18
# nvalues = 5394                                  
# units = specified
# name 0 = timeS: Time, Elapsed [seconds]
# name 1 = prdM: Pressure, Strain Gauge [db]
# name 2 = c0S/m: Conductivity [S/m]
# name 3 = sbeox0V: Oxygen raw, SBE 43 [V]
# name 4 = flECO-AFL: Fluorescence, WET Labs ECO-AFL/FL [mg/m^3]
# name 5 = depSM: Depth [salt water, m], lat = 0.00
# name 6 = sigma-t00: Density [sigma-t, kg/m^3 ]
# name 7 = sigma-100: Density [sigma-1, kg/m^3 ]
# name 8 = tv268C: Temperature [IPTS-68, deg C]
# name 9 = tv290C: Temperature [ITS-90, deg C]
# name 10 = svCF: Sound Velocity [Chen-Millero, ft/s]
# name 11 = sal00: Salinity, Practical [PSU]
# name 12 = sbeox0ML/L: Oxygen, SBE 43 [ml/l]
# name 13 = sbeox0Mg/L: Oxygen, SBE 43 [mg/l]
# name 14 = sbeox0PS: Oxygen, SBE 43 [% saturation]
# name 15 = sbeox0Mm/L: Oxygen, SBE 43 [umol/l]
# name 16 = ph: pH
# name 17 = flag:  0.000e+00
# span 0 =      0.000,   1348.250                 
# span 1 =     -0.170,    328.120                 
# span 2 =  -0.296874,   5.045928                 
# span 3 =     0.5542,     3.1035                 
# span 4 =    -0.1615,     0.4932                 
# span 5 =     -0.169,    326.058                 
# span 6 =    -1.9749,    26.6297                 
# span 7 =     2.5073,    31.0803                 
# span 8 =    10.5672,    21.9831                 
# span 9 =    10.5646,    21.9779                 
# span 10 =    4870.33,    5011.06                
# span 11 =     0.0000,    35.5940                
# span 12 =     0.0844,     8.0363                
# span 13 =     0.1206,    11.4846                
# span 14 =      1.351,    141.158                
# span 15 =      3.770,    358.900                
# span 16 =      7.033,      8.170                
# span 17 = 0.0000e+00, 0.0000e+00                
# interval = seconds: 0.25
# start_time = Apr 23 2025 06:41:37 [Instrument's time stamp, header]
# bad_flag = -9.990e-29
*END*
[from data line 1207]
    301.750      6.795   5.045694     2.9932    -0.0305      6.758    24.5335    28.7736    21.9817    21.9765    5011.04    35.4067     6.4893     9.2738    130.259    289.811      8.165  0.000e+00
    302.000      6.820   5.045701     2.9962    -0.0206      6.783    24.5333    28.7734    21.9820    21.9768    5011.04    35.4066     6.5001     9.2893    130.478    290.295      8.165  0.000e+00
    302.250      6.795   5.045628     2.9995    -0.0246      6.758    24.5326    28.7727    21.9823    21.9771    5011.04    35.4057     6.5125     9.3070    130.726    290.847      8.166  0.000e+00
    302.500      6.764   5.045628     2.9967    -0.0385      6.727    24.5329    28.7730    21.9820    21.9768    5011.03    35.4060     6.5056     9.2971    130.586    290.538      8.167  0.000e+00
    302.750      6.721   5.045628     2.9936    -0.0305      6.684    24.5331    28.7732    21.9818    21.9766    5011.03    35.4062     6.4956     9.2828    130.386    290.093      8.162  0.000e+00
    303.000      6.684   5.045591     2.9932    -0.0246      6.647    24.5329    28.7730    21.9818    21.9766    5011.03    35.4059     6.4902     9.2751    130.278    289.852      8.166  0.000e+00
    303.250      6.665   5.045591     2.9943    -0.0226      6.628    24.5332    28.7733    21.9814    21.9762    5011.02    35.4062     6.4903     9.2752    130.278    289.855      8.165  0.000e+00
    303.500      6.634   5.045591     2.9952    -0.0365      6.598    24.5332    28.7733    21.9814    21.9762    5011.02    35.4062     6.4913     9.2767    130.299    289.902      8.166  0.000e+00
    303.750      6.634   5.045591     2.9957    -0.0385      6.598    24.5334    28.7735    21.9812    21.9760    5011.02    35.4064     6.4916     9.2771    130.305    289.915      8.167  0.000e+00
    304.000      6.634   5.045591     2.9958    -0.0305      6.598    24.5335    28.7736    21.9811    21.9759    5011.02    35.4065     6.4908     9.2761    130.289    289.881      8.164  0.000e+00
    304.250      6.634   5.045598     2.9953    -0.0305      6.597    24.5337    28.7738    21.9809    21.9756    5011.02    35.4067     6.4897     9.2745    130.267    289.832      8.166  0.000e+00
    304.500      6.628   5.045562     2.9932    -0.0147      6.591    24.5333    28.7734    21.9811    21.9759    5011.02    35.4063     6.4859     9.2689    130.189    289.658      8.165  0.000e+00
    304.750      6.634   5.045562     2.9870    -0.0305      6.597    24.5333    28.7734    21.9811    21.9759    5011.02    35.4063     6.4664     9.2411    129.798    288.787      8.163  0.000e+00
    305.000      6.640   5.045562     2.9818    -0.0305      6.604    24.5336    28.7737    21.9808    21.9755    5011.02    35.4065     6.4460     9.2120    129.389    287.880      8.166  0.000e+00
    305.250      6.634   5.045562     2.9812    -0.0127      6.598    24.5336    28.7737    21.9808    21.9755    5011.02    35.4065     6.4387     9.2015    129.242    287.552      8.167  0.000e+00
    305.500      6.640   5.045562     2.9852    -0.0226      6.604    24.5335    28.7736    21.9809    21.9756    5011.02    35.4064     6.4484     9.2153    129.436    287.983      8.166  0.000e+00
    305.750      6.640   5.045591     2.9843    -0.0226      6.604    24.5339    28.7740    21.9807    21.9754    5011.02    35.4068     6.4464     9.2125    129.396    287.894      8.166  0.000e+00
    306.000      6.659   5.045591     2.9847    -0.0226      6.622    24.5335    28.7736    21.9811    21.9759    5011.02    35.4065     6.4498     9.2174    129.465    288.048      8.166  0.000e+00
    306.250      6.665   5.045562     2.9869    -0.0246      6.629    24.5335    28.7736    21.9809    21.9756    5011.02    35.4064     6.4610     9.2334    129.690    288.548      8.164  0.000e+00
    306.500      6.696   5.045591     2.9890    -0.0246      6.659    24.5337    28.7738    21.9809    21.9756    5011.02    35.4066     6.4738     9.2517    129.947    289.119      8.167  0.000e+00
    306.750      6.721   5.045657     2.9919    -0.0444      6.684    24.5340    28.7741    21.9810    21.9757    5011.03    35.4071     6.4898     9.2746    130.269    289.835      8.164  0.000e+00
    307.000      6.740   5.045657     2.9911    -0.0206      6.702    24.5336    28.7737    21.9814    21.9762    5011.03    35.4067     6.4916     9.2772    130.306    289.915      8.168  0.000e+00
    307.250      6.758   5.045657     2.9906    -0.0325      6.721    24.5331    28.7732    21.9819    21.9767    5011.03    35.4063     6.4897     9.2745    130.269    289.832      8.167  0.000e+00
    307.500      6.733   5.045628     2.9903    -0.0385      6.696    24.5330    28.7731    21.9819    21.9767    5011.03    35.4061     6.4862     9.2695    130.198    289.675      8.167  0.000e+00
    307.750      6.715   5.045628     2.9902    -0.0365      6.678    24.5331    28.7732    21.9818    21.9766    5011.03    35.4062     6.4850     9.2678    130.174    289.621      8.166  0.000e+00
    308.000      6.665   5.045657     2.9895    -0.0305      6.628    24.5334    28.7735    21.9816    21.9764    5011.03    35.4066     6.4805     9.2613    130.083    289.419      8.166  0.000e+00
    308.250      6.628   5.045628     2.9884    -0.0166      6.591    24.5332    28.7733    21.9817    21.9765    5011.03    35.4063     6.4739     9.2518    129.950    289.124      8.165  0.000e+00
    308.500      6.579   5.045591     2.9902    -0.0385      6.542    24.5332    28.7732    21.9815    21.9763    5011.02    35.4062     6.4767     9.2559    130.007    289.251      8.167  0.000e+00
    308.750      6.572   5.045562     2.9916    -0.0305      6.536    24.5331    28.7732    21.9814    21.9762    5011.02    35.4060     6.4806     9.2614    130.084    289.424      8.164  0.000e+00
    309.000      6.585   5.045496     2.9910    -0.0365      6.548    24.5329    28.7730    21.9812    21.9760    5011.02    35.4057     6.4804     9.2611    130.079    289.414      8.164  0.000e+00
    309.250      6.622   5.045496     2.9897    -0.0246      6.585    24.5332    28.7733    21.9808    21.9755    5011.02    35.4060     6.4770     9.2563    130.010    289.263      8.166  0.000e+00
    309.500      6.671   5.045430     2.9893    -0.0305      6.635    24.5333    28.7734    21.9803    21.9750    5011.01    35.4059     6.4759     9.2548    129.988    289.215      8.165  0.000e+00
    309.750      6.702   5.045232     2.9903    -0.0226      6.665    24.5325    28.7727    21.9798    21.9745    5011.01    35.4047     6.4790     9.2591    130.047    289.352      8.166  0.000e+00
    310.000      6.721   5.045064     2.9912    -0.0246      6.684    24.5327    28.7728    21.9785    21.9732    5011.00    35.4044     6.4824     9.2639    130.112    289.502      8.163  0.000e+00
    310.250      6.727   5.044837     2.9897    -0.0305      6.690    24.5328    28.7730    21.9769    21.9716    5010.98    35.4040     6.4779     9.2575    130.017    289.302      8.167  0.000e+00
    310.500      6.721   5.044705     2.9893    -0.0623      6.684    24.5341    28.7743    21.9746    21.9693    5010.96    35.4048     6.4754     9.2541    129.964    289.193      8.167  0.000e+00
    310.750      6.702   5.044998     2.9874    -0.0643      6.665    24.5380    28.7782    21.9722    21.9669    5010.96    35.4091     6.4689     9.2447    129.831    288.902      8.168  0.000e+00
    311.000      6.684   5.045232     2.9850    -0.0524      6.647    24.5400    28.7802    21.9716    21.9663    5010.96    35.4115     6.4611     9.2336    129.674    288.553      8.167  0.000e+00
    311.250      6.671   5.045196     2.9863    -0.0623      6.634    24.5383    28.7785    21.9732    21.9679    5010.97    35.4099     6.4640     9.2378    129.736    288.684      8.167  0.000e+00
    311.500      6.653   5.044969     2.9852    -0.0246      6.616    24.5357    28.7759    21.9746    21.9693    5010.97    35.4069     6.4597     9.2315    129.649    288.489      8.166  0.000e+00
    311.750      6.628   5.044669     2.9861    -0.0365      6.591    24.5343    28.7745    21.9741    21.9688    5010.95    35.4050     6.4618     9.2346    129.689    288.584      8.167  0.000e+00
    312.000      6.628   5.044603     2.9869    -0.0246      6.591    24.5359    28.7762    21.9719    21.9666    5010.94    35.4063     6.4655     9.2398    129.759    288.748      8.166  0.000e+00
    312.250      6.640   5.044339     2.9862    -0.0087      6.604    24.5364    28.7767    21.9696    21.9643    5010.92    35.4061     6.4659     9.2404    129.762    288.768      8.165  0.000e+00
    312.500      6.659   5.044405     2.9864    -0.0147      6.622    24.5394    28.7797    21.9667    21.9615    5010.91    35.4089     6.4685     9.2441    129.809    288.882      8.165  0.000e+00
    312.750      6.671   5.044508     2.9870    -0.0543      6.634    24.5414    28.7817    21.9651    21.9599    5010.90    35.4110     6.4722     9.2494    129.882    289.048      8.166  0.000e+00
    313.000      6.683   5.044508     2.9876    -0.0702      6.647    24.5414    28.7816    21.9652    21.9600    5010.90    35.4109     6.4753     9.2539    129.944    289.187      8.166  0.000e+00
    313.250      6.702   5.044508     2.9923    -0.0643      6.665    24.5408    28.7811    21.9658    21.9606    5010.91    35.4104     6.4902     9.2751    130.244    289.851      8.165  0.000e+00
    313.500      6.721   5.044603     2.9974    -0.0543      6.684    24.5413    28.7816    21.9659    21.9607    5010.91    35.4111     6.5088     9.3017    130.618    290.684      8.166  0.000e+00
    313.750      6.721   5.044603     3.0000    -0.0305      6.684    24.5408    28.7811    21.9664    21.9612    5010.91    35.4107     6.5199     9.3176    130.842    291.178      8.168  0.000e+00
    314.000      6.739   5.044735     2.9992    -0.0147      6.702    24.5412    28.7814    21.9669    21.9617    5010.92    35.4113     6.5200     9.3177    130.845    291.183      8.165  0.000e+00
    314.250      6.733   5.044903     2.9945    -0.0166      6.696    24.5413    28.7816    21.9678    21.9626    5010.93    35.4119     6.5059     9.2976    130.565    290.553      8.168  0.000e+00
    314.500      6.708   5.044866     2.9893    -0.0226      6.671    24.5398    28.7800    21.9694    21.9641    5010.94    35.4104     6.4864     9.2697    130.176    289.682      8.167  0.000e+00
    314.750      6.671   5.044866     2.9880    -0.0722      6.634    24.5388    28.7790    21.9705    21.9652    5010.94    35.4095     6.4757     9.2544    129.963    289.204      8.168  0.000e+00
    315.000      6.634   5.044903     2.9899    -0.0524      6.597    24.5386    28.7789    21.9709    21.9656    5010.94    35.4095     6.4749     9.2533    129.948    289.170      8.168  0.000e+00
    315.250      6.597   5.044903     2.9922    -0.0543      6.560    24.5385    28.7787    21.9711    21.9658    5010.94    35.4093     6.4767     9.2559    129.985    289.251      8.168  0.000e+00
    315.500      6.566   5.044903     2.9967    -0.0464      6.530    24.5383    28.7785    21.9713    21.9660    5010.94    35.4092     6.4891     9.2736    130.234    289.803      8.167  0.000e+00
    315.750      6.572   5.044932     2.9990    -0.0166      6.536    24.5383    28.7785    21.9715    21.9662    5010.94    35.4092     6.5001     9.2893    130.455    290.294      8.166  0.000e+00
    316.000      6.603   5.044947     2.9974    -0.0206      6.567    24.5378    28.7780    21.9721    21.9668    5010.95    35.4088     6.5018     9.2917    130.490    290.370      8.168  0.000e+00
    316.250      6.653   5.045130     2.9938    -0.0087      6.616    24.5387    28.7789    21.9723    21.9670    5010.96    35.4101     6.4958     9.2832    130.372    290.103      8.167  0.000e+00
    316.500      6.702   5.044705     2.9936    -0.0226      6.665    24.5353    28.7755    21.9733    21.9680    5010.96    35.4059     6.4961     9.2836    130.377    290.116      8.169  0.000e+00
    316.750      6.752   5.044405     2.9967    -0.0305      6.714    24.5345    28.7747    21.9722    21.9669    5010.94    35.4044     6.5037     9.2945    130.525    290.456      8.164  0.000e+00
    317.000      6.776   5.044376     2.9971    -0.0563      6.739    24.5384    28.7787    21.9675    21.9623    5010.92    35.4080     6.5026     9.2928    130.494    290.404      8.166  0.000e+00
    317.250      6.776   5.044405     2.9964    -0.0643      6.739    24.5415    28.7818    21.9643    21.9591    5010.90    35.4108     6.4978     9.2860    130.394    290.193      8.166  0.000e+00
    317.500      6.739   5.044603     2.9964    -0.0524      6.702    24.5435    28.7839    21.9634    21.9582    5010.90    35.4132     6.4958     9.2831    130.353    290.102      8.166  0.000e+00
    317.750      6.690   5.044705     2.9960    -0.0603      6.653    24.5434    28.7837    21.9642    21.9590    5010.90    35.4133     6.4944     9.2812    130.328    290.042      8.165  0.000e+00
    318.000      6.659   5.044735     2.9947    -0.0524      6.622    24.5421    28.7824    21.9659    21.9607    5010.91    35.4122     6.4918     9.2774    130.278    289.924      8.165  0.000e+00
    318.250      6.628   5.044800     2.9935    -0.0444      6.591    24.5409    28.7812    21.9676    21.9624    5010.92    35.4113     6.4885     9.2727    130.214    289.774      8.167  0.000e+00
    318.500      6.628   5.044735     2.9947    -0.0543      6.591    24.5394    28.7796    21.9690    21.9637    5010.93    35.4097     6.4899     9.2747    130.245    289.840      8.168  0.000e+00
    318.750      6.628   5.044639     2.9980    -0.0643      6.591    24.5386    28.7789    21.9692    21.9639    5010.93    35.4088     6.4987     9.2872    130.420    290.231      8.166  0.000e+00
    319.000      6.634   5.044376     2.9991    -0.0305      6.597    24.5375    28.7778    21.9687    21.9634    5010.92    35.4071     6.5041     9.2951    130.528    290.475      8.166  0.000e+00
    319.250      6.652   5.044376     2.9968    -0.0226      6.616    24.5392    28.7795    21.9667    21.9615    5010.91    35.4087     6.4993     9.2881    130.427    290.258      8.165  0.000e+00
    319.500      6.665   5.044398     2.9948    -0.0325      6.628    24.5409    28.7812    21.9650    21.9598    5010.90    35.4102     6.4936     9.2800    130.311    290.005      8.163  0.000e+00
    319.750      6.658   5.044442     2.9950    -0.0365      6.622    24.5417    28.7820    21.9644    21.9592    5010.90    35.4111     6.4938     9.2803    130.314    290.013      8.166  0.000e+00
    320.000      6.652   5.044442     2.9967    -0.0206      6.616    24.5416    28.7819    21.9645    21.9593    5010.90    35.4110     6.4988     9.2874    130.413    290.235      8.167  0.000e+00
    320.250      6.652   5.044508     2.9977    -0.0643      6.616    24.5418    28.7821    21.9647    21.9595    5010.90    35.4114     6.5014     9.2912    130.468    290.354      8.164  0.000e+00
    320.500      6.677   5.044471     2.9963    -0.0781      6.640    24.5410    28.7812    21.9654    21.9602    5010.90    35.4105     6.4959     9.2833    130.358    290.107      8.167  0.000e+00
    320.750      6.677   5.044537     2.9963    -0.0484      6.640    24.5410    28.7813    21.9658    21.9606    5010.91    35.4107     6.4944     9.2811    130.328    290.039      8.164  0.000e+00
    321.000      6.689   5.044537     2.9973    -0.0484      6.652    24.5407    28.7810    21.9661    21.9609    5010.91    35.4104     6.4981     9.2865    130.404    290.207      8.164  0.000e+00
    321.250      6.683   5.044573     3.0007    -0.0206      6.646    24.5404    28.7807    21.9667    21.9615    5010.91    35.4102     6.5111     9.3050    130.665    290.785      8.165  0.000e+00
