cruises/baja2025/cnv/20250504_cast4.cnv
* Sea-Bird SBE19plus Data File:
* FileName = C:\Users\ScienceTech\OneDrive - Western Flyer Foundation\Desktop\ProfilingCTD\data\Leg 3\20250504_PP500K_cast1.hex
* Software Version 1.59
* Temperature SN =  8289
* Conductivity SN =  8289
* System UpLoad Time = May 04 2025 19:41:13
** PP500K
** 2150Z
** Lat 27-31.53'N
** Lon 112-17.75'W
** Depth 511m
# nquan = 18
# nvalues = 7781                                  
# units = specified
# name 0 = timeS: Time, Elapsed [seconds]
# name 1 = prdM: Pressure, Strain Gauge [db]
# name 2 = c0S/m: Conductivity [S/m]
# name 3 = sbeox0V: Oxygen raw, SBE 43 [V]
# name 4 = flECO-AFL: Fluorescence, WET Labs ECO-AFL/FL [mg/m^3]
# name 5 = depSM: Depth [salt water, m], lat = 0.00
# name 6 = sigma-t00: Density [sigma-t, kg/m^3 ]
# name 7 = sigma-100: Density [sigma-1, kg/m^3 ]
# name 8 = tv268C: Temperature [IPTS-68, deg C]
# name 9 = tv290C: Temperature [ITS-90, deg C]
# name 10 = svCF: Sound Velocity [Chen-Millero, ft/s]
# name 11 = sal00: Salinity, Practical [PSU]
# name 12 = sbeox0ML/L: Oxygen, SBE 43 [ml/l]
# name 13 = sbeox0Mg/L: Oxygen, SBE 43 [mg/l]
# name 14 = sbeox0PS: Oxygen, SBE 43 [% saturation]
# name 15 = sbeox0Mm/L: Oxygen, SBE 43 [umol/l]
# name 16 = ph: pH
# name 17 = flag:  0.000e+00
# span 0 =      0.000,   1945.000                 
# span 1 =     -0.210,    150.118                 
# span 2 =   0.033760,   4.923556                 
# span 3 =     1.1558,     3.1089                 
# span 4 =    -0.1654,   128.7396                 
# span 5 =     -0.209,    149.239                 
# span 6 =    -2.4098,    26.3076                 
# span 7 =     2.0269,    30.6962                 
# span 8 =    13.4461,    23.4590                 
# span 9 =    13.4428,    23.4533                 
# span 10 =    4859.99,    5007.78                
# span 11 =     0.1773,    36.0445                
# span 12 =     2.0094,     7.3280                
# span 13 =     2.8716,    10.4724                
# span 14 =     34.208,    140.880                
# span 15 =     89.739,    327.268                
# span 16 =      7.677,      8.272                
# span 17 = 0.0000e+00, 0.0000e+00                
# interval = seconds: 0.25
# start_time = May 04 2025 14:49:34 [Instrument's time stamp, header]
# bad_flag = -9.990e-29
*END*
[from data line 7237]
   1809.250     -0.179   0.042287     2.6776    -0.0722     -0.178    -1.7486     2.7376    20.6016    20.5967    4870.19     0.2238     7.1428    10.2078    113.750    318.999      7.859  0.000e+00
   1809.500     -0.191   0.042205     2.6776    -0.0702     -0.190    -1.7490     2.7372    20.6021    20.5972    4870.19     0.2234     7.1433    10.2085    113.758    319.019      7.859  0.000e+00
   1809.750     -0.198   0.042157     2.6775    -0.0643     -0.197    -1.7493     2.7369    20.6025    20.5976    4870.19     0.2231     7.1432    10.2083    113.756    319.013      7.860  0.000e+00
   1810.000     -0.185   0.042145     2.6773    -0.0682     -0.184    -1.7494     2.7367    20.6030    20.5980    4870.20     0.2231     7.1428    10.2078    113.752    318.997      7.861  0.000e+00
   1810.250     -0.185   0.042157     2.6762    -0.0722     -0.184    -1.7495     2.7367    20.6034    20.5984    4870.20     0.2231     7.1385    10.2016    113.684    318.805      7.864  0.000e+00
   1810.500     -0.185   0.042181     2.6770    -0.0702     -0.184    -1.7495     2.7367    20.6038    20.5989    4870.20     0.2232     7.1407    10.2048    113.721    318.904      7.861  0.000e+00
   1810.750     -0.173   0.042205     2.6764    -0.0801     -0.172    -1.7495     2.7366    20.6044    20.5995    4870.21     0.2234     7.1373    10.2000    113.668    318.753      7.861  0.000e+00
   1811.000     -0.185   0.042217     2.6771    -0.0722     -0.184    -1.7495     2.7366    20.6048    20.5999    4870.22     0.2234     7.1395    10.2030    113.704    318.850      7.862  0.000e+00
   1811.250     -0.185   0.042175     2.6775    -0.0702     -0.184    -1.7499     2.7363    20.6055    20.6005    4870.22     0.2232     7.1415    10.2059    113.737    318.940      7.858  0.000e+00
   1811.500     -0.192   0.042133     2.6769    -0.0484     -0.191    -1.7501     2.7360    20.6060    20.6010    4870.22     0.2230     7.1397    10.2033    113.709    318.859      7.861  0.000e+00
   1811.750     -0.192   0.042015     2.6771    -0.0841     -0.191    -1.7508     2.7353    20.6066    20.6017    4870.23     0.2223     7.1406    10.2047    113.725    318.901      7.860  0.000e+00
   1812.000     -0.179   0.041873     2.6779    -0.0762     -0.178    -1.7514     2.7347    20.6070    20.6021    4870.23     0.2216     7.1446    10.2103    113.788    319.077      7.857  0.000e+00
   1812.250     -0.192   0.041727     2.6761    -0.0563     -0.191    -1.7521     2.7340    20.6073    20.6024    4870.23     0.2208     7.1380    10.2009    113.683    318.783      7.851  0.000e+00
   1812.500     -0.192   0.041616     2.6765    -0.0623     -0.191    -1.7526     2.7335    20.6077    20.6027    4870.23     0.2202     7.1386    10.2017    113.693    318.808      7.845  0.000e+00
   1812.750     -0.179   0.041537     2.6772    -0.0623     -0.178    -1.7530     2.7331    20.6081    20.6031    4870.23     0.2198     7.1411    10.2053    113.733    318.920      7.839  0.000e+00
   1813.000     -0.192   0.041522     2.6770    -0.0762     -0.191    -1.7532     2.7329    20.6085    20.6035    4870.24     0.2197     7.1397    10.2034    113.713    318.860      7.840  0.000e+00
   1813.250     -0.185   0.041516     2.6766    -0.0702     -0.184    -1.7533     2.7328    20.6088    20.6039    4870.24     0.2196     7.1381    10.2011    113.688    318.788      7.841  0.000e+00
   1813.500     -0.179   0.041510     2.6765    -0.0702     -0.178    -1.7534     2.7327    20.6092    20.6043    4870.24     0.2196     7.1380    10.2009    113.687    318.782      7.838  0.000e+00
   1813.750     -0.179   0.041473     2.6771    -0.0623     -0.178    -1.7536     2.7324    20.6096    20.6047    4870.25     0.2194     7.1399    10.2036    113.718    318.867      7.834  0.000e+00
   1814.000     -0.179   0.041443     2.6766    -0.0781     -0.178    -1.7539     2.7322    20.6101    20.6051    4870.25     0.2192     7.1382    10.2013    113.693    318.794      7.833  0.000e+00
   1814.250     -0.192   0.041377     2.6776    -0.0722     -0.191    -1.7543     2.7317    20.6109    20.6060    4870.26     0.2189     7.1430    10.2080    113.770    319.006      7.831  0.000e+00
   1814.500     -0.185   0.041307     2.6774    -0.0801     -0.184    -1.7547     2.7313    20.6115    20.6066    4870.26     0.2185     7.1419    10.2065    113.754    318.957      7.833  0.000e+00
   1814.750     -0.179   0.041210     2.6770    -0.0643     -0.178    -1.7553     2.7308    20.6121    20.6072    4870.27     0.2180     7.1402    10.2041    113.728    318.882      7.833  0.000e+00
   1815.000     -0.185   0.041099     2.6780    -0.0781     -0.184    -1.7558     2.7302    20.6127    20.6077    4870.27     0.2174     7.1444    10.2100    113.795    319.068      7.837  0.000e+00
   1815.250     -0.198   0.040999     2.6758    -0.0623     -0.197    -1.7563     2.7297    20.6132    20.6082    4870.27     0.2168     7.1359    10.1979    113.660    318.689      7.838  0.000e+00
   1815.500     -0.192   0.040884     2.6768    -0.0762     -0.191    -1.7570     2.7290    20.6138    20.6089    4870.28     0.2162     7.1387    10.2019    113.706    318.813      7.839  0.000e+00
   1815.750     -0.192   0.040778     2.6772    -0.0702     -0.191    -1.7575     2.7285    20.6141    20.6092    4870.28     0.2157     7.1399    10.2037    113.726    318.870      7.834  0.000e+00
   1816.000     -0.179   0.040703     2.6775    -0.0682     -0.178    -1.7579     2.7281    20.6147    20.6097    4870.28     0.2152     7.1410    10.2052    113.744    318.916      7.831  0.000e+00
   1816.250     -0.185   0.040630     2.6762    -0.0781     -0.184    -1.7583     2.7277    20.6153    20.6103    4870.29     0.2149     7.1358    10.1977    113.662    318.683      7.825  0.000e+00
   1816.500     -0.185   0.040564     2.6771    -0.0643     -0.184    -1.7587     2.7273    20.6156    20.6106    4870.29     0.2145     7.1391    10.2024    113.715    318.830      7.823  0.000e+00
   1816.750     -0.185   0.040512     2.6776    -0.0801     -0.184    -1.7590     2.7270    20.6160    20.6111    4870.29     0.2142     7.1416    10.2061    113.756    318.944      7.819  0.000e+00
   1817.000     -0.198   0.040440     2.6766    -0.0722     -0.197    -1.7594     2.7266    20.6165    20.6116    4870.29     0.2138     7.1379    10.2008    113.698    318.779      7.820  0.000e+00
   1817.250     -0.192   0.040358     2.6768    -0.0722     -0.191    -1.7598     2.7261    20.6171    20.6121    4870.30     0.2134     7.1395    10.2030    113.724    318.849      7.823  0.000e+00
   1817.500     -0.185   0.040234     2.6768    -0.0623     -0.184    -1.7604     2.7255    20.6176    20.6126    4870.30     0.2127     7.1384    10.2015    113.708    318.802      7.823  0.000e+00
   1817.750     -0.192   0.040083     2.6771    -0.0722     -0.191    -1.7612     2.7248    20.6180    20.6131    4870.30     0.2119     7.1390    10.2024    113.718    318.830      7.827  0.000e+00
   1818.000     -0.192   0.039941     2.6764    -0.0722     -0.191    -1.7619     2.7241    20.6186    20.6137    4870.30     0.2111     7.1365    10.1987    113.678    318.714      7.834  0.000e+00
   1818.250     -0.179   0.039817     2.6771    -0.0643     -0.178    -1.7625     2.7234    20.6193    20.6143    4870.31     0.2105     7.1396    10.2032    113.729    318.856      7.839  0.000e+00
   1818.500     -0.192   0.039736     2.6763    -0.0762     -0.191    -1.7630     2.7230    20.6199    20.6149    4870.31     0.2100     7.1357    10.1977    113.669    318.682      7.846  0.000e+00
   1818.750     -0.192   0.039711     2.6773    -0.0563     -0.191    -1.7632     2.7227    20.6205    20.6156    4870.32     0.2099     7.1394    10.2030    113.729    318.847      7.851  0.000e+00
   1819.000     -0.185   0.039730     2.6765    -0.0702     -0.184    -1.7633     2.7226    20.6212    20.6163    4870.33     0.2100     7.1369    10.1993    113.690    318.733      7.857  0.000e+00
   1819.250     -0.185   0.039748     2.6766    -0.0643     -0.184    -1.7634     2.7225    20.6220    20.6170    4870.33     0.2101     7.1370    10.1995    113.693    318.738      7.859  0.000e+00
   1819.500     -0.179   0.039724     2.6775    -0.0464     -0.178    -1.7636     2.7223    20.6226    20.6176    4870.34     0.2100     7.1403    10.2042    113.747    318.885      7.867  0.000e+00
   1819.750     -0.186   0.039645     2.6767    -0.0781     -0.185    -1.7641     2.7218    20.6234    20.6185    4870.35     0.2095     7.1375    10.2002    113.704    318.761      7.872  0.000e+00
   1820.000     -0.179   0.039485     2.6768    -0.0762     -0.178    -1.7649     2.7209    20.6241    20.6191    4870.35     0.2087     7.1379    10.2007    113.711    318.778      7.946  0.000e+00
   1820.250     -0.185   0.039280     2.6770    -0.0781     -0.184    -1.7659     2.7200    20.6247    20.6197    4870.35     0.2076     7.1384    10.2014    113.719    318.799      7.755  0.000e+00
   1820.500     -0.192   0.039053     2.6762    -0.0702     -0.191    -1.7669     2.7190    20.6251    20.6201    4870.35     0.2063     7.1353    10.1971    113.671    318.662      7.761  0.000e+00
   1820.750     -0.186   0.038848     2.6768    -0.0702     -0.185    -1.7679     2.7180    20.6256    20.6207    4870.35     0.2052     7.1372    10.1998    113.701    318.747      7.777  0.000e+00
   1821.000     -0.192   0.038706     2.6769    -0.0702     -0.191    -1.7685     2.7173    20.6260    20.6211    4870.35     0.2045     7.1380    10.2009    113.714    318.781      7.791  0.000e+00
   1821.250     -0.192   0.038651     2.6771    -0.0702     -0.191    -1.7688     2.7170    20.6263    20.6214    4870.35     0.2042     7.1384    10.2015    113.721    318.800      7.804  0.000e+00
   1821.500     -0.198   0.038688     2.6766    -0.0781     -0.197    -1.7687     2.7171    20.6267    20.6217    4870.36     0.2044     7.1364    10.1986    113.691    318.712      7.814  0.000e+00
   1821.750     -0.186   0.038811     2.6765    -0.0543     -0.185    -1.7683     2.7175    20.6270    20.6220    4870.36     0.2050     7.1361    10.1983    113.688    318.700      7.823  0.000e+00
   1822.000     -0.192   0.038978     2.6770    -0.0702     -0.191    -1.7678     2.7181    20.6276    20.6227    4870.37     0.2059     7.1379    10.2008    113.718    318.781      7.830  0.000e+00
   1822.250     -0.186   0.039132     2.6766    -0.0643     -0.185    -1.7673     2.7185    20.6284    20.6235    4870.39     0.2068     7.1364    10.1987    113.696    318.713      7.849  0.000e+00
   1822.500     -0.186   0.039213     2.6765    -0.0543     -0.185    -1.7671     2.7187    20.6290    20.6240    4870.39     0.2072     7.1358    10.1978    113.689    318.687      7.847  0.000e+00
   1822.750     -0.180   0.039219     2.6767    -0.0682     -0.179    -1.7672     2.7185    20.6298    20.6248    4870.40     0.2072     7.1360    10.1981    113.693    318.694      7.840  0.000e+00
   1823.000     -0.186   0.039132     2.6771    -0.0643     -0.185    -1.7678     2.7179    20.6308    20.6259    4870.41     0.2067     7.1375    10.2001    113.718    318.759      7.842  0.000e+00
   1823.250     -0.186   0.038947     2.6773    -0.0682     -0.185    -1.7687     2.7170    20.6316    20.6266    4870.41     0.2058     7.1387    10.2019    113.739    318.814      7.852  0.000e+00
   1823.500     -0.192   0.038700     2.6768    -0.0524     -0.191    -1.7699     2.7158    20.6323    20.6273    4870.41     0.2044     7.1374    10.2000    113.719    318.756      7.849  0.000e+00
   1823.750     -0.186   0.038443     2.6771    -0.0762     -0.185    -1.7710     2.7147    20.6326    20.6277    4870.41     0.2030     7.1385    10.2017    113.737    318.806      7.854  0.000e+00
   1824.000     -0.192   0.038244     2.6768    -0.0643     -0.191    -1.7720     2.7137    20.6334    20.6285    4870.42     0.2020     7.1371    10.1996    113.715    318.741      7.855  0.000e+00
   1824.250     -0.192   0.038096     2.6755    -0.0623     -0.191    -1.7727     2.7131    20.6337    20.6287    4870.42     0.2012     7.1315    10.1917    113.626    318.494      7.853  0.000e+00
   1824.500     -0.186   0.038005     2.6768    -0.0603     -0.185    -1.7731     2.7126    20.6339    20.6289    4870.42     0.2007     7.1361    10.1982    113.699    318.698      7.855  0.000e+00
   1824.750     -0.192   0.038005     2.6766    -0.0841     -0.191    -1.7732     2.7125    20.6345    20.6295    4870.42     0.2007     7.1349    10.1965    113.681    318.644      7.854  0.000e+00
   1825.000     -0.186   0.038072     2.6763    -0.0781     -0.185    -1.7730     2.7127    20.6347    20.6297    4870.43     0.2011     7.1334    10.1944    113.659    318.579      7.859  0.000e+00
   1825.250     -0.186   0.038202     2.6771    -0.0623     -0.185    -1.7726     2.7131    20.6352    20.6303    4870.43     0.2017     7.1364    10.1987    113.709    318.714      7.860  0.000e+00
   1825.500     -0.186   0.038362     2.6764    -0.0722     -0.185    -1.7720     2.7137    20.6357    20.6308    4870.44     0.2026     7.1344    10.1957    113.677    318.620      7.865  0.000e+00
   1825.750     -0.186   0.038516     2.6767    -0.0722     -0.185    -1.7715     2.7142    20.6362    20.6312    4870.45     0.2034     7.1355    10.1974    113.697    318.673      7.868  0.000e+00
   1826.000     -0.192   0.038621     2.6773    -0.0762     -0.191    -1.7712     2.7144    20.6369    20.6319    4870.46     0.2040     7.1385    10.2016    113.746    318.804      7.870  0.000e+00
   1826.250     -0.198   0.038663     2.6771    -0.0682     -0.197    -1.7711     2.7145    20.6372    20.6322    4870.46     0.2042     7.1382    10.2012    113.742    318.792      7.870  0.000e+00
   1826.500     -0.198   0.038627     2.6776    -0.0702     -0.197    -1.7714     2.7143    20.6376    20.6327    4870.47     0.2040     7.1395    10.2031    113.765    318.852      7.874  0.000e+00
   1826.750     -0.186   0.038491     2.6770    -0.0762     -0.185    -1.7720     2.7137    20.6378    20.6329    4870.47     0.2033     7.1376    10.2003    113.733    318.764      7.877  0.000e+00
   1827.000     -0.186   0.038295     2.6773    -0.0623     -0.185    -1.7730     2.7127    20.6387    20.6337    4870.47     0.2022     7.1385    10.2017    113.750    318.807      7.878  0.000e+00
   1827.250     -0.192   0.038078     2.6770    -0.0861     -0.191    -1.7740     2.7117    20.6393    20.6343    4870.47     0.2011     7.1369    10.1993    113.724    318.733      7.880  0.000e+00
   1827.500     -0.192   0.037900     2.6770    -0.0702     -0.191    -1.7748     2.7108    20.6398    20.6349    4870.47     0.2001     7.1368    10.1992    113.724    318.730      7.891  0.000e+00
   1827.750     -0.192   0.037782     2.6773    -0.0702     -0.191    -1.7753     2.7103    20.6398    20.6349    4870.47     0.1995     7.1374    10.2001    113.733    318.758      7.883  0.000e+00
   1828.000     -0.186   0.037740     2.6772    -0.0702     -0.185    -1.7756     2.7101    20.6402    20.6353    4870.47     0.1993     7.1368    10.1992    113.724    318.729      7.876  0.000e+00
   1828.250     -0.186   0.037764     2.6763    -0.0623     -0.185    -1.7755     2.7101    20.6406    20.6357    4870.48     0.1994     7.1331    10.1939    113.666    318.565      7.883  0.000e+00
   1828.500     -0.198   0.037866     2.6768    -0.0722     -0.197    -1.7753     2.7103    20.6413    20.6363    4870.49     0.1999     7.1346    10.1960    113.691    318.629      7.885  0.000e+00
   1828.750     -0.186   0.037990     2.6771    -0.0623     -0.185    -1.7749     2.7107    20.6418    20.6368    4870.49     0.2006     7.1360    10.1981    113.716    318.696      7.891  0.000e+00
