cruises/baja2025/cnv/20250419_cast1.cnv
* Sea-Bird SBE19plus Data File:
* FileName = C:\Users\ScienceTech\OneDrive - Western Flyer Foundation\Desktop\ProfilingCTD\data\20250419_DeepChannel_cast6.hex
* Software Version 1.59
* Temperature SN =  8289
* Conductivity SN =  8289
* System UpLoad Time = Apr 19 2025 11:40:39
** DeepChannel
** 4/19/2025
** 0710 UTC
** 28 30.112'N
** 112 45.913'W
** ~1000 m bottom depth
** 500-m cast target depth
# nquan = 18
# nvalues = 12389                                 
# units = specified
# name 0 = timeS: Time, Elapsed [seconds]
# name 1 = prdM: Pressure, Strain Gauge [db]
# name 2 = c0S/m: Conductivity [S/m]
# name 3 = sbeox0V: Oxygen raw, SBE 43 [V]
# name 4 = flECO-AFL: Fluorescence, WET Labs ECO-AFL/FL [mg/m^3]
# name 5 = depSM: Depth [salt water, m], lat = 0.00
# name 6 = sigma-t00: Density [sigma-t, kg/m^3 ]
# name 7 = sigma-100: Density [sigma-1, kg/m^3 ]
# name 8 = tv268C: Temperature [IPTS-68, deg C]
# name 9 = tv290C: Temperature [ITS-90, deg C]
# name 10 = svCF: Sound Velocity [Chen-Millero, ft/s]
# name 11 = sal00: Salinity, Practical [PSU]
# name 12 = sbeox0ML/L: Oxygen, SBE 43 [ml/l]
# name 13 = sbeox0Mg/L: Oxygen, SBE 43 [mg/l]
# name 14 = sbeox0PS: Oxygen, SBE 43 [% saturation]
# name 15 = sbeox0Mm/L: Oxygen, SBE 43 [umol/l]
# name 16 = ph: pH
# name 17 = flag:  0.000e+00
# span 0 =      0.000,   3097.000                 
# span 1 =     -0.150,    505.806                 
# span 2 =  -0.000042,   4.402193                 
# span 3 =     1.0181,     3.3430                 
# span 4 =    -0.1337,   128.6741                 
# span 5 =     -0.149,    502.413                 
# span 6 =    -1.1875,    26.4873                 
# span 7 =     3.3745,    30.9106                 
# span 8 =    12.1970,    16.7936                 
# span 9 =    12.1940,    16.7896                 
# span 10 =    4819.83,    4953.97                
# span 11 =     0.0000,    35.2646                
# span 12 =     1.6835,     8.6850                
# span 13 =     2.4059,    12.4118                
# span 14 =     27.917,    154.801                
# span 15 =     75.185,    387.873                
# span 16 =      7.278,      7.919                
# span 17 = 0.0000e+00, 0.0000e+00                
# interval = seconds: 0.25
# start_time = Apr 19 2025 00:07:12 [Instrument's time stamp, header]
# bad_flag = -9.990e-29
*END*
[from data line 644]
    161.000      6.478   4.396531     2.0671     1.3243      6.443    25.8503    30.1891    15.9347    15.9309    4953.47    35.1130     4.6091     6.5869     82.525    205.842      7.904  0.000e+00
    161.250      6.448   4.396531     2.0692     1.3144      6.412    25.8501    30.1888    15.9351    15.9312    4953.47    35.1127     4.6194     6.6016     82.710    206.303      7.907  0.000e+00
    161.500      6.410   4.396621     2.0702     1.0129      6.375    25.8505    30.1892    15.9352    15.9314    4953.47    35.1134     4.6240     6.6082     82.793    206.510      7.906  0.000e+00
    161.750      6.373   4.396559     2.0728     1.0268      6.338    25.8499    30.1886    15.9355    15.9316    4953.47    35.1126     4.6336     6.6219     82.964    206.936      7.907  0.000e+00
    162.000      6.324   4.396441     2.0744     1.0188      6.289    25.8493    30.1880    15.9352    15.9314    4953.46    35.1118     4.6383     6.6285     83.047    207.145      7.906  0.000e+00
    162.250      6.280   4.396317     2.0753     1.0188      6.246    25.8488    30.1875    15.9349    15.9311    4953.45    35.1110     4.6407     6.6320     83.089    207.252      7.906  0.000e+00
    162.500      6.243   4.396199     2.0735     1.0248      6.209    25.8486    30.1873    15.9342    15.9304    4953.44    35.1105     4.6319     6.6194     82.930    206.860      7.908  0.000e+00
    162.750      6.200   4.396075     2.0713     1.0883      6.166    25.8488    30.1875    15.9331    15.9293    4953.43    35.1105     4.6193     6.6015     82.704    206.299      7.908  0.000e+00
    163.000      6.187   4.396165     2.0712     1.0902      6.153    25.8502    30.1890    15.9322    15.9284    4953.42    35.1121     4.6136     6.5933     82.601    206.045      7.907  0.000e+00
    163.250      6.200   4.396199     2.0693     1.0843      6.166    25.8508    30.1896    15.9318    15.9280    4953.42    35.1127     4.6014     6.5759     82.383    205.500      7.908  0.000e+00
    163.500      6.212   4.396261     2.0694     1.0883      6.178    25.8513    30.1901    15.9317    15.9279    4953.43    35.1134     4.5967     6.5692     82.299    205.290      7.907  0.000e+00
    163.750      6.231   4.396379     2.0697     0.8363      6.197    25.8518    30.1906    15.9320    15.9282    4953.43    35.1141     4.5936     6.5648     82.244    205.152      7.907  0.000e+00
    164.000      6.274   4.396317     2.0700     0.8482      6.240    25.8509    30.1897    15.9325    15.9287    4953.44    35.1131     4.5942     6.5656     82.254    205.177      7.905  0.000e+00
    164.250      6.324   4.396289     2.0706     0.8423      6.289    25.8509    30.1896    15.9324    15.9285    4953.44    35.1130     4.5982     6.5713     82.326    205.357      7.909  0.000e+00
    164.500      6.373   4.396593     2.0707     0.8165      6.338    25.8525    30.1912    15.9328    15.9290    4953.45    35.1152     4.6024     6.5772     82.402    205.542      7.906  0.000e+00
    164.750      6.423   4.395778     2.0714     1.0188      6.387    25.8459    30.1847    15.9339    15.9301    4953.44    35.1070     4.6083     6.5857     82.505    205.805      7.906  0.000e+00
    165.000      6.466   4.396897     2.0706     1.0248      6.431    25.8523    30.1910    15.9354    15.9316    4953.49    35.1157     4.6064     6.5830     82.479    205.722      7.907  0.000e+00
    165.250      6.479   4.396953     2.0695     1.0248      6.443    25.8513    30.1900    15.9369    15.9330    4953.50    35.1149     4.6033     6.5786     82.425    205.583      7.906  0.000e+00
    165.500      6.485   4.396801     2.0705     1.0327      6.449    25.8494    30.1881    15.9378    15.9339    4953.50    35.1127     4.6057     6.5820     82.468    205.690      7.908  0.000e+00
    165.750      6.479   4.396835     2.0693     1.0248      6.443    25.8496    30.1883    15.9378    15.9340    4953.50    35.1129     4.6006     6.5747     82.377    205.462      7.906  0.000e+00
    166.000      6.448   4.396863     2.0682     1.0327      6.412    25.8498    30.1885    15.9378    15.9340    4953.50    35.1132     4.5948     6.5664     82.273    205.202      7.906  0.000e+00
    166.250      6.435   4.396897     2.0690     1.0506      6.400    25.8500    30.1887    15.9378    15.9340    4953.50    35.1135     4.5963     6.5686     82.301    205.271      7.908  0.000e+00
    166.500      6.386   4.396801     2.0691     1.0268      6.350    25.8492    30.1879    15.9380    15.9342    4953.50    35.1125     4.5965     6.5688     82.303    205.278      7.906  0.000e+00
    166.750      6.361   4.396773     2.0698     1.0327      6.326    25.8491    30.1878    15.9379    15.9341    4953.49    35.1123     4.5994     6.5731     82.356    205.411      7.907  0.000e+00
    167.000      6.311   4.396655     2.0714     0.9811      6.276    25.8487    30.1874    15.9375    15.9337    4953.48    35.1117     4.6074     6.5845     82.499    205.768      7.904  0.000e+00
    167.250      6.274   4.396683     2.0714     1.0010      6.239    25.8495    30.1882    15.9369    15.9330    4953.48    35.1125     4.6098     6.5878     82.540    205.872      7.908  0.000e+00
    167.500      6.237   4.396621     2.0724     0.9811      6.202    25.8497    30.1884    15.9362    15.9324    4953.47    35.1126     4.6146     6.5947     82.625    206.089      7.909  0.000e+00
    167.750      6.218   4.396503     2.0731     0.9811      6.184    25.8496    30.1883    15.9354    15.9316    4953.46    35.1122     4.6196     6.6019     82.713    206.311      7.906  0.000e+00
    168.000      6.218   4.396413     2.0733     0.9097      6.184    25.8497    30.1884    15.9346    15.9308    4953.45    35.1121     4.6216     6.6048     82.749    206.403      7.907  0.000e+00
    168.250      6.224   4.396469     2.0726     0.8939      6.190    25.8507    30.1895    15.9339    15.9301    4953.45    35.1132     4.6180     6.5996     82.683    206.242      7.909  0.000e+00
    168.500      6.249   4.396531     2.0735     0.9038      6.215    25.8514    30.1901    15.9337    15.9298    4953.45    35.1140     4.6204     6.6031     82.726    206.349      7.907  0.000e+00
    168.750      6.280   4.396683     2.0729     0.8859      6.246    25.8520    30.1907    15.9341    15.9302    4953.46    35.1150     4.6166     6.5976     82.659    206.178      7.907  0.000e+00
    169.000      6.311   4.396469     2.0726     0.8859      6.276    25.8503    30.1890    15.9344    15.9306    4953.46    35.1128     4.6135     6.5931     82.602    206.037      7.906  0.000e+00
    169.250      6.342   4.396531     2.0727     0.8601      6.307    25.8510    30.1897    15.9341    15.9302    4953.46    35.1136     4.6126     6.5918     82.586    205.998      7.907  0.000e+00
    169.500      6.361   4.396593     2.0742     0.8601      6.326    25.8514    30.1901    15.9341    15.9302    4953.46    35.1142     4.6167     6.5978     82.661    206.183      7.908  0.000e+00
    169.750      6.379   4.396531     2.0747     0.8780      6.344    25.8509    30.1896    15.9342    15.9303    4953.46    35.1135     4.6191     6.6011     82.702    206.287      7.909  0.000e+00
    170.000      6.398   4.396593     2.0734     0.8542      6.363    25.8511    30.1898    15.9344    15.9306    4953.46    35.1138     4.6150     6.5953     82.631    206.107      7.909  0.000e+00
    170.250      6.398   4.396683     2.0751     1.0764      6.363    25.8515    30.1902    15.9346    15.9308    4953.47    35.1144     4.6215     6.6045     82.746    206.394      7.908  0.000e+00
    170.500      6.410   4.396745     2.0756     1.0962      6.375    25.8515    30.1902    15.9351    15.9312    4953.48    35.1146     4.6238     6.6078     82.788    206.497      7.908  0.000e+00
    170.750      6.417   4.396773     2.0776     1.0883      6.381    25.8511    30.1898    15.9357    15.9319    4953.48    35.1143     4.6324     6.6202     82.944    206.884      7.910  0.000e+00
    171.000      6.417   4.396801     2.0789     1.0902      6.381    25.8511    30.1898    15.9360    15.9321    4953.48    35.1143     4.6387     6.6291     83.057    207.163      7.908  0.000e+00
    171.250      6.398   4.396801     2.0796     0.8859      6.363    25.8507    30.1893    15.9364    15.9326    4953.49    35.1139     4.6421     6.6340     83.118    207.316      7.906  0.000e+00
    171.500      6.398   4.396773     2.0787     0.8939      6.363    25.8502    30.1888    15.9368    15.9329    4953.49    35.1133     4.6389     6.6294     83.061    207.173      7.910  0.000e+00
    171.750      6.367   4.396773     2.0775     0.9038      6.332    25.8502    30.1888    15.9368    15.9329    4953.49    35.1134     4.6338     6.6221     82.970    206.945      7.904  0.000e+00
    172.000      6.342   4.396773     2.0751     0.9038      6.307    25.8501    30.1888    15.9369    15.9330    4953.48    35.1133     4.6231     6.6069     82.779    206.469      7.907  0.000e+00
    172.250      6.324   4.396745     2.0725     0.8939      6.289    25.8502    30.1889    15.9365    15.9327    4953.48    35.1133     4.6079     6.5852     82.506    205.789      7.907  0.000e+00
    172.500      6.305   4.396925     2.0710     1.0506      6.270    25.8515    30.1901    15.9365    15.9327    4953.49    35.1150     4.5970     6.5696     82.312    205.302      7.904  0.000e+00
    172.750      6.287   4.396745     2.0688     1.0565      6.252    25.8499    30.1885    15.9369    15.9331    4953.48    35.1130     4.5834     6.5502     82.068    204.695      7.905  0.000e+00
    173.000      6.280   4.396655     2.0688     1.0387      6.246    25.8494    30.1881    15.9368    15.9329    4953.48    35.1123     4.5800     6.5452     82.006    204.542      7.906  0.000e+00
    173.250      6.293   4.396745     2.0684     1.0526      6.258    25.8504    30.1891    15.9364    15.9325    4953.48    35.1135     4.5783     6.5428     81.975    204.465      7.907  0.000e+00
    173.500      6.299   4.396711     2.0700     1.0506      6.264    25.8504    30.1890    15.9361    15.9323    4953.48    35.1134     4.5867     6.5549     82.127    204.844      7.908  0.000e+00
    173.750      6.311   4.396503     2.0708     1.0506      6.277    25.8492    30.1879    15.9359    15.9320    4953.47    35.1118     4.5945     6.5660     82.265    205.191      7.906  0.000e+00
    174.000      6.324   4.396261     2.0698     1.0526      6.289    25.8483    30.1870    15.9350    15.9311    4953.45    35.1104     4.5967     6.5691     82.301    205.287      7.908  0.000e+00
    174.250      6.324   4.396109     2.0702     1.0565      6.289    25.8487    30.1874    15.9334    15.9296    4953.44    35.1104     4.6024     6.5773     82.401    205.543      7.906  0.000e+00
    174.500      6.336   4.396047     2.0709     1.0466      6.301    25.8497    30.1884    15.9319    15.9280    4953.43    35.1112     4.6081     6.5855     82.502    205.799      7.907  0.000e+00
    174.750      6.361   4.396109     2.0719     0.9494      6.326    25.8514    30.1901    15.9305    15.9266    4953.42    35.1130     4.6138     6.5936     82.603    206.054      7.906  0.000e+00
    175.000      6.367   4.396075     2.0722     0.9613      6.332    25.8517    30.1905    15.9298    15.9260    4953.41    35.1133     4.6157     6.5964     82.636    206.139      7.907  0.000e+00
    175.250      6.373   4.395778     2.0720     0.9613      6.338    25.8499    30.1887    15.9296    15.9257    4953.40    35.1108     4.6149     6.5952     82.620    206.104      7.908  0.000e+00
    175.500      6.379   4.395674     2.0716     0.9474      6.344    25.8504    30.1892    15.9283    15.9244    4953.39    35.1111     4.6120     6.5911     82.566    205.974      7.907  0.000e+00
    175.750      6.379   4.395501     2.0711     0.9692      6.344    25.8505    30.1894    15.9268    15.9230    4953.38    35.1108     4.6098     6.5879     82.523    205.874      7.907  0.000e+00
    176.000      6.367   4.394900     2.0707     0.9692      6.332    25.8480    30.1869    15.9250    15.9212    4953.34    35.1071     4.6082     6.5855     82.489    205.801      7.905  0.000e+00
    176.250      6.367   4.394775     2.0709     0.9474      6.332    25.8500    30.1890    15.9219    15.9181    4953.32    35.1087     4.6072     6.5842     82.468    205.759      7.907  0.000e+00
    176.500      6.361   4.394478     2.0705     0.9573      6.326    25.8504    30.1894    15.9192    15.9154    4953.29    35.1085     4.6045     6.5804     82.416    205.639      7.907  0.000e+00
    176.750      6.355   4.394478     2.0702     1.0764      6.320    25.8529    30.1919    15.9165    15.9127    4953.27    35.1109     4.6025     6.5774     82.376    205.548      7.906  0.000e+00
    177.000      6.361   4.394478     2.0688     1.0883      6.326    25.8546    30.1937    15.9146    15.9108    4953.26    35.1125     4.5972     6.5698     82.279    205.310      7.907  0.000e+00
    177.250      6.342   4.394416     2.0719     1.0902      6.307    25.8550    30.1941    15.9137    15.9099    4953.25    35.1128     4.6086     6.5862     82.482    205.821      7.907  0.000e+00
    177.500      6.361   4.394568     2.0724     1.0843      6.326    25.8563    30.1954    15.9134    15.9096    4953.25    35.1144     4.6127     6.5921     82.556    206.005      7.907  0.000e+00
    177.750      6.348   4.394658     2.0751     1.0843      6.313    25.8572    30.1963    15.9130    15.9092    4953.25    35.1155     4.6249     6.6095     82.774    206.549      7.906  0.000e+00
    178.000      6.342   4.394623     2.0761     1.4017      6.307    25.8566    30.1956    15.9135    15.9097    4953.25    35.1148     4.6317     6.6192     82.896    206.851      7.907  0.000e+00
    178.250      6.349   4.394506     2.0744     1.3977      6.314    25.8552    30.1943    15.9141    15.9103    4953.25    35.1132     4.6276     6.6134     82.823    206.671      7.908  0.000e+00
    178.500      6.330   4.394478     2.0721     1.3878      6.295    25.8550    30.1940    15.9142    15.9104    4953.25    35.1129     4.6192     6.6014     82.673    206.295      7.905  0.000e+00
    178.750      6.324   4.394596     2.0713     1.3918      6.289    25.8561    30.1951    15.9139    15.9100    4953.25    35.1142     4.6141     6.5940     82.581    206.066      7.906  0.000e+00
    179.000      6.324   4.394568     2.0713     0.9673      6.289    25.8557    30.1947    15.9141    15.9103    4953.26    35.1138     4.6104     6.5888     82.516    205.902      7.908  0.000e+00
    179.250      6.305   4.394686     2.0706     0.9554      6.271    25.8562    30.1952    15.9144    15.9106    4953.26    35.1145     4.6030     6.5781     82.383    205.568      7.908  0.000e+00
    179.500      6.311   4.394928     2.0688     0.9692      6.277    25.8576    30.1966    15.9148    15.9109    4953.27    35.1164     4.5931     6.5640     82.208    205.128      7.905  0.000e+00
    179.750      6.305   4.395197     2.0668     0.9613      6.271    25.8581    30.1971    15.9162    15.9124    4953.29    35.1175     4.5822     6.5484     82.016    204.642      7.906  0.000e+00
    180.000      6.299   4.395017     2.0654     0.9871      6.264    25.8554    30.1944    15.9178    15.9140    4953.29    35.1145     4.5758     6.5393     81.902    204.355      7.905  0.000e+00
    180.250      6.305   4.395017     2.0633     0.9930      6.271    25.8546    30.1936    15.9187    15.9149    4953.30    35.1137     4.5689     6.5294     81.780    204.047      7.905  0.000e+00
    180.500      6.324   4.394990     2.0616     0.9752      6.289    25.8542    30.1932    15.9189    15.9150    4953.30    35.1133     4.5627     6.5206     81.669    203.771      7.906  0.000e+00
