cruises/baja2025/cnv/20250429.cnv
* Sea-Bird SBE19plus Data File:
* FileName = C:\Users\ScienceTech\OneDrive - Western Flyer Foundation\Documents\Profiling CTD\20250429_Mulege_cast1.hex
* Software Version 1.59
* Temperature SN =  8289
* Conductivity SN =  8289
* System UpLoad Time = Apr 30 2025 09:07:20
** Resampling Cayuse GG-103 ("Mulege")
** SB Cast 29
** WF Cast 14
# nquan = 18
# nvalues = 5721                                  
# units = specified
# name 0 = timeS: Time, Elapsed [seconds]
# name 1 = prdM: Pressure, Strain Gauge [db]
# name 2 = c0S/m: Conductivity [S/m]
# name 3 = sbeox0V: Oxygen raw, SBE 43 [V]
# name 4 = flECO-AFL: Fluorescence, WET Labs ECO-AFL/FL [mg/m^3]
# name 5 = depSM: Depth [salt water, m], lat = 0.00
# name 6 = sigma-t00: Density [sigma-t, kg/m^3 ]
# name 7 = sigma-100: Density [sigma-1, kg/m^3 ]
# name 8 = tv268C: Temperature [IPTS-68, deg C]
# name 9 = tv290C: Temperature [ITS-90, deg C]
# name 10 = svCF: Sound Velocity [Chen-Millero, ft/s]
# name 11 = sal00: Salinity, Practical [PSU]
# name 12 = sbeox0ML/L: Oxygen, SBE 43 [ml/l]
# name 13 = sbeox0Mg/L: Oxygen, SBE 43 [mg/l]
# name 14 = sbeox0PS: Oxygen, SBE 43 [% saturation]
# name 15 = sbeox0Mm/L: Oxygen, SBE 43 [umol/l]
# name 16 = ph: pH
# name 17 = flag:  0.000e+00
# span 0 =      0.000,   1430.000                 
# span 1 =     -0.134,    335.360                 
# span 2 =   0.000305,   5.067635                 
# span 3 =     0.5672,     3.1733                 
# span 4 =    -0.1694,   128.6979                 
# span 5 =     -0.133,    333.247                 
# span 6 =    -2.4035,    26.5530                 
# span 7 =     2.0451,    30.9923                 
# span 8 =    11.1998,    22.8042                 
# span 9 =    11.1971,    22.7988                 
# span 10 =    4877.74,    5011.38                
# span 11 =     0.0114,    35.8293                
# span 12 =     0.1234,     7.4792                
# span 13 =     0.1763,    10.6885                
# span 14 =      2.001,    140.986                
# span 15 =      5.509,    334.022                
# span 16 =      7.343,      8.215                
# span 17 = 0.0000e+00, 0.0000e+00                
# interval = seconds: 0.25
# start_time = Apr 29 2025 17:52:47 [Instrument's time stamp, header]
# bad_flag = -9.990e-29
*END*
[from data line 965]
    241.250      6.243   5.021134     3.0019    -0.0147      6.209    24.7126    28.9573    21.6203    21.6151    5008.26    35.5096     6.5469     9.3561    130.652    292.383      8.210  0.000e+00
    241.500      6.287   5.020009     3.0010    -0.0166      6.252    24.7041    28.9488    21.6222    21.6170    5008.24    35.4991     6.5461     9.3550    130.633    292.348      8.208  0.000e+00
    241.750      6.324   5.019125     3.0000    -0.0325      6.289    24.7004    28.9452    21.6203    21.6151    5008.20    35.4936     6.5449     9.3533    130.600    292.294      8.207  0.000e+00
    242.000      6.367   5.018401     2.9984    -0.0047      6.332    24.7016    28.9465    21.6141    21.6089    5008.15    35.4929     6.5411     9.3479    130.510    292.126      8.209  0.000e+00
    242.250      6.417   5.018109     2.9981     0.0032      6.381    24.7057    28.9507    21.6077    21.6025    5008.11    35.4959     6.5405     9.3470    130.485    292.099      8.207  0.000e+00
    242.500      6.441   5.018007     2.9992     0.0171      6.406    24.7104    28.9554    21.6018    21.5966    5008.07    35.4999     6.5426     9.3501    130.517    292.194      8.209  0.000e+00
    242.750      6.454   5.018007     3.0033    -0.0008      6.418    24.7135    28.9586    21.5983    21.5932    5008.05    35.5028     6.5562     9.3694    130.781    292.798      8.210  0.000e+00
    243.000      6.454   5.018109     3.0030    -0.0305      6.418    24.7161    28.9612    21.5962    21.5910    5008.04    35.5054     6.5581     9.3722    130.816    292.884      8.207  0.000e+00
    243.250      6.410   5.018270     3.0032    -0.0305      6.375    24.7177    28.9628    21.5955    21.5903    5008.04    35.5072     6.5613     9.3768    130.881    293.030      8.211  0.000e+00
    243.500      6.373   5.018533     3.0033    -0.0206      6.338    24.7186    28.9637    21.5962    21.5911    5008.05    35.5087     6.5635     9.3798    130.926    293.124      8.209  0.000e+00
    243.750      6.336   5.018891     3.0020    -0.0166      6.301    24.7201    28.9651    21.5970    21.5919    5008.07    35.5109     6.5603     9.3753    130.866    292.983      8.209  0.000e+00
    244.000      6.305   5.019220     3.0041    -0.0206      6.270    24.7200    28.9650    21.5993    21.5941    5008.09    35.5116     6.5665     9.3842    130.996    293.259      8.210  0.000e+00
    244.250      6.299   5.019549     3.0046     0.0091      6.264    24.7196    28.9645    21.6020    21.5968    5008.11    35.5120     6.5667     9.3845    131.007    293.270      8.208  0.000e+00
    244.500      6.299   5.019877     3.0040     0.0072      6.265    24.7188    28.9637    21.6051    21.5999    5008.14    35.5121     6.5626     9.3787    130.933    293.088      8.207  0.000e+00
    244.750      6.318   5.019417     3.0012     0.0072      6.283    24.7132    28.9581    21.6082    21.6030    5008.14    35.5059     6.5513     9.3624    130.709    292.580      8.208  0.000e+00
    245.000      6.349   5.018599     3.0016     0.0250      6.314    24.7078    28.9527    21.6087    21.6035    5008.12    35.4990     6.5519     9.3633    130.717    292.608      8.209  0.000e+00
    245.250      6.355   5.018401     3.0009    -0.0008      6.320    24.7092    28.9542    21.6058    21.6006    5008.10    35.4998     6.5490     9.3592    130.653    292.478      8.209  0.000e+00
    245.500      6.380   5.018599     2.9991     0.0171      6.345    24.7133    28.9583    21.6025    21.5973    5008.09    35.5040     6.5429     9.3504    130.526    292.204      8.211  0.000e+00
    245.750      6.374   5.018599     3.0011     0.0171      6.338    24.7150    28.9600    21.6007    21.5955    5008.08    35.5055     6.5483     9.3582    130.632    292.447      8.209  0.000e+00
    246.000      6.398   5.018504     3.0014     0.0171      6.363    24.7147    28.9598    21.6003    21.5951    5008.08    35.5051     6.5488     9.3588    130.640    292.468      8.207  0.000e+00
    246.250      6.386   5.018504     3.0016     0.0012      6.351    24.7151    28.9601    21.5999    21.5947    5008.07    35.5054     6.5507     9.3616    130.678    292.555      8.207  0.000e+00
    246.500      6.374   5.018504     3.0026    -0.0127      6.339    24.7155    28.9605    21.5995    21.5943    5008.07    35.5058     6.5560     9.3691    130.782    292.789      8.209  0.000e+00
    246.750      6.380   5.018467     3.0009     0.0171      6.345    24.7154    28.9605    21.5993    21.5941    5008.07    35.5056     6.5530     9.3649    130.722    292.657      8.211  0.000e+00
    247.000      6.361   5.018570     2.9991     0.0111      6.326    24.7162    28.9613    21.5991    21.5939    5008.07    35.5066     6.5470     9.3563    130.602    292.387      8.208  0.000e+00
    247.250      6.349   5.018562     2.9964    -0.0365      6.314    24.7161    28.9611    21.5992    21.5940    5008.07    35.5065     6.5378     9.3432    130.419    291.978      8.209  0.000e+00
    247.500      6.343   5.018533     2.9951    -0.0246      6.308    24.7160    28.9610    21.5991    21.5939    5008.07    35.5063     6.5315     9.3342    130.293    291.697      8.209  0.000e+00
    247.750      6.324   5.018825     2.9980    -0.0365      6.289    24.7177    28.9627    21.5992    21.5940    5008.08    35.5086     6.5376     9.3429    130.418    291.971      8.208  0.000e+00
    248.000      6.318   5.019023     3.0006    -0.0246      6.283    24.7178    28.9628    21.6004    21.5952    5008.09    35.5092     6.5462     9.3552    130.592    292.354      8.211  0.000e+00
    248.250      6.318   5.019125     3.0028    -0.0166      6.283    24.7171    28.9620    21.6019    21.5967    5008.10    35.5087     6.5551     9.3679    130.773    292.752      8.209  0.000e+00
    248.500      6.311   5.019125     3.0031    -0.0325      6.277    24.7157    28.9607    21.6034    21.5982    5008.11    35.5075     6.5589     9.3733    130.851    292.921      8.207  0.000e+00
    248.750      6.299   5.019125     3.0041    -0.0246      6.264    24.7147    28.9597    21.6045    21.5993    5008.11    35.5066     6.5660     9.3835    130.995    293.239      8.210  0.000e+00
    249.000      6.287   5.019088     3.0049    -0.0305      6.252    24.7141    28.9590    21.6050    21.5998    5008.11    35.5059     6.5715     9.3913    131.104    293.481      8.206  0.000e+00
    249.250      6.287   5.019059     3.0050    -0.0246      6.252    24.7138    28.9588    21.6051    21.5999    5008.11    35.5056     6.5733     9.3939    131.140    293.563      8.207  0.000e+00
    249.500      6.280   5.019022     3.0054     0.0349      6.246    24.7139    28.9588    21.6048    21.5996    5008.11    35.5056     6.5734     9.3941    131.142    293.568      8.207  0.000e+00
    249.750      6.287   5.019191     3.0029     0.0409      6.252    24.7151    28.9600    21.6046    21.5994    5008.11    35.5071     6.5623     9.3782    130.922    293.074      8.207  0.000e+00
    250.000      6.293   5.019351     3.0009     0.0488      6.258    24.7158    28.9607    21.6049    21.5997    5008.12    35.5081     6.5520     9.3635    130.717    292.613      8.206  0.000e+00
    250.250      6.324   5.018862     2.9991     0.0508      6.289    24.7121    28.9570    21.6057    21.6005    5008.11    35.5035     6.5431     9.3508    130.539    292.217      8.210  0.000e+00
    250.500      6.349   5.018270     3.0009    -0.0365      6.314    24.7091    28.9541    21.6050    21.5998    5008.09    35.4994     6.5466     9.3557    130.602    292.369      8.211  0.000e+00
    250.750      6.392   5.018007     3.0044    -0.0385      6.357    24.7099    28.9550    21.6023    21.5971    5008.07    35.4995     6.5574     9.3712    130.813    292.855      8.207  0.000e+00
    251.000      6.423   5.017941     3.0067    -0.0226      6.388    24.7126    28.9576    21.5989    21.5937    5008.05    35.5018     6.5665     9.3842    130.988    293.261      8.208  0.000e+00
    251.250      6.448   5.017876     3.0070    -0.0365      6.412    24.7145    28.9596    21.5963    21.5912    5008.04    35.5034     6.5711     9.3907    131.074    293.463      8.210  0.000e+00
    251.500      6.448   5.018007     3.0086     0.0012      6.412    24.7166    28.9617    21.5950    21.5898    5008.03    35.5055     6.5793     9.4025    131.236    293.831      8.207  0.000e+00
    251.750      6.423   5.018073     3.0088     0.0091      6.388    24.7173    28.9624    21.5946    21.5894    5008.03    35.5064     6.5834     9.4084    131.319    294.016      8.210  0.000e+00
    252.000      6.392   5.018372     3.0066     0.0012      6.357    24.7192    28.9642    21.5946    21.5894    5008.04    35.5088     6.5777     9.4002    131.206    293.759      8.209  0.000e+00
    252.250      6.343   5.018599     3.0028    -0.0008      6.308    24.7192    28.9642    21.5961    21.5909    5008.05    35.5094     6.5636     9.3800    130.929    293.130      8.207  0.000e+00
    252.500      6.312   5.018876     3.0007     0.0032      6.277    24.7194    28.9644    21.5977    21.5926    5008.07    35.5102     6.5510     9.3620    130.682    292.567      8.210  0.000e+00
    252.750      6.281   5.019088     2.9970     0.0032      6.246    24.7189    28.9639    21.5996    21.5944    5008.08    35.5104     6.5330     9.3364    130.328    291.765      8.207  0.000e+00
    253.000      6.262   5.019286     2.9953     0.0171      6.228    24.7180    28.9629    21.6020    21.5968    5008.10    35.5100     6.5227     9.3215    130.126    291.302      8.210  0.000e+00
    253.250      6.281   5.019549     2.9950     0.0032      6.246    24.7175    28.9624    21.6043    21.5991    5008.12    35.5102     6.5187     9.3158    130.052    291.123      8.209  0.000e+00
    253.500      6.299   5.019191     2.9959    -0.0067      6.265    24.7136    28.9585    21.6062    21.6010    5008.12    35.5057     6.5206     9.3186    130.091    291.209      8.207  0.000e+00
    253.750      6.324   5.018730     2.9968    -0.0226      6.289    24.7105    28.9554    21.6066    21.6014    5008.11    35.5017     6.5260     9.3262    130.197    291.449      8.209  0.000e+00
    254.000      6.374   5.018138     2.9992    -0.0147      6.339    24.7085    28.9535    21.6048    21.5996    5008.09    35.4985     6.5386     9.3443    130.442    292.014      8.209  0.000e+00
    254.250      6.436   5.017846     2.9984    -0.0166      6.400    24.7095    28.9545    21.6017    21.5965    5008.07    35.4987     6.5423     9.3497    130.510    292.181      8.209  0.000e+00
    254.500      6.461   5.017649     2.9966    -0.0305      6.425    24.7115    28.9566    21.5981    21.5930    5008.04    35.5001     6.5407     9.3473    130.470    292.108      8.209  0.000e+00
    254.750      6.473   5.017678     2.9970     0.0091      6.437    24.7142    28.9593    21.5954    21.5902    5008.03    35.5026     6.5444     9.3526    130.538    292.271      8.210  0.000e+00
    255.000      6.485   5.017547     3.0005    -0.0087      6.449    24.7152    28.9604    21.5934    21.5882    5008.01    35.5032     6.5562     9.3694    130.769    292.798      8.209  0.000e+00
    255.250      6.467   5.017649     3.0008     0.0111      6.431    24.7169    28.9621    21.5922    21.5870    5008.01    35.5050     6.5577     9.3717    130.800    292.869      8.208  0.000e+00
    255.500      6.436   5.017876     3.0031     0.0230      6.400    24.7190    28.9642    21.5914    21.5862    5008.01    35.5075     6.5651     9.3821    130.946    293.196      8.207  0.000e+00
    255.750      6.386   5.018073     3.0035     0.0012      6.351    24.7198    28.9649    21.5919    21.5867    5008.02    35.5086     6.5664     9.3841    130.975    293.257      8.211  0.000e+00
    256.000      6.336   5.018372     3.0043     0.0012      6.301    24.7205    28.9656    21.5931    21.5879    5008.03    35.5100     6.5692     9.3880    131.034    293.380      8.211  0.000e+00
    256.250      6.293   5.018665     3.0064     0.0012      6.258    24.7204    28.9655    21.5952    21.5900    5008.05    35.5107     6.5769     9.3990    131.193    293.724      8.209  0.000e+00
    256.500      6.268   5.018862     3.0057     0.0111      6.234    24.7195    28.9645    21.5975    21.5924    5008.06    35.5103     6.5756     9.3972    131.173    293.667      8.210  0.000e+00
    256.750      6.268   5.019125     3.0067     0.0091      6.234    24.7190    28.9640    21.5998    21.5946    5008.08    35.5105     6.5768     9.3989    131.202    293.720      8.210  0.000e+00
    257.000      6.293   5.018957     3.0057    -0.0008      6.258    24.7157    28.9607    21.6023    21.5971    5008.09    35.5071     6.5711     9.3908    131.092    293.466      8.206  0.000e+00
    257.250      6.324   5.018307     3.0040     0.0091      6.289    24.7111    28.9561    21.6030    21.5978    5008.08    35.5013     6.5640     9.3806    130.947    293.148      8.207  0.000e+00
    257.500      6.386   5.018073     3.0053    -0.0047      6.351    24.7111    28.9562    21.6014    21.5962    5008.07    35.5008     6.5655     9.3828    130.973    293.217      8.208  0.000e+00
    257.750      6.411   5.017715     3.0069     0.0012      6.375    24.7115    28.9566    21.5986    21.5935    5008.04    35.5002     6.5700     9.3892    131.055    293.415      8.207  0.000e+00
    258.000      6.423   5.017518     3.0079     0.1123      6.388    24.7127    28.9578    21.5960    21.5908    5008.02    35.5008     6.5730     9.3935    131.109    293.550      8.208  0.000e+00
    258.250      6.411   5.017715     3.0083     0.1460      6.375    24.7164    28.9616    21.5932    21.5880    5008.01    35.5047     6.5747     9.3959    131.140    293.626      8.211  0.000e+00
    258.500      6.380   5.017978     3.0072     0.1301      6.344    24.7188    28.9640    21.5923    21.5871    5008.01    35.5076     6.5721     9.3923    131.089    293.512      8.208  0.000e+00
    258.750      6.342   5.018270     3.0063     0.1341      6.307    24.7200    28.9651    21.5930    21.5878    5008.02    35.5093     6.5690     9.3877    131.029    293.370      8.211  0.000e+00
    259.000      6.281   5.018438     3.0058    -0.0285      6.246    24.7198    28.9648    21.5944    21.5892    5008.03    35.5095     6.5673     9.3853    130.999    293.296      8.207  0.000e+00
    259.250      6.244   5.018599     3.0073    -0.0246      6.209    24.7191    28.9642    21.5962    21.5910    5008.05    35.5093     6.5710     9.3906    131.076    293.459      8.206  0.000e+00
    259.500      6.237   5.018694     3.0070    -0.0226      6.203    24.7180    28.9630    21.5980    21.5929    5008.06    35.5085     6.5683     9.3868    131.027    293.342      8.209  0.000e+00
    259.750      6.244   5.018891     3.0074    -0.0226      6.209    24.7179    28.9629    21.5994    21.5942    5008.07    35.5090     6.5685     9.3871    131.035    293.350      8.209  0.000e+00
    260.000      6.268   5.018825     3.0086    -0.0305      6.234    24.7163    28.9613    21.6008    21.5956    5008.08    35.5073     6.5724     9.3926    131.113    293.522      8.207  0.000e+00
    260.250      6.312   5.018467     3.0079    -0.0325      6.277    24.7135    28.9586    21.6014    21.5962    5008.08    35.5039     6.5712     9.3908    131.088    293.468      8.207  0.000e+00
    260.500      6.355   5.018175     3.0089    -0.0226      6.320    24.7121    28.9572    21.6010    21.5958    5008.07    35.5019     6.5758     9.3975    131.179    293.676      8.207  0.000e+00
    260.750      6.405   5.018131     3.0068    -0.0325      6.369    24.7135    28.9585    21.5992    21.5940    5008.06    35.5030     6.5699     9.3891    131.058    293.413      8.214  0.000e+00
    261.000      6.429   5.017810     3.0035    -0.0246      6.394    24.7128    28.9579    21.5978    21.5927    5008.04    35.5016     6.5586     9.3728    130.827    292.905      8.212  0.000e+00
