cruises/baja2025/cnv/20250504_cast3.cnv
* Sea-Bird SBE19plus Data File:
* FileName = C:\Users\ScienceTech\OneDrive - Western Flyer Foundation\Desktop\ProfilingCTD\data\Leg 3\20250504_PP300_cast1.hex
* Software Version 1.59
* Temperature SN =  8289
* Conductivity SN =  8289
* System UpLoad Time = May 04 2025 19:30:24
** start 2046Z
** PP300
** 27-31.09N
** 112-18.69
** depth 366
# nquan = 18
# nvalues = 6113                                  
# units = specified
# name 0 = timeS: Time, Elapsed [seconds]
# name 1 = prdM: Pressure, Strain Gauge [db]
# name 2 = c0S/m: Conductivity [S/m]
# name 3 = sbeox0V: Oxygen raw, SBE 43 [V]
# name 4 = flECO-AFL: Fluorescence, WET Labs ECO-AFL/FL [mg/m^3]
# name 5 = depSM: Depth [salt water, m], lat = 0.00
# name 6 = sigma-t00: Density [sigma-t, kg/m^3 ]
# name 7 = sigma-100: Density [sigma-1, kg/m^3 ]
# name 8 = tv268C: Temperature [IPTS-68, deg C]
# name 9 = tv290C: Temperature [ITS-90, deg C]
# name 10 = svCF: Sound Velocity [Chen-Millero, ft/s]
# name 11 = sal00: Salinity, Practical [PSU]
# name 12 = sbeox0ML/L: Oxygen, SBE 43 [ml/l]
# name 13 = sbeox0Mg/L: Oxygen, SBE 43 [mg/l]
# name 14 = sbeox0PS: Oxygen, SBE 43 [% saturation]
# name 15 = sbeox0Mm/L: Oxygen, SBE 43 [umol/l]
# name 16 = ph: pH
# name 17 = flag:  0.000e+00
# span 0 =      0.000,   1528.000                 
# span 1 =     -0.207,    357.615                 
# span 2 =   0.041140,   4.922423                 
# span 3 =     0.8460,     2.9791                 
# span 4 =    -0.1734,   128.7535                 
# span 5 =     -0.206,    355.343                 
# span 6 =    -3.2147,    26.5546                 
# span 7 =     1.1726,    30.9881                 
# span 8 =    11.5260,    26.5501                 
# span 9 =    11.5233,    26.5438                 
# span 10 =    4860.84,    5010.09                
# span 11 =     0.1926,    36.4074                
# span 12 =     1.0768,     7.4316                
# span 13 =     1.5388,    10.6205                
# span 14 =     17.607,    130.889                
# span 15 =     48.089,    331.895                
# span 16 =      6.884,      8.540                
# span 17 = 0.0000e+00, 0.0000e+00                
# interval = seconds: 0.25
# start_time = May 04 2025 13:45:34 [Instrument's time stamp, header]
# bad_flag = -9.990e-29
*END*
[from data line 4423]
   1105.750    254.496   4.012893     0.9709    -0.0682    252.942    26.4694    30.8879    12.1466    12.1437    4925.77    34.8814     1.4835     2.1201     24.571     66.255      7.732  0.000e+00
   1106.000    254.248   4.012893     0.9715    -0.0722    252.696    26.4695    30.8879    12.1466    12.1437    4925.76    34.8815     1.4858     2.1234     24.608     66.356      7.728  0.000e+00
   1106.250    254.037   4.012866     0.9717    -0.0444    252.486    26.4696    30.8880    12.1464    12.1435    4925.75    34.8816     1.4882     2.1268     24.647     66.462      7.730  0.000e+00
   1106.500    253.839   4.012893     0.9717    -0.0702    252.289    26.4697    30.8880    12.1466    12.1437    4925.74    34.8817     1.4881     2.1267     24.647     66.460      7.732  0.000e+00
   1106.750    253.715   4.012893     0.9715    -0.0643    252.166    26.4698    30.8882    12.1465    12.1436    4925.73    34.8818     1.4883     2.1270     24.650     66.469      7.729  0.000e+00
   1107.000    253.616   4.012920     0.9721    -0.0702    252.068    26.4699    30.8883    12.1466    12.1437    4925.73    34.8821     1.4903     2.1297     24.682     66.555      7.729  0.000e+00
   1107.250    253.529   4.012893     0.9715    -0.0643    251.982    26.4697    30.8881    12.1467    12.1438    4925.72    34.8818     1.4872     2.1254     24.631     66.418      7.730  0.000e+00
   1107.500    253.442   4.012860     0.9723    -0.0643    251.896    26.4695    30.8879    12.1467    12.1438    4925.72    34.8815     1.4902     2.1296     24.681     66.551      7.731  0.000e+00
   1107.750    253.319   4.012859     0.9718    -0.0643    251.773    26.4694    30.8878    12.1468    12.1439    4925.71    34.8814     1.4867     2.1247     24.623     66.396      7.728  0.000e+00
   1108.000    253.164   4.012813     0.9720    -0.0702    251.619    26.4692    30.8876    12.1467    12.1438    4925.70    34.8811     1.4867     2.1247     24.624     66.398      7.731  0.000e+00
   1108.250    252.996   4.012806     0.9723    -0.0643    251.453    26.4692    30.8876    12.1467    12.1438    4925.69    34.8811     1.4880     2.1264     24.644     66.452      7.731  0.000e+00
   1108.500    252.829   4.012833     0.9709    -0.0861    251.286    26.4697    30.8880    12.1465    12.1436    4925.68    34.8817     1.4819     2.1178     24.544     66.182      7.730  0.000e+00
   1108.750    252.662   4.012893     0.9719    -0.0682    251.120    26.4700    30.8884    12.1466    12.1437    4925.68    34.8822     1.4852     2.1225     24.598     66.330      7.729  0.000e+00
   1109.000    252.488   4.012919     0.9714    -0.0603    250.948    26.4702    30.8886    12.1467    12.1438    4925.67    34.8825     1.4825     2.1186     24.553     66.206      7.727  0.000e+00
   1109.250    252.346   4.012919     0.9705    -0.0643    250.806    26.4700    30.8884    12.1470    12.1441    4925.66    34.8823     1.4785     2.1130     24.488     66.031      7.728  0.000e+00
   1109.500    252.209   4.012952     0.9717    -0.0643    250.671    26.4700    30.8883    12.1473    12.1444    4925.66    34.8823     1.4823     2.1183     24.550     66.198      7.733  0.000e+00
   1109.750    252.061   4.013006     0.9708    -0.0702    250.523    26.4702    30.8885    12.1476    12.1447    4925.66    34.8826     1.4794     2.1142     24.503     66.071      7.730  0.000e+00
   1110.000    251.943   4.013259     0.9707    -0.0722    250.406    26.4720    30.8903    12.1478    12.1449    4925.66    34.8850     1.4783     2.1127     24.486     66.023      7.731  0.000e+00
   1110.250    251.831   4.013465     0.9712    -0.0702    250.295    26.4725    30.8908    12.1489    12.1460    4925.67    34.8860     1.4808     2.1163     24.528     66.134      7.729  0.000e+00
   1110.500    251.708   4.013485     0.9715    -0.0702    250.172    26.4712    30.8894    12.1506    12.1477    4925.68    34.8847     1.4832     2.1197     24.568     66.242      7.731  0.000e+00
   1110.750    251.590   4.013511     0.9704    -0.0702    250.056    26.4703    30.8885    12.1518    12.1489    4925.68    34.8838     1.4783     2.1126     24.487     66.020      7.730  0.000e+00
   1111.000    251.466   4.013411     0.9715    -0.0643    249.933    26.4689    30.8871    12.1526    12.1497    4925.68    34.8822     1.4834     2.1199     24.571     66.248      7.731  0.000e+00
   1111.250    251.348   4.013312     0.9706    -0.0781    249.816    26.4681    30.8863    12.1527    12.1498    4925.67    34.8812     1.4805     2.1157     24.523     66.117      7.729  0.000e+00
   1111.500    251.194   4.013398     0.9709    -0.0682    249.662    26.4690    30.8872    12.1525    12.1496    4925.66    34.8823     1.4804     2.1156     24.521     66.113      7.730  0.000e+00
   1111.750    251.026   4.013271     0.9719    -0.0722    249.495    26.4682    30.8864    12.1523    12.1494    4925.65    34.8813     1.4860     2.1236     24.614     66.363      7.730  0.000e+00
   1112.000    250.822   4.013231     0.9717    -0.0643    249.292    26.4680    30.8862    12.1523    12.1494    4925.64    34.8810     1.4856     2.1231     24.608     66.347      7.730  0.000e+00
   1112.250    250.630   4.013171     0.9718    -0.0781    249.102    26.4681    30.8863    12.1518    12.1489    4925.62    34.8809     1.4863     2.1240     24.618     66.376      7.728  0.000e+00
   1112.500    250.431   4.013005     0.9721    -0.0801    248.905    26.4673    30.8855    12.1514    12.1485    4925.60    34.8798     1.4879     2.1264     24.645     66.450      7.729  0.000e+00
   1112.750    250.227   4.012858     0.9720    -0.0603    248.702    26.4671    30.8853    12.1504    12.1475    4925.58    34.8793     1.4885     2.1272     24.655     66.477      7.731  0.000e+00
   1113.000    250.041   4.012778     0.9719    -0.0722    248.517    26.4675    30.8857    12.1494    12.1465    4925.56    34.8796     1.4873     2.1255     24.634     66.423      7.733  0.000e+00
   1113.250    249.849   4.012678     0.9718    -0.0722    248.326    26.4678    30.8860    12.1483    12.1454    4925.53    34.8797     1.4868     2.1248     24.625     66.401      7.731  0.000e+00
   1113.500    249.694   4.012578     0.9714    -0.0702    248.172    26.4678    30.8861    12.1476    12.1446    4925.52    34.8795     1.4837     2.1204     24.574     66.264      7.730  0.000e+00
   1113.750    249.558   4.012545     0.9722    -0.0781    248.037    26.4684    30.8867    12.1467    12.1438    4925.50    34.8801     1.4859     2.1235     24.609     66.360      7.729  0.000e+00
   1114.000    249.421   4.012512     0.9723    -0.0623    247.901    26.4688    30.8871    12.1460    12.1431    4925.49    34.8804     1.4867     2.1247     24.623     66.397      7.730  0.000e+00
   1114.250    249.279   4.012518     0.9725    -0.0543    247.760    26.4694    30.8877    12.1455    12.1425    4925.48    34.8811     1.4875     2.1258     24.636     66.434      7.731  0.000e+00
   1114.500    249.136   4.012518     0.9733    -0.0603    247.618    26.4698    30.8881    12.1451    12.1422    4925.47    34.8815     1.4916     2.1317     24.704     66.617      7.729  0.000e+00
   1114.750    248.975   4.012518     0.9726    -0.0643    247.458    26.4698    30.8881    12.1452    12.1423    4925.46    34.8815     1.4897     2.1289     24.672     66.531      7.731  0.000e+00
   1115.000    248.789   4.012458     0.9728    -0.0722    247.274    26.4694    30.8877    12.1452    12.1423    4925.45    34.8810     1.4909     2.1306     24.691     66.582      7.731  0.000e+00
   1115.250    248.604   4.012465     0.9724    -0.0643    247.089    26.4698    30.8880    12.1449    12.1420    4925.43    34.8814     1.4888     2.1276     24.657     66.490      7.731  0.000e+00
   1115.500    248.424   4.012431     0.9727    -0.0702    246.911    26.4698    30.8881    12.1447    12.1417    4925.42    34.8814     1.4893     2.1284     24.665     66.512      7.732  0.000e+00
   1115.750    248.275   4.012431     0.9723    -0.0682    246.763    26.4698    30.8881    12.1447    12.1417    4925.41    34.8814     1.4862     2.1239     24.614     66.374      7.732  0.000e+00
   1116.000    248.114   4.012465     0.9715    -0.0603    246.603    26.4703    30.8886    12.1444    12.1415    4925.41    34.8820     1.4819     2.1178     24.543     66.182      7.733  0.000e+00
   1116.250    248.003   4.012465     0.9722    -0.0781    246.492    26.4702    30.8885    12.1446    12.1417    4925.40    34.8819     1.4833     2.1197     24.565     66.243      7.729  0.000e+00
   1116.500    247.891   4.012484     0.9722    -0.0643    246.381    26.4703    30.8886    12.1447    12.1417    4925.40    34.8821     1.4832     2.1196     24.564     66.239      7.728  0.000e+00
   1116.750    247.773   4.012491     0.9725    -0.0543    246.265    26.4702    30.8885    12.1449    12.1420    4925.39    34.8820     1.4852     2.1225     24.597     66.328      7.732  0.000e+00
   1117.000    247.649   4.012578     0.9714    -0.0524    246.141    26.4707    30.8889    12.1452    12.1423    4925.39    34.8826     1.4808     2.1162     24.525     66.132      7.733  0.000e+00
   1117.250    247.513   4.012677     0.9723    -0.0722    246.006    26.4713    30.8895    12.1454    12.1425    4925.39    34.8835     1.4848     2.1220     24.592     66.313      7.731  0.000e+00
   1117.500    247.340   4.012717     0.9727    -0.0702    245.834    26.4711    30.8893    12.1460    12.1430    4925.39    34.8834     1.4870     2.1251     24.628     66.410      7.731  0.000e+00
   1117.750    247.172   4.012691     0.9715    -0.0702    245.667    26.4704    30.8886    12.1465    12.1436    4925.38    34.8827     1.4831     2.1195     24.563     66.234      7.731  0.000e+00
   1118.000    246.986   4.012704     0.9709    -0.0643    245.483    26.4701    30.8882    12.1471    12.1442    4925.38    34.8823     1.4800     2.1151     24.512     66.096      7.730  0.000e+00
   1118.250    246.813   4.012717     0.9714    -0.0643    245.310    26.4701    30.8883    12.1473    12.1444    4925.37    34.8824     1.4803     2.1155     24.518     66.111      7.733  0.000e+00
   1118.500    246.609   4.012717     0.9713    -0.0781    245.107    26.4700    30.8881    12.1475    12.1446    4925.36    34.8823     1.4797     2.1147     24.508     66.084      7.731  0.000e+00
   1118.750    246.398   4.012784     0.9708    -0.0623    244.898    26.4702    30.8883    12.1478    12.1449    4925.35    34.8827     1.4773     2.1112     24.468     65.975      7.731  0.000e+00
   1119.000    246.169   4.012857     0.9711    -0.0623    244.670    26.4704    30.8886    12.1483    12.1454    4925.35    34.8831     1.4788     2.1133     24.493     66.042      7.731  0.000e+00
   1119.250    245.958   4.012890     0.9719    -0.0762    244.461    26.4704    30.8885    12.1486    12.1457    4925.34    34.8832     1.4819     2.1178     24.545     66.182      7.730  0.000e+00
   1119.500    245.760   4.012837     0.9715    -0.0643    244.264    26.4697    30.8878    12.1491    12.1462    4925.33    34.8823     1.4813     2.1170     24.536     66.156      7.732  0.000e+00
   1119.750    245.580   4.012890     0.9725    -0.0702    244.086    26.4701    30.8882    12.1491    12.1462    4925.32    34.8829     1.4876     2.1259     24.640     66.437      7.733  0.000e+00
   1120.000    245.456   4.013003     0.9720    -0.0603    243.962    26.4706    30.8887    12.1496    12.1467    4925.33    34.8836     1.4869     2.1249     24.628     66.403      7.732  0.000e+00
   1120.250    245.344   4.013109     0.9728    -0.0682    243.852    26.4709    30.8890    12.1501    12.1472    4925.33    34.8842     1.4904     2.1300     24.687     66.562      7.730  0.000e+00
   1120.500    245.239   4.013143     0.9730    -0.0702    243.747    26.4704    30.8884    12.1510    12.1481    4925.33    34.8837     1.4920     2.1322     24.713     66.631      7.732  0.000e+00
   1120.750    245.165   4.013143     0.9733    -0.0722    243.673    26.4699    30.8879    12.1516    12.1487    4925.33    34.8832     1.4938     2.1348     24.744     66.714      7.731  0.000e+00
   1121.000    245.072   4.013256     0.9723    -0.0702    243.581    26.4702    30.8882    12.1522    12.1493    4925.33    34.8838     1.4888     2.1276     24.660     66.488      7.730  0.000e+00
   1121.250    244.942   4.013216     0.9726    -0.0623    243.452    26.4695    30.8875    12.1527    12.1498    4925.33    34.8830     1.4884     2.1271     24.655     66.473      7.732  0.000e+00
   1121.500    244.806   4.013229     0.9728    -0.0801    243.316    26.4692    30.8872    12.1532    12.1503    4925.33    34.8827     1.4885     2.1273     24.657     66.478      7.730  0.000e+00
   1121.750    244.638   4.013282     0.9738    -0.0702    243.150    26.4695    30.8875    12.1533    12.1504    4925.32    34.8832     1.4917     2.1318     24.710     66.620      7.733  0.000e+00
   1122.000    244.452   4.013269     0.9738    -0.0702    242.966    26.4691    30.8871    12.1537    12.1508    4925.31    34.8828     1.4924     2.1327     24.720     66.648      7.733  0.000e+00
   1122.250    244.248   4.013256     0.9728    -0.0920    242.763    26.4688    30.8868    12.1540    12.1511    4925.30    34.8825     1.4878     2.1262     24.645     66.444      7.732  0.000e+00
   1122.500    244.019   4.013455     0.9732    -0.0722    242.535    26.4702    30.8882    12.1542    12.1513    4925.30    34.8843     1.4886     2.1274     24.659     66.482      7.732  0.000e+00
   1122.750    243.796   4.013975     0.9744    -0.0563    242.313    26.4738    30.8917    12.1547    12.1518    4925.31    34.8890     1.4941     2.1352     24.750     66.725      7.733  0.000e+00
   1123.000    243.572   4.014441     0.9730    -0.0722    242.092    26.4754    30.8932    12.1569    12.1540    4925.34    34.8916     1.4892     2.1282     24.671     66.508      7.732  0.000e+00
   1123.250    243.387   4.014754     0.9740    -0.0623    241.907    26.4745    30.8923    12.1604    12.1575    4925.36    34.8914     1.4921     2.1323     24.721     66.636      7.732  0.000e+00
   1123.500    243.238   4.015247     0.9739    -0.0643    241.759    26.4750    30.8927    12.1640    12.1611    4925.40    34.8929     1.4912     2.1311     24.708     66.597      7.732  0.000e+00
   1123.750    243.083   4.015660     0.9733    -0.0722    241.605    26.4747    30.8923    12.1678    12.1649    4925.44    34.8934     1.4877     2.1260     24.652     66.439      7.731  0.000e+00
   1124.000    242.953   4.015886     0.9733    -0.0702    241.476    26.4727    30.8903    12.1718    12.1689    4925.47    34.8919     1.4875     2.1258     24.651     66.432      7.731  0.000e+00
   1124.250    242.866   4.017039     0.9746    -0.0623    241.390    26.4783    30.8957    12.1753    12.1724    4925.54    34.8999     1.4933     2.1340     24.750     66.690      7.731  0.000e+00
   1124.500    242.779   4.017445     0.9749    -0.0702    241.304    26.4771    30.8944    12.1800    12.1771    4925.58    34.8995     1.4945     2.1358     24.773     66.746      7.732  0.000e+00
   1124.750    242.655   4.017445     0.9758    -0.0762    241.181    26.4720    30.8892    12.1856    12.1827    4925.62    34.8944     1.4984     2.1414     24.839     66.919      7.731  0.000e+00
   1125.000    242.550   4.017631     0.9761    -0.0623    241.076    26.4694    30.8865    12.1900    12.1871    4925.65    34.8921     1.5022     2.1469     24.905     67.090      7.733  0.000e+00
   1125.250    242.426   4.018611     0.9761    -0.0603    240.953    26.4739    30.8909    12.1932    12.1903    4925.71    34.8987     1.5019     2.1463     24.901     67.074      7.730  0.000e+00
