cruises/baja2025/cnv/20250506_cast1.cnv
* Sea-Bird SBE19plus Data File:
* FileName = C:\Users\ScienceTech\OneDrive - Western Flyer Foundation\Desktop\ProfilingCTD\data\2025\Gulf of California\Leg 3\raw data\20250506_PP40_cast1.hex
* Software Version 1.59
* Temperature SN =  8289
* Conductivity SN =  8289
* System UpLoad Time = May 07 2025 17:04:29
** "PP40"
** 27-30.38'N
** 112-19.27'W
** Depth 47m
# nquan = 18
# nvalues = 2236                                  
# units = specified
# name 0 = timeS: Time, Elapsed [seconds]
# name 1 = prdM: Pressure, Strain Gauge [db]
# name 2 = c0S/m: Conductivity [S/m]
# name 3 = sbeox0V: Oxygen raw, SBE 43 [V]
# name 4 = flECO-AFL: Fluorescence, WET Labs ECO-AFL/FL [mg/m^3]
# name 5 = depSM: Depth [salt water, m], lat = 0.00
# name 6 = sigma-t00: Density [sigma-t, kg/m^3 ]
# name 7 = sigma-100: Density [sigma-1, kg/m^3 ]
# name 8 = tv268C: Temperature [IPTS-68, deg C]
# name 9 = tv290C: Temperature [ITS-90, deg C]
# name 10 = svCF: Sound Velocity [Chen-Millero, ft/s]
# name 11 = sal00: Salinity, Practical [PSU]
# name 12 = sbeox0ML/L: Oxygen, SBE 43 [ml/l]
# name 13 = sbeox0Mg/L: Oxygen, SBE 43 [mg/l]
# name 14 = sbeox0PS: Oxygen, SBE 43 [% saturation]
# name 15 = sbeox0Mm/L: Oxygen, SBE 43 [umol/l]
# name 16 = ph: pH
# name 17 = flag:  0.000e+00
# span 0 =      0.000,    558.750                 
# span 1 =     -0.143,     54.082                 
# span 2 =  -0.126669,   4.824349                 
# span 3 =     1.7668,     2.7790                 
# span 4 =    -0.1000,   128.7376                 
# span 5 =     -0.142,     53.778                 
# span 6 =    -2.9992,    26.0247                 
# span 7 =     1.4104,    30.3110                 
# span 8 =    16.2593,    25.2086                 
# span 9 =    16.2554,    25.2025                 
# span 10 =    4859.43,    4989.69                
# span 11 =     0.0000,    36.2290                
# span 12 =     3.4173,     6.8570                
# span 13 =     4.8836,     9.7993                
# span 14 =     65.341,    122.915                
# span 15 =    152.616,    306.233                
# span 16 =      7.290,      8.141                
# span 17 = 0.0000e+00, 0.0000e+00                
# interval = seconds: 0.25
# start_time = May 06 2025 11:19:59 [Instrument's time stamp, header]
# bad_flag = -9.990e-29
*END*
[from data line 644]
    161.000      6.214   4.668606     2.5958     0.2135      6.180    25.3859    29.6809    18.4434    18.4390    4978.66    35.2913     5.8536     8.3654    110.083    261.423      8.117  0.000e+00
    161.250      6.208   4.668826     2.5973     0.2293      6.174    25.3918    29.6868    18.4385    18.4341    4978.64    35.2973     5.8608     8.3757    110.212    261.744      8.119  0.000e+00
    161.500      6.208   4.669322     2.5974     0.2254      6.174    25.3970    29.6921    18.4363    18.4319    4978.64    35.3035     5.8637     8.3798    110.266    261.874      8.117  0.000e+00
    161.750      6.196   4.669386     2.5983     0.2293      6.161    25.3973    29.6924    18.4364    18.4320    4978.64    35.3039     5.8682     8.3862    110.350    262.074      8.118  0.000e+00
    162.000      6.177   4.669202     2.5969     0.1936      6.143    25.3952    29.6903    18.4375    18.4331    4978.64    35.3014     5.8639     8.3801    110.270    261.883      8.118  0.000e+00
    162.250      6.153   4.669357     2.5955     0.1936      6.119    25.3958    29.6909    18.4379    18.4335    4978.65    35.3024     5.8569     8.3701    110.140    261.570      8.118  0.000e+00
    162.500      6.122   4.669917     2.5962     0.1976      6.088    25.3991    29.6941    18.4383    18.4339    4978.67    35.3069     5.8547     8.3670    110.103    261.472      8.118  0.000e+00
    162.750      6.090   4.670102     2.5955     0.1778      6.057    25.3989    29.6939    18.4398    18.4354    4978.68    35.3071     5.8487     8.3583    109.992    261.202      8.118  0.000e+00
    163.000      6.066   4.670385     2.5931     0.2254      6.032    25.3989    29.6939    18.4418    18.4374    4978.70    35.3078     5.8373     8.3421    109.783    260.694      8.120  0.000e+00
    163.250      6.047   4.670513     2.5930     0.2313      6.014    25.3975    29.6924    18.4443    18.4399    4978.72    35.3067     5.8339     8.3373    109.724    260.543      8.120  0.000e+00
    163.500      6.041   4.670725     2.5937     0.2194      6.008    25.3969    29.6917    18.4466    18.4421    4978.74    35.3066     5.8352     8.3391    109.752    260.600      8.119  0.000e+00
    163.750      6.041   4.670669     2.5924     0.2194      6.008    25.3941    29.6889    18.4492    18.4448    4978.75    35.3038     5.8307     8.3327    109.672    260.401      8.118  0.000e+00
    164.000      6.047   4.670569     2.5911     0.2452      6.014    25.3920    29.6868    18.4508    18.4464    4978.76    35.3016     5.8275     8.3280    109.612    260.255      8.120  0.000e+00
    164.250      6.078   4.669414     2.5894     0.2293      6.045    25.3836    29.6785    18.4518    18.4474    4978.73    35.2910     5.8219     8.3200    109.502    260.005      8.118  0.000e+00
    164.500      6.103   4.668726     2.5907     0.2313      6.069    25.3811    29.6761    18.4496    18.4452    4978.70    35.2870     5.8260     8.3260    109.573    260.191      8.117  0.000e+00
    164.750      6.116   4.668422     2.5904     0.2194      6.082    25.3850    29.6800    18.4432    18.4388    4978.65    35.2900     5.8272     8.3276    109.583    260.241      8.118  0.000e+00
    165.000      6.153   4.667635     2.5908     0.2313      6.119    25.3850    29.6802    18.4375    18.4331    4978.59    35.2882     5.8310     8.3331    109.643    260.413      8.118  0.000e+00
    165.250      6.165   4.667267     2.5911     0.2035      6.131    25.3876    29.6828    18.4320    18.4276    4978.55    35.2897     5.8337     8.3370    109.684    260.534      8.120  0.000e+00
    165.500      6.184   4.667983     2.5928     0.1996      6.150    25.3967    29.6920    18.4271    18.4226    4978.54    35.3001     5.8411     8.3476    109.820    260.865      8.117  0.000e+00
    165.750      6.184   4.667947     2.5935     0.2075      6.150    25.3981    29.6934    18.4253    18.4209    4978.53    35.3013     5.8468     8.3557    109.923    261.118      8.119  0.000e+00
    166.000      6.196   4.667791     2.5944     0.2035      6.162    25.3968    29.6921    18.4256    18.4212    4978.52    35.2997     5.8522     8.3634    110.024    261.360      8.117  0.000e+00
    166.250      6.196   4.667763     2.5931     0.1837      6.162    25.3968    29.6921    18.4254    18.4209    4978.52    35.2996     5.8492     8.3591    109.968    261.227      8.118  0.000e+00
    166.500      6.190   4.667827     2.5926     0.1916      6.156    25.3977    29.6930    18.4248    18.4204    4978.52    35.3007     5.8464     8.3551    109.914    261.100      8.119  0.000e+00
    166.750      6.171   4.668075     2.5911     0.1976      6.137    25.3995    29.6948    18.4247    18.4202    4978.52    35.3029     5.8402     8.3463    109.799    260.825      8.115  0.000e+00
    167.000      6.147   4.668139     2.5893     0.2035      6.113    25.3994    29.6946    18.4253    18.4209    4978.53    35.3029     5.8313     8.3335    109.633    260.426      8.119  0.000e+00
    167.250      6.103   4.668358     2.5868     0.1976      6.070    25.4002    29.6954    18.4260    18.4216    4978.54    35.3042     5.8191     8.3161    109.406    259.882      8.116  0.000e+00
    167.500      6.085   4.668982     2.5842     0.1877      6.051    25.4030    29.6982    18.4273    18.4229    4978.57    35.3083     5.8058     8.2970    109.160    259.285      8.119  0.000e+00
    167.750      6.041   4.669386     2.5857     0.1976      6.008    25.4031    29.6982    18.4302    18.4258    4978.59    35.3093     5.8075     8.2995    109.200    259.363      8.119  0.000e+00
    168.000      6.023   4.669450     2.5863     0.1936      5.990    25.4000    29.6951    18.4340    18.4296    4978.62    35.3066     5.8092     8.3019    109.238    259.439      8.117  0.000e+00
    168.250      6.004   4.669513     2.5874     0.1877      5.971    25.3977    29.6928    18.4369    18.4325    4978.64    35.3046     5.8153     8.3107    109.357    259.712      8.119  0.000e+00
    168.500      5.986   4.669322     2.5872     0.3245      5.953    25.3948    29.6898    18.4388    18.4344    4978.64    35.3014     5.8177     8.3140    109.403    259.816      8.114  0.000e+00
    168.750      5.998   4.669570     2.5860     0.3404      5.965    25.3959    29.6910    18.4393    18.4349    4978.65    35.3030     5.8172     8.3134    109.397    259.797      8.117  0.000e+00
    169.000      6.011   4.669201     2.5817     0.3265      5.978    25.3926    29.6876    18.4404    18.4360    4978.65    35.2990     5.8047     8.2954    109.161    259.236      8.115  0.000e+00
    169.250      6.042   4.668854     2.5815     0.3206      6.008    25.3906    29.6857    18.4401    18.4356    4978.64    35.2963     5.8038     8.2942    109.142    259.198      8.117  0.000e+00
    169.500      6.073   4.668606     2.5828     0.3880      6.039    25.3908    29.6859    18.4381    18.4337    4978.62    35.2959     5.8077     8.2998    109.211    259.373      8.117  0.000e+00
    169.750      6.110   4.668727     2.5835     0.3880      6.076    25.3934    29.6885    18.4361    18.4316    4978.61    35.2987     5.8085     8.3009    109.223    259.407      8.116  0.000e+00
    170.000      6.147   4.668670     2.5847     0.3841      6.113    25.3945    29.6896    18.4345    18.4300    4978.60    35.2996     5.8128     8.3070    109.301    259.599      8.116  0.000e+00
    170.250      6.172   4.669230     2.5852     0.3940      6.138    25.3989    29.6940    18.4336    18.4291    4978.62    35.3051     5.8162     8.3119    109.367    259.751      8.114  0.000e+00
    170.500      6.190   4.669386     2.5874     0.2571      6.156    25.3990    29.6941    18.4346    18.4302    4978.63    35.3055     5.8270     8.3274    109.574    260.236      8.116  0.000e+00
    170.750      6.209   4.669386     2.5883     0.2571      6.175    25.3973    29.6923    18.4365    18.4321    4978.64    35.3038     5.8346     8.3383    109.719    260.575      8.116  0.000e+00
    171.000      6.215   4.669322     2.5870     0.2551      6.181    25.3956    29.6907    18.4378    18.4334    4978.65    35.3022     5.8336     8.3368    109.702    260.530      8.116  0.000e+00
    171.250      6.203   4.669102     2.5879     0.2571      6.168    25.3937    29.6888    18.4384    18.4339    4978.64    35.2998     5.8361     8.3404    109.749    260.641      8.118  0.000e+00
    171.500      6.184   4.668727     2.5880     0.2611      6.150    25.3916    29.6867    18.4380    18.4336    4978.63    35.2970     5.8349     8.3386    109.723    260.586      8.114  0.000e+00
    171.750      6.159   4.668890     2.5890     0.2154      6.126    25.3939    29.6890    18.4367    18.4323    4978.63    35.2995     5.8369     8.3416    109.760    260.678      8.116  0.000e+00
    172.000      6.141   4.668727     2.5889     0.2194      6.107    25.3940    29.6891    18.4354    18.4310    4978.61    35.2992     5.8352     8.3391    109.725    260.602      8.116  0.000e+00
    172.250      6.110   4.668634     2.5900     0.2135      6.076    25.3943    29.6895    18.4344    18.4299    4978.60    35.2993     5.8380     8.3431    109.776    260.727      8.115  0.000e+00
    172.500      6.104   4.668479     2.5893     0.2075      6.070    25.3942    29.6894    18.4334    18.4290    4978.59    35.2989     5.8347     8.3384    109.711    260.579      8.116  0.000e+00
    172.750      6.085   4.668542     2.5890     0.2412      6.052    25.3955    29.6906    18.4325    18.4281    4978.58    35.3002     5.8334     8.3366    109.686    260.521      8.115  0.000e+00
    173.000      6.067   4.668635     2.5892     0.2194      6.033    25.3966    29.6918    18.4319    18.4274    4978.58    35.3015     5.8343     8.3378    109.702    260.560      8.115  0.000e+00
    173.250      6.067   4.668670     2.5899     0.2254      6.033    25.3968    29.6919    18.4320    18.4275    4978.58    35.3017     5.8353     8.3392    109.720    260.603      8.115  0.000e+00
    173.500      6.054   4.668946     2.5908     0.2095      6.021    25.3985    29.6936    18.4320    18.4276    4978.59    35.3040     5.8383     8.3435    109.779    260.738      8.118  0.000e+00
    173.750      6.054   4.669038     2.5911     0.2551      6.021    25.3982    29.6933    18.4330    18.4286    4978.60    35.3039     5.8389     8.3443    109.792    260.764      8.114  0.000e+00
    174.000      6.067   4.669038     2.5912     0.2789      6.033    25.3969    29.6920    18.4345    18.4300    4978.61    35.3027     5.8397     8.3455    109.809    260.799      8.115  0.000e+00
    174.250      6.073   4.668698     2.5923     0.2670      6.039    25.3936    29.6888    18.4356    18.4312    4978.61    35.2988     5.8434     8.3508    109.879    260.966      8.113  0.000e+00
    174.500      6.073   4.668854     2.5924     0.2670      6.039    25.3954    29.6905    18.4348    18.4304    4978.61    35.3008     5.8451     8.3532    109.910    261.042      8.114  0.000e+00
    174.750      6.085   4.668514     2.5934     0.1916      6.052    25.3934    29.6886    18.4345    18.4301    4978.60    35.2982     5.8489     8.3587    109.980    261.213      8.116  0.000e+00
    175.000      6.085   4.668046     2.5937     0.1936      6.052    25.3908    29.6860    18.4341    18.4297    4978.58    35.2946     5.8498     8.3600    109.993    261.252      8.115  0.000e+00
    175.250      6.085   4.668386     2.5934     0.1976      6.052    25.3953    29.6904    18.4316    18.4272    4978.57    35.2996     5.8483     8.3578    109.963    261.184      8.115  0.000e+00
    175.500      6.104   4.668542     2.5913     0.1976      6.070    25.3976    29.6927    18.4302    18.4258    4978.57    35.3022     5.8401     8.3461    109.808    260.820      8.115  0.000e+00
    175.750      6.117   4.668890     2.5908     0.1976      6.083    25.3996    29.6948    18.4304    18.4259    4978.58    35.3050     5.8363     8.3407    109.739    260.650      8.119  0.000e+00
    176.000      6.148   4.668294     2.5918     0.3047      6.114    25.3945    29.6897    18.4318    18.4274    4978.58    35.2987     5.8382     8.3434    109.773    260.734      8.116  0.000e+00
    176.250      6.179   4.667635     2.5929     0.2948      6.145    25.3897    29.6849    18.4323    18.4279    4978.56    35.2926     5.8409     8.3473    109.822    260.856      8.115  0.000e+00
    176.500      6.185   4.667139     2.5937     0.2829      6.151    25.3888    29.6841    18.4297    18.4253    4978.53    35.2906     5.8442     8.3519    109.876    261.002      8.116  0.000e+00
    176.750      6.191   4.667168     2.5937     0.2769      6.157    25.3931    29.6884    18.4253    18.4209    4978.50    35.2947     5.8452     8.3534    109.889    261.048      8.117  0.000e+00
    177.000      6.185   4.667295     2.5947     0.1976      6.151    25.3968    29.6921    18.4221    18.4177    4978.48    35.2985     5.8503     8.3606    109.980    261.273      8.116  0.000e+00
    177.250      6.154   4.667543     2.5932     0.1936      6.120    25.3998    29.6951    18.4206    18.4161    4978.48    35.3019     5.8472     8.3562    109.921    261.134      8.117  0.000e+00
    177.500      6.135   4.667827     2.5907     0.1976      6.102    25.4014    29.6967    18.4208    18.4164    4978.49    35.3041     5.8389     8.3443    109.767    260.764      8.116  0.000e+00
    177.750      6.098   4.668571     2.5915     0.1916      6.065    25.4052    29.7005    18.4220    18.4176    4978.52    35.3094     5.8391     8.3447    109.777    260.775      8.113  0.000e+00
    178.000      6.055   4.668826     2.5930     0.2035      6.022    25.4039    29.6991    18.4253    18.4209    4978.55    35.3088     5.8415     8.3481    109.829    260.883      8.116  0.000e+00
    178.250      6.030   4.669010     2.5938     0.1817      5.997    25.4018    29.6970    18.4288    18.4244    4978.57    35.3073     5.8434     8.3508    109.871    260.966      8.117  0.000e+00
    178.500      6.018   4.669202     2.5934     0.1837      5.984    25.3999    29.6950    18.4323    18.4279    4978.60    35.3059     5.8421     8.3490    109.853    260.910      8.115  0.000e+00
    178.750      5.993   4.669074     2.5941     0.1996      5.960    25.3965    29.6916    18.4352    18.4307    4978.61    35.3024     5.8451     8.3532    109.913    261.043      8.115  0.000e+00
    179.000      5.993   4.668946     2.5940     0.1877      5.960    25.3945    29.6896    18.4365    18.4321    4978.62    35.3002     5.8459     8.3544    109.929    261.080      8.115  0.000e+00
    179.250      6.024   4.668946     2.5923     0.2392      5.991    25.3944    29.6895    18.4366    18.4322    4978.62    35.3001     5.8417     8.3484    109.850    260.890      8.118  0.000e+00
    179.500      6.055   4.668826     2.5907     0.2254      6.021    25.3939    29.6890    18.4362    18.4318    4978.61    35.2994     5.8360     8.3402    109.741    260.634      8.116  0.000e+00
    179.750      6.092   4.668542     2.5908     0.2135      6.058    25.3925    29.6876    18.4358    18.4314    4978.61    35.2973     5.8336     8.3368    109.693    260.527      8.115  0.000e+00
    180.000      6.111   4.668479     2.5924     0.2353      6.077    25.3932    29.6883    18.4345    18.4301    4978.60    35.2979     5.8369     8.3415    109.753    260.674      8.115  0.000e+00
    180.250      6.142   4.668358     2.5937     0.2888      6.108    25.3938    29.6890    18.4329    18.4285    4978.58    35.2982     5.8419     8.3486    109.844    260.899      8.117  0.000e+00
    180.500      6.173   4.668231     2.5939     0.2928      6.139    25.3944    29.6896    18.4314    18.4270    4978.57    35.2984     5.8442     8.3519    109.884    261.000      8.114  0.000e+00
