cruises/baja2025/cnv/20250506_cast1.cnv
* Sea-Bird SBE19plus Data File:
* FileName = C:\Users\ScienceTech\OneDrive - Western Flyer Foundation\Desktop\ProfilingCTD\data\2025\Gulf of California\Leg 3\raw data\20250506_PP40_cast1.hex
* Software Version 1.59
* Temperature SN =  8289
* Conductivity SN =  8289
* System UpLoad Time = May 07 2025 17:04:29
** "PP40"
** 27-30.38'N
** 112-19.27'W
** Depth 47m
# nquan = 18
# nvalues = 2236                                  
# units = specified
# name 0 = timeS: Time, Elapsed [seconds]
# name 1 = prdM: Pressure, Strain Gauge [db]
# name 2 = c0S/m: Conductivity [S/m]
# name 3 = sbeox0V: Oxygen raw, SBE 43 [V]
# name 4 = flECO-AFL: Fluorescence, WET Labs ECO-AFL/FL [mg/m^3]
# name 5 = depSM: Depth [salt water, m], lat = 0.00
# name 6 = sigma-t00: Density [sigma-t, kg/m^3 ]
# name 7 = sigma-100: Density [sigma-1, kg/m^3 ]
# name 8 = tv268C: Temperature [IPTS-68, deg C]
# name 9 = tv290C: Temperature [ITS-90, deg C]
# name 10 = svCF: Sound Velocity [Chen-Millero, ft/s]
# name 11 = sal00: Salinity, Practical [PSU]
# name 12 = sbeox0ML/L: Oxygen, SBE 43 [ml/l]
# name 13 = sbeox0Mg/L: Oxygen, SBE 43 [mg/l]
# name 14 = sbeox0PS: Oxygen, SBE 43 [% saturation]
# name 15 = sbeox0Mm/L: Oxygen, SBE 43 [umol/l]
# name 16 = ph: pH
# name 17 = flag:  0.000e+00
# span 0 =      0.000,    558.750                 
# span 1 =     -0.143,     54.082                 
# span 2 =  -0.126669,   4.824349                 
# span 3 =     1.7668,     2.7790                 
# span 4 =    -0.1000,   128.7376                 
# span 5 =     -0.142,     53.778                 
# span 6 =    -2.9992,    26.0247                 
# span 7 =     1.4104,    30.3110                 
# span 8 =    16.2593,    25.2086                 
# span 9 =    16.2554,    25.2025                 
# span 10 =    4859.43,    4989.69                
# span 11 =     0.0000,    36.2290                
# span 12 =     3.4173,     6.8570                
# span 13 =     4.8836,     9.7993                
# span 14 =     65.341,    122.915                
# span 15 =    152.616,    306.233                
# span 16 =      7.290,      8.141                
# span 17 = 0.0000e+00, 0.0000e+00                
# interval = seconds: 0.25
# start_time = May 06 2025 11:19:59 [Instrument's time stamp, header]
# bad_flag = -9.990e-29
*END*
[from data line 161]
     40.250      6.185   4.763021     2.1045     0.3186      6.151    25.6013    29.8867    18.8763    18.8718    4984.30    35.7159     4.4062     6.2969     83.748    196.781      8.128  0.000e+00
     40.500      6.197   4.773268     2.1015     0.2551      6.163    25.6878    29.9728    18.8540    18.8495    4984.49    35.8215     4.3754     6.2528     83.179    195.403      8.130  0.000e+00
     40.750      6.191   4.786059     2.1015     0.2571      6.157    25.7662    30.0505    18.8585    18.8539    4984.91    35.9255     4.3595     6.2301     82.936    194.695      8.130  0.000e+00
     41.000      6.191   4.795338     2.1045     0.2571      6.157    25.8143    30.0981    18.8711    18.8666    4985.28    35.9927     4.3626     6.2346     83.048    194.834      8.130  0.000e+00
     41.250      6.179   4.799180     2.1048     0.2512      6.145    25.8419    30.1255    18.8680    18.8635    4985.38    36.0277     4.3671     6.2411     83.147    195.036      8.130  0.000e+00
     41.500      6.154   4.807393     2.1024     0.3087      6.120    25.9068    30.1901    18.8552    18.8507    4985.56    36.1082     4.3669     6.2407     83.162    195.025      8.128  0.000e+00
     41.750      6.135   4.812639     2.0991     0.3404      6.102    25.9028    30.1853    18.8962    18.8916    4985.97    36.1167     4.3616     6.2332     83.129    194.790      8.129  0.000e+00
     42.000      6.104   4.815459     2.0908     0.3305      6.071    25.8422    30.1237    18.9814    18.9768    4986.58    36.0660     4.3343     6.1942     82.715    193.570      8.128  0.000e+00
     42.250      6.080   4.816685     2.0806     0.3206      6.046    25.7248    30.0049    19.1173    19.1127    4987.44    35.9582     4.2902     6.1311     82.026    191.599      8.125  0.000e+00
     42.500      6.061   4.816230     2.0688     0.2888      6.028    25.6091    29.8878    19.2400    19.2354    4988.17    35.8482     4.2341     6.0510     81.085    189.096      8.126  0.000e+00
     42.750      6.061   4.812438     2.0622     0.2551      6.028    25.5161    29.7943    19.3150    19.3104    4988.50    35.7520     4.1955     5.9958     80.411    187.370      8.126  0.000e+00
     43.000      6.055   4.802335     2.0590     0.2611      6.021    25.4165    29.6948    19.3536    19.3489    4988.42    35.6347     4.1744     5.9657     80.008    186.430      8.126  0.000e+00
     43.250      6.067   4.791431     2.0615     0.2551      6.034    25.3345    29.6133    19.3674    19.3627    4988.17    35.5321     4.1822     5.9768     80.129    186.778      8.126  0.000e+00
     43.500      6.074   4.783123     2.0671     0.2611      6.040    25.2918    29.5711    19.3562    19.3516    4987.85    35.4724     4.2106     6.0173     80.627    188.044      8.126  0.000e+00
     43.750      6.092   4.776280     2.0773     0.2571      6.059    25.2743    29.5543    19.3276    19.3229    4987.47    35.4398     4.2638     6.0934     81.587    190.420      8.125  0.000e+00
     44.000      6.123   4.771466     2.0880     0.2512      6.089    25.2874    29.5682    19.2794    19.2748    4987.03    35.4407     4.3278     6.1849     82.739    193.281      8.126  0.000e+00
     44.250      6.154   4.767813     2.0975     0.2551      6.120    25.3235    29.6050    19.2142    19.2096    4986.52    35.4658     4.3912     6.2754     83.862    196.110      8.127  0.000e+00
     44.500      6.166   4.766949     2.1013     0.2512      6.132    25.4003    29.6829    19.1238    19.1192    4985.94    35.5359     4.4330     6.3352     84.554    197.977      8.127  0.000e+00
     44.750      6.166   4.769417     2.1018     0.2135      6.132    25.4878    29.7711    19.0453    19.0407    4985.54    35.6240     4.4512     6.3612     84.822    198.789      8.124  0.000e+00
     45.000      6.179   4.779499     2.0983     0.2135      6.145    25.5981    29.8813    18.9955    18.9909    4985.55    35.7515     4.4405     6.3459     84.605    198.314      8.129  0.000e+00
     45.250      6.173   4.792276     2.0952     0.2135      6.139    25.6957    29.9785    18.9785    18.9739    4985.84    35.8736     4.4175     6.3130     84.200    197.284      8.126  0.000e+00
     45.500      6.166   4.801050     2.0902     0.2293      6.133    25.7563    30.0387    18.9740    18.9694    4986.08    35.9513     4.3814     6.2615     83.545    195.675      8.126  0.000e+00
     45.750      6.166   4.803991     2.0860     0.2135      6.133    25.7971    30.0795    18.9503    18.9458    4986.03    35.9966     4.3473     6.2128     82.881    194.152      8.130  0.000e+00
     46.000      6.136   4.809430     2.0794     0.1619      6.102    25.8523    30.1347    18.9284    18.9238    4986.07    36.0615     4.3069     6.1550     82.109    192.347      8.126  0.000e+00
     46.250      6.111   4.812960     2.0719     0.1718      6.077    25.8292    30.1109    18.9780    18.9735    4986.48    36.0479     4.2631     6.0924     81.342    190.390      8.126  0.000e+00
     46.500      6.086   4.814452     2.0630     0.1619      6.052    25.7635    30.0443    19.0597    19.0551    4987.02    35.9894     4.2191     6.0295     80.595    188.423      8.127  0.000e+00
     46.750      6.067   4.814645     2.0520     0.1659      6.034    25.6709    29.9506    19.1617    19.1571    4987.64    35.9026     4.1699     5.9593     79.766    186.229      8.129  0.000e+00
     47.000      6.061   4.811370     2.0425     0.2194      6.028    25.5653    29.8442    19.2539    19.2492    4988.10    35.7957     4.1287     5.9003     79.062    184.388      8.123  0.000e+00
     47.250      6.061   4.805155     2.0353     0.2353      6.028    25.4707    29.7493    19.3139    19.3093    4988.27    35.6922     4.0988     5.8577     78.529    183.054      8.127  0.000e+00
     47.500      6.067   4.795975     2.0341     0.2135      6.034    25.3902    29.6691    19.3380    19.3333    4988.14    35.5950     4.0954     5.8527     78.452    182.900      8.126  0.000e+00
     47.750      6.086   4.785629     2.0353     0.2313      6.052    25.3209    29.6002    19.3418    19.3372    4987.84    35.5055     4.1069     5.8692     78.637    183.415      8.126  0.000e+00
     48.000      6.098   4.777983     2.0421     0.2313      6.065    25.2823    29.5621    19.3307    19.3261    4987.54    35.4513     4.1445     5.9228     79.314    185.091      8.124  0.000e+00
     48.250      6.129   4.771566     2.0522     0.2293      6.096    25.2696    29.5501    19.2998    19.2951    4987.16    35.4242     4.2007     6.0032     80.331    187.604      8.125  0.000e+00
     48.500      6.154   4.766948     2.0652     0.2194      6.120    25.3025    29.5839    19.2312    19.2266    4986.60    35.4441     4.2745     6.1087     81.648    190.898      8.124  0.000e+00
     48.750      6.173   4.765126     2.0737     0.2194      6.139    25.3793    29.6619    19.1340    19.1295    4985.95    35.5119     4.3366     6.1975     82.720    193.673      8.123  0.000e+00
     49.000      6.179   4.768137     2.0777     0.2313      6.145    25.4746    29.7579    19.0507    19.0461    4985.53    35.6086     4.3765     6.2544     83.399    195.452      8.128  0.000e+00
     49.250      6.173   4.779656     2.0780     0.2571      6.139    25.5974    29.8807    18.9973    18.9927    4985.56    35.7513     4.3896     6.2731     83.636    196.038      8.124  0.000e+00
     49.500      6.185   4.791760     2.0764     0.2571      6.151    25.6919    29.9747    18.9790    18.9745    4985.83    35.8688     4.3818     6.2620     83.518    195.689      8.126  0.000e+00
     49.750      6.179   4.798211     2.0717     0.2571      6.145    25.7464    30.0290    18.9649    18.9603    4985.94    35.9353     4.3552     6.2240     83.023    194.503      8.126  0.000e+00
     50.000      6.173   4.800828     2.0680     0.2611      6.139    25.7902    30.0729    18.9357    18.9312    4985.85    35.9827     4.3251     6.1810     82.429    193.160      8.125  0.000e+00
     50.250      6.148   4.803898     2.0606     0.2293      6.114    25.8334    30.1163    18.9103    18.9057    4985.78    36.0307     4.2796     6.1160     81.545    191.126      8.127  0.000e+00
     50.500      6.154   4.806552     2.0564     0.2313      6.120    25.8199    30.1023    18.9434    18.9389    4986.07    36.0242     4.2418     6.0620     80.872    189.439      8.128  0.000e+00
     50.750      6.142   4.808230     2.0487     0.2293      6.108    25.7729    30.0546    19.0061    19.0015    4986.50    35.9837     4.1978     5.9991     80.107    187.475      8.123  0.000e+00
     51.000      6.136   4.809299     2.0427     0.2254      6.102    25.7265    30.0074    19.0640    19.0594    4986.89    35.9424     4.1653     5.9526     79.552    186.021      8.128  0.000e+00
     51.250      6.136   4.809463     2.0360     0.2611      6.102    25.6843    29.9648    19.1110    19.1064    4987.18    35.9031     4.1357     5.9103     79.037    184.699      8.125  0.000e+00
     51.500      6.130   4.808199     2.0297     0.2611      6.096    25.6472    29.9274    19.1425    19.1379    4987.33    35.8652     4.1116     5.8759     78.606    183.625      8.124  0.000e+00
     51.750      6.117   4.805379     2.0229     0.2611      6.084    25.6154    29.8956    19.1575    19.1529    4987.33    35.8287     4.0894     5.8441     78.185    182.632      8.123  0.000e+00
     52.000      6.124   4.801987     2.0182     0.2631      6.090    25.5964    29.8768    19.1546    19.1500    4987.21    35.8028     4.0764     5.8256     77.921    182.054      8.124  0.000e+00
     52.250      6.123   4.799076     2.0144     0.2512      6.090    25.5951    29.8758    19.1357    19.1311    4987.01    35.7947     4.0700     5.8164     77.767    181.765      8.125  0.000e+00
     52.500      6.123   4.798302     2.0110     0.3027      6.090    25.6125    29.8936    19.1113    19.1067    4986.83    35.8093     4.0649     5.8092     77.642    181.540      8.125  0.000e+00
     52.750      6.130   4.799886     2.0087     0.2769      6.096    25.6406    29.9218    19.0918    19.0872    4986.76    35.8394     4.0656     5.8101     77.640    181.569      8.124  0.000e+00
     53.000      6.105   4.803186     2.0068     0.2829      6.071    25.6718    29.9530    19.0807    19.0762    4986.80    35.8766     4.0667     5.8117     77.663    181.618      8.122  0.000e+00
     53.250      6.099   4.806091     2.0014     0.3027      6.065    25.6910    29.9720    19.0802    19.0756    4986.88    35.9015     4.0561     5.7966     77.472    181.147      8.124  0.000e+00
     53.500      6.099   4.807354     1.9972     0.2293      6.065    25.6928    29.9736    19.0870    19.0824    4986.96    35.9062     4.0471     5.7838     77.312    180.745      8.126  0.000e+00
     53.750      6.105   4.805997     1.9901     0.2313      6.071    25.6769    29.9577    19.0949    19.0903    4986.97    35.8880     4.0268     5.7546     76.925    179.835      8.122  0.000e+00
     54.000      6.092   4.800209     1.9818     0.2095      6.059    25.6349    29.9159    19.1002    19.0956    4986.82    35.8348     3.9998     5.7161     76.393    178.629      8.124  0.000e+00
     54.250      6.105   4.793177     1.9734     0.2254      6.071    25.5913    29.8728    19.0986    19.0940    4986.60    35.7773     3.9701     5.6736     75.798    177.304      8.125  0.000e+00
     54.500      6.105   4.785375     1.9661     0.1916      6.071    25.5493    29.8313    19.0898    19.0853    4986.30    35.7195     3.9438     5.6361     75.258    176.130      8.122  0.000e+00
     54.750      6.123   4.779111     1.9607     0.2035      6.089    25.5291    29.8116    19.0681    19.0635    4985.97    35.6857     3.9246     5.6087     74.847    175.275      8.125  0.000e+00
     55.000      6.135   4.776185     1.9576     0.1976      6.102    25.5468    29.8299    19.0283    19.0237    4985.64    35.6954     3.9167     5.5973     74.644    174.919      8.126  0.000e+00
     55.250      6.148   4.775420     1.9565     0.1837      6.114    25.5804    29.8640    18.9861    18.9816    4985.36    35.7254     3.9205     5.6028     74.672    175.089      8.124  0.000e+00
     55.500      6.148   4.775513     1.9560     0.2095      6.114    25.6142    29.8982    18.9499    18.9454    4985.14    35.7574     3.9289     5.6148     74.797    175.466      8.121  0.000e+00
     55.750      6.154   4.777732     1.9546     0.1599      6.120    25.6548    29.9390    18.9212    18.9167    4985.04    35.8009     3.9375     5.6270     74.939    175.847      8.125  0.000e+00
     56.000      6.154   4.780331     1.9528     0.1659      6.120    25.6878    29.9720    18.9035    18.8989    4985.01    35.8381     3.9442     5.6366     75.059    176.148      8.124  0.000e+00
     56.250      6.166   4.783968     1.9468     0.1520      6.132    25.7164    30.0005    18.8979    18.8933    4985.09    35.8736     3.9333     5.6210     74.859    175.660      8.124  0.000e+00
     56.500      6.160   4.788601     1.9409     0.1619      6.126    25.7424    30.0262    18.9020    18.8975    4985.26    35.9090     3.9165     5.5970     74.561    174.910      8.124  0.000e+00
     56.750      6.166   4.793703     1.9316     0.2035      6.132    25.7645    30.0478    18.9138    18.9093    4985.49    35.9417     3.8830     5.5493     73.955    173.417      8.126  0.000e+00
     57.000      6.166   4.797953     1.9218     0.2353      6.132    25.7804    30.0634    18.9262    18.9217    4985.70    35.9667     3.8426     5.4915     73.213    171.612      8.122  0.000e+00
     57.250      6.173   4.801216     1.9122     0.2194      6.139    25.7979    30.0807    18.9300    18.9255    4985.82    35.9909     3.8010     5.4320     72.435    169.752      8.123  0.000e+00
     57.500      6.148   4.802894     1.9031     0.2234      6.114    25.8157    30.0985    18.9224    18.9179    4985.83    36.0117     3.7624     5.3768     71.699    168.029      8.125  0.000e+00
     57.750      6.136   4.804544     1.8907     0.1837      6.102    25.8381    30.1209    18.9097    18.9052    4985.80    36.0366     3.7149     5.3089     70.787    165.907      8.125  0.000e+00
     58.000      6.136   4.806029     1.8820     0.1916      6.102    25.8566    30.1394    18.9000    18.8955    4985.79    36.0576     3.6820     5.2619     70.156    164.436      8.124  0.000e+00
     58.250      6.129   4.807069     1.8721     0.1996      6.096    25.8644    30.1472    18.8989    18.8943    4985.81    36.0674     3.6492     5.2150     69.533    162.971      8.122  0.000e+00
     58.500      6.123   4.806811     1.8630     0.2035      6.089    25.8525    30.1352    18.9099    18.9054    4985.87    36.0556     3.6207     5.1744     69.001    161.702      8.125  0.000e+00
     58.750      6.123   4.805189     1.8552     0.1877      6.089    25.8243    30.1069    18.9292    18.9246    4985.94    36.0251     3.5994     5.1439     68.607    160.750      8.124  0.000e+00
     59.000      6.123   4.802083     1.8455     0.1936      6.089    25.7869    30.0695    18.9480    18.9435    4985.96    35.9825     3.5734     5.1068     68.118    159.589      8.124  0.000e+00
     59.250      6.135   4.797530     1.8381     0.1817      6.102    25.7454    30.0281    18.9613    18.9567    4985.90    35.9327     3.5556     5.0813     67.775    158.793      8.123  0.000e+00
     59.500      6.129   4.792018     1.8307     0.1817      6.095    25.7075    29.9905    18.9639    18.9593    4985.74    35.8841     3.5395     5.0583     67.451    158.074      8.125  0.000e+00
     59.750      6.160   4.785764     1.8233     0.1817      6.126    25.6750    29.9583    18.9556    18.9510    4985.50    35.8387     3.5252     5.0378     67.150    157.435      8.124  0.000e+00
     60.000      6.160   4.782585     1.8181     0.1877      6.126    25.6684    29.9521    18.9404    18.9359    4985.30    35.8251     3.5163     5.0251     66.957    157.038      8.126  0.000e+00
