cruises/baja2025/cnv/20250504_cast1.cnv
* Sea-Bird SBE19plus Data File:
* FileName = C:\Users\ScienceTech\OneDrive - Western Flyer Foundation\Desktop\ProfilingCTD\data\Leg 3\20250504_T2_cast1.hex
* Software Version 1.59
* Temperature SN =  8289
* Conductivity SN =  8289
* System UpLoad Time = May 04 2025 19:04:16
** Start 1607Z
** 27-21.39'N
** 112 13.86'W
** To 335m
# nquan = 18
# nvalues = 5382                                  
# units = specified
# name 0 = timeS: Time, Elapsed [seconds]
# name 1 = prdM: Pressure, Strain Gauge [db]
# name 2 = c0S/m: Conductivity [S/m]
# name 3 = sbeox0V: Oxygen raw, SBE 43 [V]
# name 4 = flECO-AFL: Fluorescence, WET Labs ECO-AFL/FL [mg/m^3]
# name 5 = depSM: Depth [salt water, m], lat = 0.00
# name 6 = sigma-t00: Density [sigma-t, kg/m^3 ]
# name 7 = sigma-100: Density [sigma-1, kg/m^3 ]
# name 8 = tv268C: Temperature [IPTS-68, deg C]
# name 9 = tv290C: Temperature [ITS-90, deg C]
# name 10 = svCF: Sound Velocity [Chen-Millero, ft/s]
# name 11 = sal00: Salinity, Practical [PSU]
# name 12 = sbeox0ML/L: Oxygen, SBE 43 [ml/l]
# name 13 = sbeox0Mg/L: Oxygen, SBE 43 [mg/l]
# name 14 = sbeox0PS: Oxygen, SBE 43 [% saturation]
# name 15 = sbeox0Mm/L: Oxygen, SBE 43 [umol/l]
# name 16 = ph: pH
# name 17 = flag:  0.000e+00
# span 0 =      0.000,   1345.250                 
# span 1 =     -0.183,    347.133                 
# span 2 =   0.001167,   4.815802                 
# span 3 =     0.9698,     2.9011                 
# span 4 =    -0.1654,   128.7138                 
# span 5 =     -0.182,    344.936                 
# span 6 =    -2.2611,    26.4886                 
# span 7 =     2.1980,    30.9098                 
# span 8 =    12.1023,    22.2045                 
# span 9 =    12.0994,    22.1992                 
# span 10 =    4860.29,    4996.99                
# span 11 =     0.0140,    35.5991                
# span 12 =     1.4586,     7.3538                
# span 13 =     2.0845,    10.5093                
# span 14 =     24.681,    134.372                
# span 15 =     65.142,    328.422                
# span 16 =      7.296,      8.240                
# span 17 = 0.0000e+00, 0.0000e+00                
# interval = seconds: 0.25
# start_time = May 04 2025 09:06:59 [Instrument's time stamp, header]
# bad_flag = -9.990e-29
*END*
[from data line 965]
    241.250      5.998   4.742750     2.8671     0.7153      5.965    25.1708    29.4537    19.2064    19.2018    4985.69    35.2634     6.5226     9.3214    124.398    291.298      8.140  0.000e+00
    241.500      5.985   4.743135     2.8663     0.7590      5.952    25.1729    29.4558    19.2067    19.2021    4985.70    35.2663     6.5204     9.3183    124.360    291.202      8.138  0.000e+00
    241.750      5.991   4.744883     2.8671     0.7828      5.958    25.1826    29.4654    19.2084    19.2038    4985.77    35.2795     6.5232     9.3223    124.427    291.325      8.138  0.000e+00
    242.000      6.010   4.751036     2.8688     0.7828      5.977    25.2166    29.4991    19.2140    19.2094    4985.99    35.3260     6.5246     9.3244    124.502    291.390      8.137  0.000e+00
    242.250      6.066   4.755692     2.8679     0.7729      6.032    25.2263    29.5083    19.2361    19.2315    4986.27    35.3461     6.5176     9.3144    124.434    291.078      8.140  0.000e+00
    242.500      6.115   4.759906     2.8679     0.5864      6.082    25.2214    29.5028    19.2711    19.2665    4986.62    35.3515     6.5111     9.3051    124.394    290.787      8.140  0.000e+00
    242.750      6.171   4.762150     2.8675     0.5824      6.137    25.2025    29.4834    19.3076    19.3029    4986.92    35.3391     6.5037     9.2944    124.327    290.454      8.142  0.000e+00
    243.000      6.208   4.762500     2.8677     0.5804      6.174    25.1757    29.4562    19.3396    19.3350    4987.12    35.3148     6.4988     9.2874    124.289    290.237      8.143  0.000e+00
    243.250      6.233   4.761220     2.8692     0.5745      6.199    25.1494    29.4298    19.3596    19.3550    4987.21    35.2872     6.5013     9.2910    124.363    290.349      8.142  0.000e+00
    243.500      6.215   4.759812     2.8694     0.4852      6.180    25.1324    29.4128    19.3686    19.3639    4987.22    35.2679     6.5019     9.2918    124.380    290.374      8.143  0.000e+00
    243.750      6.208   4.760512     2.8683     0.4793      6.174    25.1388    29.4192    19.3664    19.3617    4987.23    35.2756     6.4975     9.2855    124.296    290.177      8.142  0.000e+00
    244.000      6.171   4.759655     2.8682     0.4793      6.137    25.1346    29.4150    19.3651    19.3604    4987.19    35.2696     6.4967     9.2845    124.274    290.143      8.145  0.000e+00
    244.250      6.115   4.758855     2.8706     0.4852      6.082    25.1313    29.4118    19.3630    19.3584    4987.15    35.2647     6.5058     9.2975    124.440    290.551      8.146  0.000e+00
    244.500      6.085   4.759241     2.8737     0.4733      6.051    25.1379    29.4184    19.3585    19.3539    4987.13    35.2717     6.5175     9.3142    124.659    291.072      8.145  0.000e+00
    244.750      6.035   4.760577     2.8760     0.5705      6.002    25.1490    29.4294    19.3557    19.3510    4987.15    35.2852     6.5271     9.3279    124.846    291.502      8.146  0.000e+00
    245.000      5.991   4.759298     2.8764     0.5804      5.958    25.1393    29.4198    19.3574    19.3528    4987.12    35.2731     6.5307     9.3330    124.909    291.661      8.143  0.000e+00
    245.250      5.991   4.761892     2.8773     0.5884      5.958    25.1549    29.4353    19.3584    19.3537    4987.21    35.2939     6.5337     9.3373    124.985    291.796      8.144  0.000e+00
    245.500      5.979   4.763264     2.8793     0.5864      5.946    25.1588    29.4390    19.3637    19.3590    4987.28    35.3008     6.5406     9.3472    125.134    292.105      8.145  0.000e+00
    245.750      6.004   4.764100     2.8806     0.4753      5.971    25.1548    29.4349    19.3740    19.3693    4987.37    35.2990     6.5446     9.3530    125.234    292.284      8.146  0.000e+00
    246.000      6.023   4.764965     2.8793     0.4912      5.989    25.1516    29.4315    19.3835    19.3789    4987.46    35.2981     6.5378     9.3432    125.125    291.980      8.144  0.000e+00
    246.250      6.066   4.766688     2.8813     0.4932      6.033    25.1538    29.4336    19.3931    19.3885    4987.57    35.3043     6.5393     9.3453    125.180    292.046      8.146  0.000e+00
    246.500      6.097   4.767874     2.8826     0.4753      6.063    25.1520    29.4316    19.4034    19.3988    4987.67    35.3054     6.5397     9.3458    125.211    292.062      8.145  0.000e+00
    246.750      6.115   4.766051     2.8831     0.4634      6.082    25.1307    29.4103    19.4142    19.4095    4987.68    35.2812     6.5397     9.3459    125.219    292.064      8.148  0.000e+00
    247.000      6.146   4.764192     2.8838     0.4475      6.112    25.1161    29.3958    19.4172    19.4126    4987.65    35.2631     6.5418     9.3489    125.252    292.157      8.145  0.000e+00
    247.250      6.165   4.763520     2.8824     0.4575      6.131    25.1176    29.3974    19.4109    19.4062    4987.59    35.2629     6.5369     9.3419    125.143    291.937      8.147  0.000e+00
    247.500      6.177   4.761477     2.8795     0.4614      6.143    25.1117    29.3917    19.4031    19.3984    4987.48    35.2526     6.5259     9.3261    124.907    291.446      8.148  0.000e+00
    247.750      6.165   4.760612     2.8758     0.4575      6.131    25.1166    29.3967    19.3916    19.3870    4987.38    35.2550     6.5118     9.3060    124.613    290.817      8.149  0.000e+00
    248.000      6.152   4.758533     2.8752     0.6062      6.119    25.1133    29.3936    19.3807    19.3760    4987.25    35.2470     6.5078     9.3003    124.505    290.637      8.145  0.000e+00
    248.250      6.128   4.759269     2.8753     0.6201      6.094    25.1296    29.4100    19.3678    19.3632    4987.19    35.2641     6.5048     9.2960    124.431    290.504      8.148  0.000e+00
    248.500      6.097   4.759591     2.8772     0.6261      6.063    25.1390    29.4195    19.3597    19.3551    4987.15    35.2736     6.5101     9.3037    124.522    290.743      8.145  0.000e+00
    248.750      6.085   4.759905     2.8777     0.6023      6.051    25.1427    29.4232    19.3579    19.3532    4987.15    35.2778     6.5132     9.3080    124.579    290.879      8.146  0.000e+00
    249.000      6.060   4.760577     2.8786     0.7709      6.026    25.1465    29.4270    19.3584    19.3537    4987.17    35.2830     6.5185     9.3156    124.686    291.118      8.146  0.000e+00
    249.250      6.035   4.760805     2.8773     0.7768      6.002    25.1465    29.4269    19.3600    19.3554    4987.19    35.2835     6.5187     9.3159    124.693    291.125      8.148  0.000e+00
    249.500      6.023   4.761091     2.8752     0.7570      5.989    25.1456    29.4259    19.3630    19.3584    4987.21    35.2833     6.5147     9.3101    124.624    290.946      8.147  0.000e+00
    249.750      6.010   4.761441     2.8749     0.7729      5.977    25.1454    29.4257    19.3657    19.3611    4987.24    35.2840     6.5143     9.3096    124.623    290.929      8.145  0.000e+00
    250.000      6.010   4.761956     2.8748     0.7193      5.977    25.1463    29.4266    19.3683    19.3636    4987.27    35.2860     6.5122     9.3066    124.590    290.835      8.147  0.000e+00
    250.250      6.016   4.762342     2.8770     0.7193      5.983    25.1461    29.4263    19.3712    19.3666    4987.30    35.2868     6.5173     9.3139    124.696    291.064      8.150  0.000e+00
    250.500      6.035   4.762656     2.8788     0.7014      6.002    25.1447    29.4248    19.3750    19.3703    4987.34    35.2862     6.5225     9.3214    124.804    291.297      8.149  0.000e+00
    250.750      6.066   4.763013     2.8806     0.6955      6.033    25.1438    29.4239    19.3785    19.3738    4987.37    35.2862     6.5300     9.3320    124.954    291.630      8.147  0.000e+00
    251.000      6.091   4.763171     2.8826     0.7133      6.057    25.1420    29.4221    19.3815    19.3769    4987.39    35.2849     6.5392     9.3451    125.136    292.039      8.146  0.000e+00
    251.250      6.122   4.763778     2.8824     0.6380      6.088    25.1434    29.4235    19.3842    19.3795    4987.43    35.2877     6.5421     9.3493    125.200    292.170      8.149  0.000e+00
    251.500      6.140   4.764128     2.8824     0.6439      6.107    25.1427    29.4226    19.3875    19.3829    4987.46    35.2878     6.5438     9.3517    125.240    292.245      8.148  0.000e+00
    251.750      6.171   4.764035     2.8835     0.6439      6.137    25.1389    29.4188    19.3910    19.3863    4987.48    35.2840     6.5467     9.3558    125.300    292.374      8.148  0.000e+00
    252.000      6.171   4.764193     2.8848     0.6439      6.137    25.1377    29.4176    19.3934    19.3887    4987.50    35.2833     6.5494     9.3598    125.358    292.497      8.150  0.000e+00
    252.250      6.165   4.764193     2.8884     0.6122      6.131    25.1366    29.4165    19.3946    19.3899    4987.51    35.2823     6.5594     9.3740    125.550    292.941      8.150  0.000e+00
    252.500      6.147   4.764293     2.8899     0.6062      6.113    25.1361    29.4160    19.3959    19.3912    4987.52    35.2820     6.5638     9.3803    125.638    293.139      8.148  0.000e+00
    252.750      6.134   4.764707     2.8897     0.6062      6.101    25.1383    29.4182    19.3963    19.3917    4987.53    35.2851     6.5630     9.3793    125.627    293.106      8.148  0.000e+00
    253.000      6.097   4.764736     2.8877     0.6082      6.064    25.1368    29.4166    19.3983    19.3936    4987.54    35.2837     6.5556     9.3686    125.488    292.772      8.151  0.000e+00
    253.250      6.060   4.764929     2.8845     0.6320      6.026    25.1368    29.4165    19.3996    19.3950    4987.56    35.2842     6.5431     9.3507    125.251    292.213      8.148  0.000e+00
    253.500      6.041   4.767781     2.8824     0.6459      6.008    25.1533    29.4329    19.4014    19.3967    4987.65    35.3064     6.5310     9.3335    125.042    291.676      8.152  0.000e+00
    253.750      6.017   4.769283     2.8814     0.6439      5.983    25.1554    29.4349    19.4096    19.4049    4987.75    35.3119     6.5208     9.3189    124.870    291.220      8.149  0.000e+00
    254.000      6.017   4.768582     2.8809     0.6400      5.983    25.1385    29.4179    19.4233    19.4187    4987.81    35.2945     6.5133     9.3081    124.743    290.882      8.149  0.000e+00
    254.250      6.041   4.770055     2.8820     0.6380      6.008    25.1416    29.4208    19.4302    19.4256    4987.90    35.3009     6.5122     9.3065    124.743    290.833      8.148  0.000e+00
    254.500      6.060   4.771013     2.8832     0.5447      6.027    25.1413    29.4204    19.4372    19.4326    4987.97    35.3029     6.5159     9.3118    124.831    290.998      8.148  0.000e+00
    254.750      6.073   4.771914     2.8838     0.5388      6.039    25.1386    29.4175    19.4465    19.4419    4988.06    35.3025     6.5201     9.3179    124.934    291.188      8.150  0.000e+00
    255.000      6.085   4.773388     2.8835     0.5547      6.051    25.1403    29.4191    19.4549    19.4503    4988.15    35.3076     6.5224     9.3211    125.001    291.290      8.154  0.000e+00
    255.250      6.091   4.773745     2.8827     0.5626      6.058    25.1337    29.4124    19.4647    19.4600    4988.22    35.3023     6.5222     9.3209    125.016    291.282      8.150  0.000e+00
    255.500      6.110   4.773996     2.8808     0.4793      6.076    25.1283    29.4069    19.4724    19.4678    4988.28    35.2978     6.5165     9.3128    124.922    291.029      8.151  0.000e+00
    255.750      6.097   4.774253     2.8793     0.4674      6.064    25.1248    29.4033    19.4781    19.4734    4988.32    35.2952     6.5098     9.3031    124.803    290.727      8.151  0.000e+00
    256.000      6.104   4.773967     2.8793     0.4733      6.070    25.1197    29.3981    19.4818    19.4771    4988.34    35.2897     6.5073     9.2996    124.760    290.616      8.149  0.000e+00
    256.250      6.085   4.773867     2.8815     0.4872      6.052    25.1177    29.3962    19.4832    19.4786    4988.34    35.2876     6.5125     9.3070    124.861    290.848      8.152  0.000e+00
    256.500      6.091   4.771528     2.8824     0.4198      6.058    25.1028    29.3814    19.4833    19.4787    4988.27    35.2681     6.5163     9.3125    124.921    291.020      8.151  0.000e+00
    256.750      6.085   4.771943     2.8843     0.4158      6.052    25.1111    29.3897    19.4771    19.4724    4988.24    35.2769     6.5246     9.3244    125.072    291.390      8.152  0.000e+00
    257.000      6.066   4.773037     2.8860     0.4217      6.033    25.1238    29.4025    19.4707    19.4660    4988.24    35.2914     6.5337     9.3373    125.242    291.796      8.152  0.000e+00
    257.250      6.073   4.773903     2.8876     0.4257      6.039    25.1288    29.4074    19.4712    19.4666    4988.27    35.2981     6.5427     9.3502    125.420    292.197      8.151  0.000e+00
    257.500      6.079   4.774124     2.8871     0.4257      6.046    25.1262    29.4047    19.4757    19.4710    4988.30    35.2962     6.5436     9.3515    125.447    292.238      8.151  0.000e+00
    257.750      6.085   4.774189     2.8886     0.4813      6.052    25.1228    29.4013    19.4798    19.4752    4988.33    35.2932     6.5489     9.3590    125.555    292.472      8.152  0.000e+00
    258.000      6.097   4.774160     2.8892     0.4753      6.064    25.1198    29.3983    19.4830    19.4783    4988.35    35.2903     6.5500     9.3606    125.582    292.524      8.150  0.000e+00
    258.250      6.104   4.774031     2.8899     0.4852      6.070    25.1177    29.3962    19.4844    19.4797    4988.35    35.2880     6.5502     9.3609    125.588    292.533      8.150  0.000e+00
    258.500      6.116   4.773488     2.8879     0.4991      6.082    25.1142    29.3927    19.4844    19.4798    4988.34    35.2834     6.5421     9.3493    125.428    292.169      8.151  0.000e+00
    258.750      6.122   4.772522     2.8847     0.4475      6.088    25.1094    29.3880    19.4830    19.4783    4988.30    35.2767     6.5281     9.3294    125.153    291.546      8.152  0.000e+00
    259.000      6.110   4.771399     2.8842     0.4456      6.076    25.1063    29.3850    19.4785    19.4739    4988.24    35.2711     6.5232     9.3223    125.044    291.326      8.151  0.000e+00
    259.250      6.091   4.772365     2.8843     0.4475      6.058    25.1186    29.3973    19.4717    19.4670    4988.22    35.2849     6.5207     9.3188    124.991    291.217      8.152  0.000e+00
    259.500      6.066   4.773681     2.8869     0.4575      6.033    25.1296    29.4082    19.4689    19.4642    4988.25    35.2983     6.5281     9.3294    125.136    291.547      8.152  0.000e+00
    259.750      6.048   4.773488     2.8895     0.4852      6.014    25.1250    29.4036    19.4725    19.4679    4988.26    35.2935     6.5370     9.3420    125.311    291.943      8.153  0.000e+00
    260.000      6.023   4.773645     2.8921     0.4971      5.990    25.1231    29.4016    19.4758    19.4711    4988.29    35.2921     6.5481     9.3579    125.530    292.438      8.153  0.000e+00
    260.250      6.017   4.774060     2.8929     0.4852      5.984    25.1236    29.4021    19.4781    19.4734    4988.31    35.2936     6.5546     9.3672    125.662    292.730      8.152  0.000e+00
    260.500      6.004   4.774031     2.8932     0.4932      5.971    25.1212    29.3997    19.4806    19.4759    4988.33    35.2913     6.5602     9.3751    125.772    292.977      8.151  0.000e+00
    260.750      6.011   4.774124     2.8938     0.4932      5.978    25.1200    29.3984    19.4826    19.4779    4988.34    35.2903     6.5648     9.3817    125.865    293.183      8.150  0.000e+00
    261.000      6.017   4.774031     2.8927     0.4257      5.984    25.1181    29.3965    19.4840    19.4793    4988.35    35.2884     6.5603     9.3753    125.779    292.981      8.152  0.000e+00
