cruises/baja2025/cnv/20250430_cast2.cnv
* Sea-Bird SBE19plus Data File:
* FileName = C:\Users\ScienceTech\OneDrive - Western Flyer Foundation\Desktop\ProfilingCTD\data\20250430_Seamount2_cast1.hex
* Software Version 1.59
* Temperature SN =  8289
* Conductivity SN =  8289
* System UpLoad Time = Apr 30 2025 18:32:27
** "Seamount2"
** 27-18.113
** 112-05.848
** 520m of water
** SB cast 31
** WF cast 16
# nquan = 18
# nvalues = 7522                                  
# units = specified
# name 0 = timeS: Time, Elapsed [seconds]
# name 1 = prdM: Pressure, Strain Gauge [db]
# name 2 = c0S/m: Conductivity [S/m]
# name 3 = sbeox0V: Oxygen raw, SBE 43 [V]
# name 4 = flECO-AFL: Fluorescence, WET Labs ECO-AFL/FL [mg/m^3]
# name 5 = depSM: Depth [salt water, m], lat = 0.00
# name 6 = sigma-t00: Density [sigma-t, kg/m^3 ]
# name 7 = sigma-100: Density [sigma-1, kg/m^3 ]
# name 8 = tv268C: Temperature [IPTS-68, deg C]
# name 9 = tv290C: Temperature [ITS-90, deg C]
# name 10 = svCF: Sound Velocity [Chen-Millero, ft/s]
# name 11 = sal00: Salinity, Practical [PSU]
# name 12 = sbeox0ML/L: Oxygen, SBE 43 [ml/l]
# name 13 = sbeox0Mg/L: Oxygen, SBE 43 [mg/l]
# name 14 = sbeox0PS: Oxygen, SBE 43 [% saturation]
# name 15 = sbeox0Mm/L: Oxygen, SBE 43 [umol/l]
# name 16 = ph: pH
# name 17 = flag:  0.000e+00
# span 0 =      0.000,   1880.250                 
# span 1 =     -0.171,    435.455                 
# span 2 =   0.027764,   5.026865                 
# span 3 =     0.6971,     3.6775                 
# span 4 =    -0.1694,   128.7217                 
# span 5 =     -0.170,    432.607                 
# span 6 =    -2.0911,    26.7537                 
# span 7 =     2.3727,    31.2197                 
# span 8 =    10.0018,    21.9131                 
# span 9 =     9.9994,    21.9078                 
# span 10 =    4861.82,    5008.96                
# span 11 =     0.1426,    35.6436                
# span 12 =     0.6033,     8.9840                
# span 13 =     0.8622,    12.8391                
# span 14 =      9.544,    179.260                
# span 15 =     26.945,    401.227                
# span 16 =      7.582,      8.285                
# span 17 = 0.0000e+00, 0.0000e+00                
# interval = seconds: 0.25
# start_time = Apr 30 2025 15:46:16 [Instrument's time stamp, header]
# bad_flag = -9.990e-29
*END*
[from data line 2734]
    683.500    229.209   4.106169     1.0752    -0.0801    227.824    26.3417    30.7416    13.0549    13.0518    4934.68    34.9473     1.7814     2.5458     30.077     79.558      7.723  0.000e+00
    683.750    229.383   4.106055     1.0752    -0.0702    227.996    26.3413    30.7412    13.0543    13.0512    4934.68    34.9467     1.7820     2.5467     30.086     79.584      7.722  0.000e+00
    684.000    229.550   4.105914     1.0746    -0.0702    228.162    26.3410    30.7409    13.0535    13.0504    4934.68    34.9460     1.7800     2.5438     30.051     79.494      7.721  0.000e+00
    684.250    229.730   4.105887     1.0748    -0.0702    228.341    26.3417    30.7417    13.0524    13.0493    4934.68    34.9467     1.7815     2.5459     30.076     79.561      7.723  0.000e+00
    684.500    229.910   4.105833     1.0752    -0.0643    228.519    26.3421    30.7421    13.0515    13.0484    4934.68    34.9470     1.7851     2.5510     30.136     79.721      7.723  0.000e+00
    684.750    230.102   4.105800     1.0743    -0.0543    228.710    26.3425    30.7425    13.0508    13.0476    4934.68    34.9472     1.7822     2.5469     30.087     79.592      7.724  0.000e+00
    685.000    230.275   4.105753     1.0744    -0.0781    228.883    26.3427    30.7427    13.0501    13.0470    4934.69    34.9473     1.7832     2.5484     30.105     79.640      7.722  0.000e+00
    685.250    230.443   4.105665     1.0732    -0.0682    229.049    26.3424    30.7425    13.0496    13.0464    4934.69    34.9469     1.7784     2.5415     30.022     79.422      7.720  0.000e+00
    685.500    230.610   4.105612     1.0732    -0.0702    229.215    26.3423    30.7424    13.0492    13.0461    4934.69    34.9467     1.7786     2.5418     30.025     79.432      7.723  0.000e+00
    685.750    230.753   4.105692     1.0724    -0.0643    229.357    26.3435    30.7436    13.0485    13.0454    4934.70    34.9480     1.7747     2.5362     29.959     79.257      7.724  0.000e+00
    686.000    230.901   4.105612     1.0725    -0.0682    229.505    26.3432    30.7433    13.0482    13.0450    4934.70    34.9475     1.7746     2.5361     29.958     79.254      7.722  0.000e+00
    686.250    231.044   4.105598     1.0724    -0.0702    229.646    26.3435    30.7436    13.0477    13.0446    4934.70    34.9477     1.7739     2.5351     29.945     79.222      7.722  0.000e+00
    686.500    231.180   4.105666     1.0726    -0.0702    229.782    26.3440    30.7442    13.0476    13.0444    4934.71    34.9485     1.7749     2.5365     29.962     79.266      7.722  0.000e+00
    686.750    231.329   4.105639     1.0731    -0.0801    229.930    26.3439    30.7440    13.0474    13.0443    4934.72    34.9483     1.7790     2.5423     30.031     79.449      7.722  0.000e+00
    687.000    231.496   4.105552     1.0732    -0.0643    230.096    26.3433    30.7434    13.0473    13.0442    4934.72    34.9475     1.7813     2.5457     30.070     79.553      7.722  0.000e+00
    687.250    231.676   4.105330     1.0730    -0.0623    230.274    26.3418    30.7420    13.0471    13.0440    4934.72    34.9455     1.7826     2.5474     30.091     79.609      7.723  0.000e+00
    687.500    231.844   4.105195     1.0726    -0.0781    230.441    26.3416    30.7418    13.0462    13.0431    4934.72    34.9449     1.7816     2.5461     30.074     79.566      7.723  0.000e+00
    687.750    232.030   4.105101     1.0739    -0.0623    230.625    26.3421    30.7423    13.0449    13.0417    4934.72    34.9452     1.7878     2.5550     30.178     79.845      7.722  0.000e+00
    688.000    232.197   4.105028     1.0742    -0.0643    230.792    26.3425    30.7428    13.0437    13.0406    4934.71    34.9455     1.7898     2.5578     30.211     79.933      7.720  0.000e+00
    688.250    232.377   4.104913     1.0742    -0.0682    230.970    26.3426    30.7429    13.0426    13.0395    4934.71    34.9453     1.7900     2.5581     30.214     79.943      7.723  0.000e+00
    688.500    232.538   4.104860     1.0736    -0.0623    231.131    26.3430    30.7433    13.0417    13.0386    4934.71    34.9456     1.7876     2.5547     30.173     79.834      7.724  0.000e+00
    688.750    232.693   4.104719     1.0735    -0.0722    231.284    26.3429    30.7432    13.0406    13.0375    4934.71    34.9452     1.7861     2.5526     30.147     79.769      7.723  0.000e+00
    689.000    232.854   4.104356     1.0739    -0.0702    231.445    26.3414    30.7417    13.0393    13.0362    4934.69    34.9429     1.7874     2.5543     30.166     79.823      7.724  0.000e+00
    689.250    233.022   4.104201     1.0730    -0.0722    231.611    26.3416    30.7419    13.0378    13.0347    4934.68    34.9427     1.7836     2.5490     30.103     79.657      7.722  0.000e+00
    689.500    233.171   4.103966     1.0719    -0.0643    231.759    26.3415    30.7420    13.0359    13.0327    4934.67    34.9422     1.7774     2.5401     29.996     79.379      7.723  0.000e+00
    689.750    233.332   4.103717     1.0729    -0.0781    231.919    26.3418    30.7423    13.0336    13.0304    4934.65    34.9419     1.7791     2.5425     30.023     79.454      7.723  0.000e+00
    690.000    233.518   4.103523     1.0725    -0.0623    232.104    26.3423    30.7428    13.0313    13.0282    4934.64    34.9420     1.7776     2.5403     29.996     79.386      7.722  0.000e+00
    690.250    233.691   4.103496     1.0716    -0.0643    232.276    26.3438    30.7444    13.0294    13.0263    4934.63    34.9435     1.7741     2.5353     29.936     79.230      7.723  0.000e+00
    690.500    233.852   4.103442     1.0719    -0.0623    232.436    26.3449    30.7455    13.0277    13.0246    4934.63    34.9445     1.7755     2.5374     29.960     79.296      7.722  0.000e+00
    690.750    234.007   4.103415     1.0718    -0.0643    232.590    26.3458    30.7464    13.0265    13.0234    4934.62    34.9452     1.7756     2.5374     29.960     79.296      7.722  0.000e+00
    691.000    234.168   4.103389     1.0714    -0.0643    232.750    26.3463    30.7469    13.0257    13.0226    4934.63    34.9457     1.7744     2.5358     29.940     79.246      7.723  0.000e+00
    691.250    234.317   4.103301     1.0710    -0.0623    232.898    26.3462    30.7468    13.0250    13.0219    4934.63    34.9454     1.7736     2.5347     29.927     79.211      7.723  0.000e+00
    691.500    234.478   4.103080     1.0703    -0.0762    233.058    26.3449    30.7456    13.0246    13.0214    4934.62    34.9436     1.7710     2.5309     29.881     79.093      7.722  0.000e+00
    691.750    234.615   4.102744     1.0707    -0.0781    233.193    26.3433    30.7441    13.0235    13.0204    4934.61    34.9413     1.7715     2.5316     29.889     79.114      7.722  0.000e+00
    692.000    234.757   4.102078     1.0713    -0.0801    233.335    26.3404    30.7412    13.0214    13.0183    4934.58    34.9369     1.7755     2.5374     29.954     79.294      7.721  0.000e+00
    692.250    234.894   4.100271     1.0713    -0.0781    233.470    26.3303    30.7312    13.0178    13.0147    4934.49    34.9229     1.7770     2.5395     29.975     79.361      7.722  0.000e+00
    692.500    235.030   4.099438     1.0710    -0.0762    233.606    26.3314    30.7325    13.0098    13.0067    4934.41    34.9224     1.7768     2.5393     29.967     79.354      7.724  0.000e+00
    692.750    235.179   4.099049     1.0706    -0.0623    233.754    26.3374    30.7386    13.0000    12.9969    4934.33    34.9275     1.7760     2.5381     29.948     79.316      7.721  0.000e+00
    693.000    235.328   4.098908     1.0697    -0.0524    233.902    26.3430    30.7444    12.9927    12.9896    4934.28    34.9329     1.7728     2.5335     29.890     79.173      7.722  0.000e+00
    693.250    235.483   4.098854     1.0697    -0.0543    234.056    26.3473    30.7487    12.9876    12.9845    4934.25    34.9371     1.7726     2.5332     29.884     79.163      7.723  0.000e+00
    693.500    235.650   4.098827     1.0685    -0.0623    234.222    26.3498    30.7513    12.9845    12.9814    4934.23    34.9395     1.7671     2.5254     29.791     78.920      7.719  0.000e+00
    693.750    235.824   4.098801     1.0685    -0.0484    234.394    26.3511    30.7526    12.9828    12.9797    4934.23    34.9408     1.7651     2.5226     29.756     78.831      7.723  0.000e+00
    694.000    236.028   4.098801     1.0678    -0.0781    234.597    26.3518    30.7534    12.9819    12.9788    4934.23    34.9415     1.7611     2.5168     29.688     78.651      7.722  0.000e+00
    694.250    236.227   4.098579     1.0660    -0.0643    234.794    26.3506    30.7522    12.9814    12.9783    4934.23    34.9398     1.7530     2.5053     29.551     78.290      7.722  0.000e+00
    694.500    236.419   4.098505     1.0653    -0.0682    234.985    26.3506    30.7522    12.9807    12.9776    4934.23    34.9396     1.7493     2.5000     29.488     78.125      7.721  0.000e+00
    694.750    236.580   4.098049     1.0635    -0.0781    235.145    26.3485    30.7501    12.9793    12.9762    4934.21    34.9365     1.7412     2.4884     29.350     77.762      7.720  0.000e+00
    695.000    236.753   4.097713     1.0619    -0.0702    235.318    26.3476    30.7493    12.9775    12.9744    4934.20    34.9349     1.7335     2.4774     29.219     77.419      7.718  0.000e+00
    695.250    236.921   4.097162     1.0619    -0.0682    235.484    26.3459    30.7477    12.9749    12.9718    4934.17    34.9320     1.7323     2.4756     29.196     77.364      7.718  0.000e+00
    695.500    237.082   4.096524     1.0607    -0.0643    235.644    26.3444    30.7463    12.9713    12.9682    4934.13    34.9292     1.7282     2.4698     29.125     77.182      7.721  0.000e+00
    695.750    237.237   4.096390     1.0598    -0.0781    235.798    26.3474    30.7494    12.9669    12.9637    4934.10    34.9319     1.7247     2.4648     29.064     77.027      7.719  0.000e+00
    696.000    237.392   4.096135     1.0595    -0.0682    235.952    26.3489    30.7509    12.9631    12.9600    4934.07    34.9328     1.7253     2.4657     29.072     77.054      7.719  0.000e+00
    696.250    237.541   4.095524     1.0577    -0.0623    236.100    26.3472    30.7493    12.9600    12.9569    4934.03    34.9298     1.7208     2.4592     28.993     76.850      7.720  0.000e+00
    696.500    237.689   4.095188     1.0575    -0.0543    236.248    26.3480    30.7502    12.9563    12.9532    4934.00    34.9300     1.7212     2.4598     28.999     76.871      7.720  0.000e+00
    696.750    237.851   4.094906     1.0555    -0.0781    236.408    26.3492    30.7514    12.9528    12.9497    4933.97    34.9305     1.7151     2.4511     28.893     76.597      7.721  0.000e+00
    697.000    238.006   4.094497     1.0552    -0.0643    236.562    26.3491    30.7514    12.9494    12.9463    4933.94    34.9296     1.7143     2.4500     28.878     76.562      7.718  0.000e+00
    697.250    238.167   4.094081     1.0533    -0.0643    236.722    26.3490    30.7514    12.9462    12.9431    4933.91    34.9286     1.7062     2.4384     28.740     76.200      7.716  0.000e+00
    697.500    238.334   4.093745     1.0512    -0.0623    236.888    26.3495    30.7520    12.9428    12.9397    4933.88    34.9284     1.6974     2.4257     28.588     75.804      7.718  0.000e+00
    697.750    238.477   4.093691     1.0491    -0.0702    237.030    26.3521    30.7545    12.9396    12.9365    4933.86    34.9308     1.6878     2.4120     28.426     75.377      7.719  0.000e+00
    698.000    238.613   4.093638     1.0491    -0.0623    237.165    26.3538    30.7563    12.9372    12.9341    4933.85    34.9324     1.6869     2.4108     28.410     75.339      7.719  0.000e+00
    698.250    238.768   4.093443     1.0472    -0.0623    237.319    26.3537    30.7563    12.9356    12.9325    4933.84    34.9320     1.6802     2.4012     28.296     75.039      7.717  0.000e+00
    698.500    238.923   4.093302     1.0454    -0.0702    237.473    26.3543    30.7569    12.9338    12.9307    4933.83    34.9322     1.6727     2.3904     28.168     74.702      7.718  0.000e+00
    698.750    239.084   4.093249     1.0444    -0.0643    237.633    26.3553    30.7579    12.9322    12.9291    4933.82    34.9331     1.6703     2.3870     28.126     74.594      7.715  0.000e+00
    699.000    239.245   4.093255     1.0437    -0.0781    237.793    26.3567    30.7593    12.9307    12.9276    4933.82    34.9345     1.6684     2.3842     28.094     74.509      7.717  0.000e+00
    699.250    239.450   4.093249     1.0419    -0.0702    237.997    26.3571    30.7598    12.9301    12.9270    4933.83    34.9349     1.6637     2.3776     28.016     74.303      7.716  0.000e+00
    699.500    239.648   4.093276     1.0407    -0.0603    238.194    26.3576    30.7603    12.9297    12.9266    4933.83    34.9355     1.6612     2.3740     27.972     74.188      7.715  0.000e+00
    699.750    239.853   4.093222     1.0396    -0.0623    238.397    26.3574    30.7601    12.9294    12.9263    4933.84    34.9351     1.6578     2.3692     27.916     74.040      7.716  0.000e+00
    700.000    240.058   4.093316     1.0402    -0.0385    238.600    26.3583    30.7610    12.9291    12.9260    4933.85    34.9362     1.6613     2.3742     27.975     74.196      7.716  0.000e+00
    700.250    240.225   4.093330     1.0396    -0.0702    238.766    26.3586    30.7613    12.9289    12.9258    4933.86    34.9365     1.6630     2.3765     28.002     74.268      7.714  0.000e+00
    700.500    240.374   4.093363     1.0386    -0.0781    238.914    26.3589    30.7616    12.9287    12.9256    4933.87    34.9369     1.6616     2.3746     27.979     74.207      7.716  0.000e+00
    700.750    240.522   4.093363     1.0387    -0.0623    239.062    26.3589    30.7616    12.9287    12.9256    4933.88    34.9368     1.6643     2.3784     28.024     74.327      7.715  0.000e+00
    701.000    240.659   4.093316     1.0383    -0.0702    239.197    26.3585    30.7612    12.9287    12.9256    4933.88    34.9363     1.6650     2.3795     28.037     74.359      7.715  0.000e+00
    701.250    240.795   4.093330     1.0380    -0.0702    239.333    26.3587    30.7614    12.9286    12.9255    4933.89    34.9365     1.6669     2.3822     28.068     74.444      7.717  0.000e+00
    701.500    240.925   4.093303     1.0394    -0.0702    239.462    26.3586    30.7613    12.9284    12.9253    4933.89    34.9363     1.6746     2.3932     28.198     74.789      7.717  0.000e+00
    701.750    241.062   4.093303     1.0392    -0.0781    239.597    26.3587    30.7614    12.9283    12.9252    4933.90    34.9364     1.6759     2.3950     28.220     74.846      7.714  0.000e+00
    702.000    241.210   4.093364     1.0394    -0.0623    239.745    26.3593    30.7620    12.9281    12.9250    4933.91    34.9371     1.6778     2.3977     28.251     74.929      7.717  0.000e+00
    702.250    241.365   4.093317     1.0389    -0.0484    239.899    26.3588    30.7615    12.9281    12.9250    4933.91    34.9366     1.6774     2.3972     28.245     74.914      7.715  0.000e+00
    702.500    241.527   4.093303     1.0393    -0.0762    240.059    26.3588    30.7615    12.9280    12.9249    4933.92    34.9365     1.6802     2.4011     28.291     75.036      7.716  0.000e+00
    702.750    241.694   4.093330     1.0396    -0.0781    240.226    26.3591    30.7619    12.9278    12.9247    4933.93    34.9369     1.6816     2.4031     28.315     75.099      7.717  0.000e+00
    703.000    241.868   4.093277     1.0403    -0.0603    240.398    26.3588    30.7616    12.9276    12.9245    4933.94    34.9364     1.6853     2.4085     28.378     75.266      7.718  0.000e+00
    703.250    242.035   4.093283     1.0409    -0.0543    240.564    26.3588    30.7616    12.9276    12.9245    4933.94    34.9364     1.6881     2.4125     28.425     75.392      7.717  0.000e+00
