cruises/baja2025/cnv/20250423.cnv
* Sea-Bird SBE19plus Data File:
* FileName = C:\Users\ScienceTech\OneDrive - Western Flyer Foundation\Desktop\ProfilingCTD\data\20250423_Monserrat_cast11.hex
* Software Version 1.59
* Temperature SN =  8289
* Conductivity SN =  8289
* System UpLoad Time = Apr 23 2025 14:21:48
** Monserrat
** 4/23/2025, 1345 UTC
** 25 43.363'N
** 110 59.363'W
** ~310 m water depth
# nquan = 18
# nvalues = 5394                                  
# units = specified
# name 0 = timeS: Time, Elapsed [seconds]
# name 1 = prdM: Pressure, Strain Gauge [db]
# name 2 = c0S/m: Conductivity [S/m]
# name 3 = sbeox0V: Oxygen raw, SBE 43 [V]
# name 4 = flECO-AFL: Fluorescence, WET Labs ECO-AFL/FL [mg/m^3]
# name 5 = depSM: Depth [salt water, m], lat = 0.00
# name 6 = sigma-t00: Density [sigma-t, kg/m^3 ]
# name 7 = sigma-100: Density [sigma-1, kg/m^3 ]
# name 8 = tv268C: Temperature [IPTS-68, deg C]
# name 9 = tv290C: Temperature [ITS-90, deg C]
# name 10 = svCF: Sound Velocity [Chen-Millero, ft/s]
# name 11 = sal00: Salinity, Practical [PSU]
# name 12 = sbeox0ML/L: Oxygen, SBE 43 [ml/l]
# name 13 = sbeox0Mg/L: Oxygen, SBE 43 [mg/l]
# name 14 = sbeox0PS: Oxygen, SBE 43 [% saturation]
# name 15 = sbeox0Mm/L: Oxygen, SBE 43 [umol/l]
# name 16 = ph: pH
# name 17 = flag:  0.000e+00
# span 0 =      0.000,   1348.250                 
# span 1 =     -0.170,    328.120                 
# span 2 =  -0.296874,   5.045928                 
# span 3 =     0.5542,     3.1035                 
# span 4 =    -0.1615,     0.4932                 
# span 5 =     -0.169,    326.058                 
# span 6 =    -1.9749,    26.6297                 
# span 7 =     2.5073,    31.0803                 
# span 8 =    10.5672,    21.9831                 
# span 9 =    10.5646,    21.9779                 
# span 10 =    4870.33,    5011.06                
# span 11 =     0.0000,    35.5940                
# span 12 =     0.0844,     8.0363                
# span 13 =     0.1206,    11.4846                
# span 14 =      1.351,    141.158                
# span 15 =      3.770,    358.900                
# span 16 =      7.033,      8.170                
# span 17 = 0.0000e+00, 0.0000e+00                
# interval = seconds: 0.25
# start_time = Apr 23 2025 06:41:37 [Instrument's time stamp, header]
# bad_flag = -9.990e-29
*END*
[from data line 2413]
    603.250    172.156   4.048090     0.6841    -0.0702    171.139    26.3641    30.7719    12.5801    12.5770    4926.02    34.8543     0.5210     0.7445      8.705     23.267      7.608  0.000e+00
    603.500    172.348   4.048311     0.6851    -0.0623    171.330    26.3650    30.7728    12.5808    12.5778    4926.04    34.8557     0.5248     0.7501      8.770     23.440      7.609  0.000e+00
    603.750    172.534   4.048552     0.6864    -0.0702    171.514    26.3654    30.7732    12.5823    12.5792    4926.07    34.8566     0.5315     0.7596      8.882     23.738      7.608  0.000e+00
    604.000    172.720   4.048692     0.6874    -0.0682    171.699    26.3648    30.7726    12.5839    12.5809    4926.10    34.8563     0.5370     0.7674      8.974     23.982      7.608  0.000e+00
    604.250    172.881   4.048639     0.6885    -0.0702    171.859    26.3630    30.7708    12.5855    12.5825    4926.11    34.8543     0.5415     0.7739      9.050     24.185      7.604  0.000e+00
    604.500    173.042   4.048478     0.6889    -0.0623    172.019    26.3608    30.7686    12.5864    12.5834    4926.12    34.8518     0.5429     0.7759      9.073     24.247      7.608  0.000e+00
    604.750    173.191   4.048325     0.6885    -0.0702    172.167    26.3599    30.7677    12.5861    12.5831    4926.12    34.8505     0.5389     0.7701      9.005     24.065      7.609  0.000e+00
    605.000    173.333   4.048231     0.6905    -0.0543    172.309    26.3598    30.7676    12.5855    12.5825    4926.12    34.8501     0.5453     0.7793      9.112     24.352      7.608  0.000e+00
    605.250    173.525   4.047950     0.6914    -0.0841    172.500    26.3585    30.7664    12.5845    12.5815    4926.12    34.8482     0.5473     0.7822      9.146     24.444      7.606  0.000e+00
    605.500    173.693   4.047409     0.6916    -0.0524    172.666    26.3559    30.7638    12.5829    12.5799    4926.09    34.8445     0.5468     0.7814      9.137     24.420      7.610  0.000e+00
    605.750    173.860   4.046975     0.6928    -0.0623    172.832    26.3549    30.7629    12.5804    12.5774    4926.07    34.8425     0.5504     0.7866      9.197     24.583      7.610  0.000e+00
    606.000    174.021   4.045986     0.6929    -0.0623    172.992    26.3505    30.7586    12.5770    12.5740    4926.01    34.8361     0.5501     0.7861      9.190     24.567      7.606  0.000e+00
    606.250    174.164   4.045492     0.6935    -0.0702    173.134    26.3515    30.7597    12.5719    12.5689    4925.96    34.8360     0.5518     0.7885      9.217     24.641      7.608  0.000e+00
    606.500    174.306   4.045278     0.6928    -0.0563    173.276    26.3546    30.7629    12.5667    12.5637    4925.92    34.8387     0.5482     0.7834      9.156     24.481      7.607  0.000e+00
    606.750    174.443   4.046407     0.6928    -0.0623    173.411    26.3668    30.7751    12.5625    12.5595    4925.94    34.8534     0.5462     0.7806      9.123     24.393      7.607  0.000e+00
    607.000    174.585   4.046808     0.6924    -0.0702    173.553    26.3694    30.7776    12.5629    12.5599    4925.97    34.8568     0.5408     0.7728      9.033     24.151      7.611  0.000e+00
    607.250    174.740   4.047951     0.6913    -0.0682    173.707    26.3750    30.7832    12.5660    12.5630    4926.04    34.8649     0.5333     0.7622      8.909     23.818      7.609  0.000e+00
    607.500    174.895   4.047904     0.6909    -0.0762    173.861    26.3698    30.7779    12.5713    12.5682    4926.09    34.8595     0.5290     0.7560      8.838     23.626      7.608  0.000e+00
    607.750    175.056   4.047209     0.6900    -0.0722    174.021    26.3608    30.7689    12.5754    12.5723    4926.10    34.8489     0.5223     0.7465      8.727     23.327      7.605  0.000e+00
    608.000    175.236   4.047082     0.6872    -0.0702    174.200    26.3597    30.7678    12.5755    12.5725    4926.11    34.8475     0.5087     0.7270      8.499     22.719      7.607  0.000e+00
    608.250    175.397   4.046835     0.6881    -0.0801    174.360    26.3589    30.7670    12.5743    12.5713    4926.10    34.8461     0.5095     0.7281      8.512     22.755      7.608  0.000e+00
    608.500    175.565   4.046180     0.6895    -0.0702    174.526    26.3555    30.7637    12.5727    12.5696    4926.07    34.8413     0.5158     0.7372      8.617     23.037      7.608  0.000e+00
    608.750    175.720   4.046234     0.6878    -0.0643    174.680    26.3583    30.7665    12.5699    12.5669    4926.06    34.8443     0.5104     0.7294      8.526     22.793      7.608  0.000e+00
    609.000    175.887   4.046969     0.6880    -0.0603    174.846    26.3658    30.7740    12.5677    12.5647    4926.08    34.8534     0.5128     0.7329      8.567     22.904      7.606  0.000e+00
    609.250    176.042   4.048012     0.6878    -0.0702    175.000    26.3729    30.7811    12.5683    12.5653    4926.13    34.8628     0.5143     0.7350      8.592     22.970      7.607  0.000e+00
    609.500    176.216   4.048119     0.6882    -0.0543    175.173    26.3700    30.7781    12.5724    12.5693    4926.17    34.8600     0.5179     0.7402      8.653     23.131      7.605  0.000e+00
    609.750    176.408   4.047263     0.6892    -0.0702    175.364    26.3601    30.7682    12.5761    12.5731    4926.18    34.8482     0.5254     0.7508      8.778     23.464      7.609  0.000e+00
    610.000    176.581   4.046368     0.6882    -0.0643    175.536    26.3538    30.7620    12.5757    12.5726    4926.15    34.8399     0.5242     0.7491      8.757     23.410      7.606  0.000e+00
    610.250    176.749   4.045519     0.6886    -0.0702    175.703    26.3513    30.7596    12.5714    12.5684    4926.10    34.8356     0.5246     0.7497      8.763     23.428      7.606  0.000e+00
    610.500    176.910   4.044430     0.6875    -0.0623    175.863    26.3485    30.7569    12.5655    12.5625    4926.02    34.8305     0.5198     0.7429      8.682     23.216      7.608  0.000e+00
    610.750    177.028   4.043976     0.6898    -0.0861    175.980    26.3521    30.7606    12.5579    12.5548    4925.95    34.8332     0.5305     0.7581      8.858     23.690      7.606  0.000e+00
    611.000    177.139   4.043555     0.6898    -0.0623    176.091    26.3550    30.7637    12.5511    12.5481    4925.89    34.8353     0.5317     0.7598      8.877     23.744      7.609  0.000e+00
    611.250    177.251   4.043576     0.6913    -0.0682    176.201    26.3600    30.7688    12.5458    12.5428    4925.86    34.8404     0.5388     0.7699      8.995     24.061      7.605  0.000e+00
    611.500    177.400   4.043442     0.6903    -0.0643    176.349    26.3620    30.7708    12.5425    12.5395    4925.84    34.8421     0.5354     0.7652      8.939     23.912      7.609  0.000e+00
    611.750    177.567   4.041064     0.6905    -0.0702    176.516    26.3462    30.7552    12.5403    12.5373    4925.74    34.8212     0.5363     0.7664      8.951     23.949      7.605  0.000e+00
    612.000    177.753   4.035990     0.6907    -0.0762    176.700    26.3151    30.7245    12.5328    12.5298    4925.50    34.7792     0.5380     0.7689      8.977     24.027      7.606  0.000e+00
    612.250    177.939   4.033907     0.6875    -0.0682    176.885    26.3201    30.7300    12.5102    12.5072    4925.27    34.7799     0.5233     0.7478      8.727     23.370      7.607  0.000e+00
    612.500    178.125   4.034108     0.6866    -0.0702    177.070    26.3454    30.7557    12.4841    12.4811    4925.09    34.8060     0.5158     0.7371      8.599     23.036      7.605  0.000e+00
    612.750    178.292   4.033307     0.6853    -0.0643    177.236    26.3545    30.7650    12.4675    12.4646    4924.94    34.8135     0.5046     0.7211      8.410     22.535      7.608  0.000e+00
    613.000    178.428   4.032427     0.6851    -0.0643    177.372    26.3574    30.7681    12.4571    12.4541    4924.84    34.8146     0.5007     0.7156      8.343     22.361      7.607  0.000e+00
    613.250    178.577   4.031606     0.6821    -0.0623    177.519    26.3595    30.7704    12.4480    12.4450    4924.75    34.8151     0.4855     0.6939      8.089     21.683      7.606  0.000e+00
    613.500    178.720   4.030799     0.6791    -0.0623    177.661    26.3614    30.7724    12.4393    12.4363    4924.66    34.8153     0.4708     0.6729      7.843     21.028      7.607  0.000e+00
    613.750    178.881   4.030572     0.6764    -0.0702    177.821    26.3666    30.7778    12.4316    12.4287    4924.61    34.8201     0.4564     0.6523      7.601     20.384      7.605  0.000e+00
    614.000    179.060   4.030486     0.6732    -0.0623    178.000    26.3712    30.7825    12.4258    12.4228    4924.57    34.8246     0.4408     0.6300      7.341     19.688      7.606  0.000e+00
    614.250    179.222   4.030245     0.6691    -0.0722    178.160    26.3727    30.7840    12.4222    12.4192    4924.54    34.8256     0.4227     0.6040      7.038     18.876      7.603  0.000e+00
    614.500    179.420   4.030432     0.6675    -0.0722    178.357    26.3766    30.7879    12.4194    12.4164    4924.54    34.8299     0.4126     0.5896      6.870     18.425      7.606  0.000e+00
    614.750    179.600   4.030746     0.6639    -0.0702    178.535    26.3804    30.7917    12.4178    12.4148    4924.55    34.8343     0.3962     0.5662      6.597     17.694      7.605  0.000e+00
    615.000    179.767   4.030733     0.6603    -0.0781    178.702    26.3803    30.7916    12.4177    12.4147    4924.55    34.8342     0.3803     0.5435      6.333     16.986      7.603  0.000e+00
    615.250    179.928   4.030519     0.6584    -0.0603    178.862    26.3785    30.7899    12.4178    12.4148    4924.55    34.8320     0.3751     0.5360      6.245     16.750      7.603  0.000e+00
    615.500    180.090   4.030273     0.6557    -0.0543    179.022    26.3772    30.7886    12.4172    12.4142    4924.55    34.8301     0.3670     0.5244      6.110     16.389      7.601  0.000e+00
    615.750    180.226   4.030293     0.6549    -0.0643    179.158    26.3785    30.7900    12.4158    12.4128    4924.55    34.8315     0.3677     0.5255      6.123     16.423      7.606  0.000e+00
    616.000    180.387   4.030326     0.6536    -0.0623    179.318    26.3799    30.7913    12.4146    12.4116    4924.55    34.8329     0.3683     0.5264      6.132     16.449      7.603  0.000e+00
    616.250    180.517   4.030486     0.6523    -0.0781    179.447    26.3816    30.7930    12.4140    12.4110    4924.56    34.8350     0.3693     0.5278      6.149     16.493      7.601  0.000e+00
    616.500    180.672   4.030406     0.6537    -0.0722    179.601    26.3805    30.7920    12.4144    12.4115    4924.56    34.8337     0.3808     0.5442      6.340     17.005      7.604  0.000e+00
    616.750    180.821   4.029833     0.6527    -0.0722    179.749    26.3761    30.7876    12.4145    12.4115    4924.55    34.8280     0.3854     0.5507      6.416     17.211      7.603  0.000e+00
    617.000    180.976   4.029606     0.6538    -0.0524    179.903    26.3759    30.7874    12.4128    12.4098    4924.54    34.8273     0.3971     0.5675      6.611     17.734      7.601  0.000e+00
    617.250    181.119   4.029266     0.6542    -0.0702    180.045    26.3752    30.7868    12.4108    12.4078    4924.52    34.8259     0.4051     0.5789      6.744     18.092      7.602  0.000e+00
    617.500    181.267   4.028899     0.6532    -0.0722    180.192    26.3743    30.7859    12.4087    12.4057    4924.50    34.8242     0.4060     0.5801      6.758     18.130      7.603  0.000e+00
    617.750    181.404   4.028665     0.6531    -0.0781    180.328    26.3754    30.7871    12.4055    12.4026    4924.47    34.8248     0.4076     0.5825      6.785     18.204      7.600  0.000e+00
    618.000    181.546   4.028719     0.6536    -0.0702    180.470    26.3780    30.7898    12.4030    12.4000    4924.46    34.8277     0.4115     0.5881      6.850     18.380      7.597  0.000e+00
    618.250    181.726   4.028412     0.6535    -0.0603    180.648    26.3773    30.7891    12.4012    12.3983    4924.45    34.8262     0.4116     0.5882      6.850     18.381      7.602  0.000e+00
    618.500    181.893   4.028339     0.6530    -0.0781    180.815    26.3781    30.7900    12.3996    12.3967    4924.44    34.8269     0.4083     0.5834      6.795     18.233      7.602  0.000e+00
    618.750    182.086   4.028159     0.6530    -0.0643    181.005    26.3781    30.7899    12.3982    12.3952    4924.43    34.8265     0.4082     0.5834      6.794     18.231      7.600  0.000e+00
    619.000    182.284   4.028099     0.6518    -0.0702    181.202    26.3788    30.7906    12.3969    12.3939    4924.43    34.8270     0.4015     0.5738      6.683     17.933      7.597  0.000e+00
    619.250    182.476   4.028419     0.6510    -0.0543    181.393    26.3822    30.7940    12.3957    12.3927    4924.44    34.8311     0.3969     0.5672      6.606     17.727      7.599  0.000e+00
    619.500    182.656   4.028239     0.6503    -0.0643    181.572    26.3805    30.7925    12.3959    12.3929    4924.45    34.8291     0.3935     0.5623      6.549     17.573      7.599  0.000e+00
    619.750    182.823   4.028012     0.6501    -0.0722    181.738    26.3786    30.7905    12.3961    12.3932    4924.45    34.8266     0.3913     0.5592      6.512     17.474      7.602  0.000e+00
    620.000    182.966   4.028239     0.6488    -0.0702    181.880    26.3810    30.7929    12.3953    12.3924    4924.46    34.8295     0.3845     0.5495      6.400     17.173      7.601  0.000e+00
    620.250    183.059   4.029127     0.6478    -0.0603    181.972    26.3881    30.7999    12.3948    12.3919    4924.50    34.8385     0.3796     0.5425      6.318     16.954      7.600  0.000e+00
    620.500    183.164   4.030221     0.6471    -0.0702    182.077    26.3941    30.8059    12.3972    12.3942    4924.56    34.8469     0.3764     0.5379      6.265     16.809      7.599  0.000e+00
    620.750    183.276   4.032116     0.6460    -0.0702    182.188    26.4034    30.8150    12.4025    12.3995    4924.68    34.8602     0.3714     0.5308      6.183     16.587      7.599  0.000e+00
    621.000    183.424   4.033217     0.6463    -0.0722    182.336    26.4034    30.8148    12.4114    12.4085    4924.79    34.8624     0.3736     0.5339      6.221     16.684      7.600  0.000e+00
    621.250    183.592   4.033964     0.6449    -0.0722    182.502    26.4002    30.8114    12.4210    12.4180    4924.90    34.8607     0.3688     0.5271      6.143     16.471      7.599  0.000e+00
    621.500    183.765   4.036761     0.6455    -0.0801    182.674    26.4131    30.8241    12.4297    12.4267    4925.08    34.8796     0.3717     0.5312      6.192     16.600      7.600  0.000e+00
    621.750    183.957   4.037729     0.6471    -0.0563    182.865    26.4091    30.8198    12.4419    12.4389    4925.22    34.8775     0.3809     0.5443      6.347     17.009      7.600  0.000e+00
    622.000    184.125   4.038584     0.6479    -0.0702    183.032    26.4041    30.8146    12.4543    12.4513    4925.35    34.8741     0.3885     0.5552      6.476     17.351      7.600  0.000e+00
    622.250    184.273   4.038871     0.6516    -0.0722    183.179    26.3968    30.8071    12.4646    12.4616    4925.45    34.8673     0.4090     0.5846      6.819     18.268      7.602  0.000e+00
    622.500    184.410   4.039238     0.6543    -0.0722    183.315    26.3932    30.8034    12.4715    12.4685    4925.52    34.8644     0.4269     0.6100      7.117     19.064      7.601  0.000e+00
    622.750    184.565   4.039244     0.6604    -0.0702    183.469    26.3886    30.7988    12.4765    12.4735    4925.56    34.8598     0.4602     0.6576      7.673     20.551      7.602  0.000e+00
