cruises/baja2025/cnv/20250420_cast2.cnv
* Sea-Bird SBE19plus Data File:
* FileName = C:\Users\ScienceTech\OneDrive - Western Flyer Foundation\Desktop\ProfilingCTD\data\20250420_PuntaRefugioDeep_cast9.hex
* Software Version 1.59
* Temperature SN =  8289
* Conductivity SN =  8289
* System UpLoad Time = Apr 20 2025 16:11:05
** PuntaRefugio
** 4/20/2025
** 2230 UT
** 29 39.274'N
** 113 35.438'W
** ~310 m water depth
# nquan = 18
# nvalues = 6314                                  
# units = specified
# name 0 = timeS: Time, Elapsed [seconds]
# name 1 = prdM: Pressure, Strain Gauge [db]
# name 2 = c0S/m: Conductivity [S/m]
# name 3 = sbeox0V: Oxygen raw, SBE 43 [V]
# name 4 = flECO-AFL: Fluorescence, WET Labs ECO-AFL/FL [mg/m^3]
# name 5 = depSM: Depth [salt water, m], lat = 0.00
# name 6 = sigma-t00: Density [sigma-t, kg/m^3 ]
# name 7 = sigma-100: Density [sigma-1, kg/m^3 ]
# name 8 = tv268C: Temperature [IPTS-68, deg C]
# name 9 = tv290C: Temperature [ITS-90, deg C]
# name 10 = svCF: Sound Velocity [Chen-Millero, ft/s]
# name 11 = sal00: Salinity, Practical [PSU]
# name 12 = sbeox0ML/L: Oxygen, SBE 43 [ml/l]
# name 13 = sbeox0Mg/L: Oxygen, SBE 43 [mg/l]
# name 14 = sbeox0PS: Oxygen, SBE 43 [% saturation]
# name 15 = sbeox0Mm/L: Oxygen, SBE 43 [umol/l]
# name 16 = ph: pH
# name 17 = flag:  0.000e+00
# span 0 =      0.000,   1578.250                 
# span 1 =     -0.128,    319.208                 
# span 2 =  -0.519925,   4.846772                 
# span 3 =     1.0155,     3.2628                 
# span 4 =    -0.1654,   128.7019                 
# span 5 =     -0.127,    317.209                 
# span 6 =    -3.1709,    26.9238                 
# span 7 =     1.2284,    31.2243                 
# span 8 =    12.7782,    25.8411                 
# span 9 =    12.7751,    25.8349                 
# span 10 =    4842.09,    5006.23                
# span 11 =     0.0000,    37.0004                
# span 12 =     1.6169,     7.9274                
# span 13 =     2.3107,    11.3291                
# span 14 =     27.154,    151.561                
# span 15 =     72.210,    354.040                
# span 16 =      7.308,      8.168                
# span 17 = 0.0000e+00, 0.0000e+00                
# interval = seconds: 0.25
# start_time = Apr 20 2025 15:20:31 [Instrument's time stamp, header]
# bad_flag = -9.990e-29
*END*
[from data line 4101]
   1025.250    300.663   4.103913     1.0898    -0.0702    298.794    26.4023    30.8061    12.9450    12.9419    4937.55    34.9970     1.8445     2.6360     31.081     82.376      7.715  0.000e+00
   1025.500    300.862   4.103913     1.0899    -0.0781    298.991    26.4026    30.8064    12.9447    12.9416    4937.56    34.9973     1.8457     2.6376     31.101     82.427      7.713  0.000e+00
   1025.750    301.029   4.103860     1.0903    -0.0762    299.157    26.4024    30.8062    12.9444    12.9413    4937.56    34.9970     1.8496     2.6432     31.166     82.602      7.714  0.000e+00
   1026.000    301.221   4.103886     1.0900    -0.0702    299.348    26.4028    30.8066    12.9441    12.9410    4937.57    34.9974     1.8504     2.6444     31.180     82.640      7.715  0.000e+00
   1026.250    301.407   4.103833     1.0890    -0.0861    299.533    26.4025    30.8063    12.9439    12.9408    4937.58    34.9970     1.8494     2.6430     31.163     82.594      7.715  0.000e+00
   1026.500    301.581   4.103940     1.0894    -0.0841    299.706    26.4034    30.8073    12.9437    12.9406    4937.59    34.9982     1.8524     2.6473     31.214     82.730      7.714  0.000e+00
   1026.750    301.742   4.103994     1.0897    -0.0643    299.866    26.4038    30.8077    12.9436    12.9405    4937.60    34.9987     1.8541     2.6497     31.243     82.806      7.719  0.000e+00
   1027.000    301.904   4.104088     1.0890    -0.0781    300.026    26.4041    30.8079    12.9441    12.9410    4937.62    34.9991     1.8519     2.6465     31.205     82.705      7.715  0.000e+00
   1027.250    302.059   4.104223     1.0898    -0.0762    300.180    26.4047    30.8086    12.9444    12.9413    4937.63    35.0000     1.8561     2.6526     31.277     82.894      7.713  0.000e+00
   1027.500    302.207   4.104330     1.0896    -0.0702    300.328    26.4049    30.8088    12.9450    12.9419    4937.65    35.0004     1.8555     2.6517     31.267     82.868      7.713  0.000e+00
   1027.750    302.363   4.104445     1.0892    -0.0603    300.482    26.4052    30.8090    12.9456    12.9425    4937.67    35.0009     1.8542     2.6498     31.245     82.806      7.715  0.000e+00
   1028.000    302.530   4.104499     1.0894    -0.0762    300.648    26.4049    30.8087    12.9462    12.9431    4937.68    35.0007     1.8558     2.6521     31.273     82.881      7.713  0.000e+00
   1028.250    302.679   4.104552     1.0890    -0.0623    300.796    26.4047    30.8085    12.9468    12.9437    4937.70    35.0007     1.8548     2.6507     31.257     82.836      7.711  0.000e+00
   1028.500    302.846   4.104640     1.0881    -0.0722    300.962    26.4050    30.8088    12.9472    12.9441    4937.71    35.0011     1.8500     2.6438     31.176     82.620      7.712  0.000e+00
   1028.750    303.026   4.104808     1.0872    -0.0781    301.140    26.4058    30.8096    12.9476    12.9445    4937.73    35.0023     1.8449     2.6365     31.090     82.393      7.712  0.000e+00
   1029.000    303.193   4.105084     1.0872    -0.0702    301.307    26.4070    30.8108    12.9484    12.9453    4937.75    35.0041     1.8438     2.6349     31.072     82.343      7.714  0.000e+00
   1029.250    303.361   4.105279     1.0865    -0.0781    301.473    26.4073    30.8111    12.9496    12.9465    4937.78    35.0048     1.8393     2.6286     30.998     82.144      7.712  0.000e+00
   1029.500    303.510   4.105332     1.0863    -0.0781    301.621    26.4066    30.8104    12.9508    12.9476    4937.80    35.0041     1.8380     2.6267     30.977     82.085      7.713  0.000e+00
   1029.750    303.677   4.105366     1.0852    -0.0781    301.787    26.4060    30.8097    12.9516    12.9485    4937.81    35.0035     1.8334     2.6201     30.899     81.879      7.711  0.000e+00
   1030.000    303.844   4.105420     1.0858    -0.0722    301.953    26.4056    30.8094    12.9524    12.9493    4937.83    35.0033     1.8357     2.6234     30.939     81.984      7.713  0.000e+00
   1030.250    304.024   4.105447     1.0846    -0.0702    302.132    26.4054    30.8092    12.9528    12.9497    4937.84    35.0031     1.8319     2.6180     30.875     81.812      7.713  0.000e+00
   1030.500    304.198   4.105386     1.0841    -0.0781    302.304    26.4047    30.8084    12.9531    12.9499    4937.85    35.0022     1.8309     2.6166     30.858     81.769      7.712  0.000e+00
   1030.750    304.359   4.105420     1.0835    -0.0682    302.464    26.4049    30.8086    12.9531    12.9499    4937.86    35.0025     1.8288     2.6136     30.823     81.675      7.713  0.000e+00
   1031.000    304.514   4.105447     1.0830    -0.0702    302.618    26.4050    30.8088    12.9531    12.9499    4937.87    35.0027     1.8264     2.6100     30.782     81.565      7.712  0.000e+00
   1031.250    304.657   4.105427     1.0824    -0.0543    302.760    26.4049    30.8087    12.9530    12.9499    4937.88    35.0025     1.8242     2.6069     30.744     81.467      7.710  0.000e+00
   1031.500    304.818   4.105474     1.0822    -0.0702    302.920    26.4054    30.8092    12.9528    12.9497    4937.89    35.0031     1.8237     2.6062     30.736     81.446      7.715  0.000e+00
   1031.750    304.985   4.105420     1.0819    -0.0702    303.086    26.4047    30.8084    12.9531    12.9499    4937.89    35.0022     1.8232     2.6056     30.729     81.426      7.715  0.000e+00
   1032.000    305.141   4.105447     1.0804    -0.0702    303.240    26.4050    30.8088    12.9528    12.9497    4937.90    35.0026     1.8167     2.5963     30.619     81.136      7.712  0.000e+00
   1032.250    305.296   4.105360     1.0804    -0.0722    303.394    26.4043    30.8081    12.9528    12.9497    4937.91    35.0017     1.8176     2.5975     30.633     81.172      7.712  0.000e+00
   1032.500    305.451   4.105333     1.0799    -0.0543    303.548    26.4046    30.8084    12.9522    12.9491    4937.91    35.0019     1.8161     2.5954     30.609     81.108      7.710  0.000e+00
   1032.750    305.593   4.105340     1.0804    -0.0603    303.690    26.4050    30.8089    12.9518    12.9487    4937.91    35.0023     1.8189     2.5994     30.656     81.234      7.710  0.000e+00
   1033.000    305.730   4.105528     1.0806    -0.0861    303.826    26.4067    30.8105    12.9515    12.9484    4937.93    35.0044     1.8214     2.6030     30.697     81.344      7.711  0.000e+00
   1033.250    305.860   4.105643     1.0786    -0.0543    303.955    26.4075    30.8113    12.9514    12.9483    4937.94    35.0055     1.8140     2.5924     30.573     81.013      7.711  0.000e+00
   1033.500    306.009   4.105555     1.0793    -0.0781    304.103    26.4061    30.8100    12.9522    12.9491    4937.95    35.0039     1.8172     2.5970     30.627     81.157      7.710  0.000e+00
   1033.750    306.146   4.105528     1.0791    -0.0722    304.238    26.4058    30.8096    12.9523    12.9492    4937.95    35.0034     1.8176     2.5975     30.633     81.172      7.709  0.000e+00
   1034.000    306.257   4.105387     1.0777    -0.0781    304.349    26.4048    30.8086    12.9522    12.9491    4937.95    35.0021     1.8130     2.5909     30.556     80.968      7.709  0.000e+00
   1034.250    306.338   4.105367     1.0772    -0.0603    304.429    26.4051    30.8090    12.9516    12.9485    4937.95    35.0024     1.8096     2.5861     30.499     80.818      7.709  0.000e+00
   1034.500    306.400   4.105334     1.0773    -0.0643    304.491    26.4053    30.8092    12.9511    12.9480    4937.95    35.0026     1.8096     2.5861     30.498     80.818      7.710  0.000e+00
   1034.750    306.431   4.105360     1.0761    -0.0643    304.522    26.4059    30.8097    12.9508    12.9476    4937.95    35.0031     1.8035     2.5774     30.396     80.546      7.710  0.000e+00
   1035.000    306.493   4.105387     1.0765    -0.0702    304.583    26.4063    30.8102    12.9505    12.9474    4937.95    35.0037     1.8056     2.5803     30.430     80.636      7.710  0.000e+00
   1035.250    306.623   4.105192     1.0755    -0.0722    304.713    26.4047    30.8086    12.9506    12.9475    4937.95    35.0016     1.8031     2.5768     30.388     80.526      7.712  0.000e+00
   1035.500    306.754   4.104890     1.0749    -0.0643    304.842    26.4028    30.8067    12.9502    12.9471    4937.95    34.9990     1.7998     2.5720     30.331     80.377      7.710  0.000e+00
   1035.750    306.890   4.104702     1.0746    -0.0623    304.977    26.4027    30.8067    12.9487    12.9456    4937.94    34.9986     1.7992     2.5713     30.321     80.353      7.712  0.000e+00
   1036.000    307.032   4.104554     1.0739    -0.0702    305.119    26.4035    30.8075    12.9466    12.9435    4937.92    34.9990     1.7977     2.5691     30.294     80.285      7.709  0.000e+00
   1036.250    307.169   4.104420     1.0741    -0.0702    305.255    26.4038    30.8078    12.9452    12.9421    4937.91    34.9990     1.7989     2.5709     30.314     80.341      7.708  0.000e+00
   1036.500    307.287   4.104420     1.0739    -0.0841    305.372    26.4051    30.8091    12.9437    12.9406    4937.91    35.0003     1.7987     2.5705     30.309     80.329      7.709  0.000e+00
   1036.750    307.436   4.104474     1.0739    -0.0563    305.519    26.4064    30.8104    12.9427    12.9396    4937.91    35.0017     1.8003     2.5728     30.336     80.401      7.709  0.000e+00
   1037.000    307.560   4.104420     1.0728    -0.0682    305.642    26.4064    30.8104    12.9422    12.9391    4937.91    35.0016     1.7959     2.5666     30.262     80.206      7.709  0.000e+00
   1037.250    307.708   4.104407     1.0728    -0.0702    305.790    26.4064    30.8105    12.9420    12.9389    4937.92    35.0016     1.7973     2.5685     30.285     80.267      7.709  0.000e+00
   1037.500    307.845   4.104225     1.0725    -0.0643    305.926    26.4053    30.8094    12.9417    12.9386    4937.92    35.0001     1.7967     2.5676     30.274     80.240      7.708  0.000e+00
   1037.750    307.975   4.104111     1.0732    -0.0682    306.055    26.4052    30.8093    12.9408    12.9377    4937.91    34.9998     1.8001     2.5726     30.332     80.394      7.710  0.000e+00
   1038.000    308.105   4.104138     1.0724    -0.0524    306.184    26.4062    30.8103    12.9399    12.9368    4937.91    35.0008     1.7976     2.5689     30.288     80.281      7.711  0.000e+00
   1038.250    308.242   4.104030     1.0723    -0.0702    306.320    26.4059    30.8101    12.9393    12.9362    4937.91    35.0002     1.7972     2.5683     30.281     80.262      7.711  0.000e+00
   1038.500    308.390   4.103943     1.0730    -0.0781    306.467    26.4058    30.8099    12.9387    12.9356    4937.91    34.9999     1.8008     2.5736     30.342     80.425      7.710  0.000e+00
   1038.750    308.533   4.103916     1.0718    -0.0682    306.609    26.4061    30.8103    12.9381    12.9350    4937.92    35.0002     1.7971     2.5682     30.279     80.259      7.710  0.000e+00
   1039.000    308.688   4.103802     1.0717    -0.0563    306.763    26.4060    30.8102    12.9373    12.9342    4937.91    34.9998     1.7971     2.5682     30.278     80.259      7.710  0.000e+00
   1039.250    308.849   4.103722     1.0715    -0.0643    306.923    26.4059    30.8102    12.9366    12.9335    4937.91    34.9996     1.7959     2.5666     30.258     80.206      7.709  0.000e+00
   1039.500    309.004   4.103641     1.0715    -0.0702    307.077    26.4060    30.8102    12.9359    12.9327    4937.91    34.9994     1.7954     2.5658     30.248     80.182      7.708  0.000e+00
   1039.750    309.159   4.103446     1.0718    -0.0682    307.231    26.4053    30.8096    12.9350    12.9319    4937.91    34.9983     1.7964     2.5673     30.265     80.228      7.711  0.000e+00
   1040.000    309.321   4.103332     1.0720    -0.0643    307.391    26.4054    30.8097    12.9338    12.9307    4937.90    34.9982     1.7986     2.5704     30.302     80.327      7.710  0.000e+00
   1040.250    309.470   4.103191     1.0725    -0.0781    307.539    26.4055    30.8099    12.9325    12.9294    4937.90    34.9980     1.8017     2.5748     30.352     80.462      7.709  0.000e+00
   1040.500    309.612   4.103137     1.0709    -0.0623    307.681    26.4063    30.8107    12.9312    12.9281    4937.89    34.9987     1.7956     2.5661     30.249     80.191      7.709  0.000e+00
   1040.750    309.774   4.103084     1.0717    -0.0781    307.841    26.4069    30.8113    12.9301    12.9270    4937.89    34.9991     1.7996     2.5718     30.316     80.371      7.710  0.000e+00
   1041.000    309.923   4.102136     1.0708    -0.0702    307.989    26.4009    30.8053    12.9290    12.9259    4937.86    34.9911     1.7959     2.5664     30.250     80.203      7.711  0.000e+00
   1041.250    310.059   4.101552     1.0715    -0.0722    308.124    26.3993    30.8039    12.9258    12.9227    4937.82    34.9883     1.7986     2.5704     30.295     80.327      7.709  0.000e+00
   1041.500    310.177   4.101296     1.0700    -0.0623    308.241    26.4019    30.8065    12.9210    12.9179    4937.78    34.9903     1.7919     2.5608     30.179     80.027      7.707  0.000e+00
   1041.750    310.313   4.101249     1.0703    -0.0543    308.377    26.4054    30.8101    12.9167    12.9136    4937.75    34.9937     1.7919     2.5608     30.177     80.028      7.710  0.000e+00
   1042.000    310.437   4.101303     1.0700    -0.0702    308.500    26.4083    30.8130    12.9139    12.9108    4937.74    34.9968     1.7903     2.5585     30.148     79.953      7.708  0.000e+00
   1042.250    310.580   4.101330     1.0685    -0.0722    308.642    26.4099    30.8146    12.9124    12.9093    4937.74    34.9984     1.7836     2.5489     30.035     79.655      7.710  0.000e+00
   1042.500    310.704   4.101330     1.0680    -0.0603    308.765    26.4105    30.8152    12.9117    12.9086    4937.74    34.9990     1.7813     2.5457     29.997     79.555      7.707  0.000e+00
   1042.750    310.846   4.101156     1.0675    -0.0563    308.906    26.4093    30.8140    12.9115    12.9084    4937.74    34.9974     1.7778     2.5407     29.937     79.399      7.709  0.000e+00
   1043.000    310.964   4.100665     1.0671    -0.0643    309.023    26.4063    30.8111    12.9108    12.9077    4937.72    34.9934     1.7763     2.5385     29.910     79.329      7.707  0.000e+00
   1043.250    311.113   4.100302     1.0664    -0.0781    309.171    26.4053    30.8102    12.9089    12.9058    4937.70    34.9916     1.7730     2.5337     29.852     79.180      7.711  0.000e+00
   1043.500    311.262   4.100054     1.0647    -0.0643    309.319    26.4060    30.8109    12.9061    12.9030    4937.68    34.9918     1.7668     2.5249     29.746     78.903      7.707  0.000e+00
   1043.750    311.417   4.099691     1.0646    -0.0801    309.473    26.4057    30.8107    12.9034    12.9003    4937.66    34.9907     1.7652     2.5227     29.719     78.835      7.704  0.000e+00
   1044.000    311.553   4.099584     1.0636    -0.0801    309.608    26.4075    30.8125    12.9005    12.8974    4937.64    34.9923     1.7617     2.5177     29.658     78.679      7.707  0.000e+00
   1044.250    311.684   4.099523     1.0628    -0.0623    309.738    26.4091    30.8141    12.8983    12.8952    4937.63    34.9937     1.7592     2.5141     29.615     78.567      7.707  0.000e+00
   1044.500    311.820   4.099443     1.0626    -0.0623    309.873    26.4099    30.8150    12.8967    12.8936    4937.62    34.9944     1.7587     2.5134     29.606     78.544      7.708  0.000e+00
   1044.750    311.932   4.099356     1.0612    -0.0623    309.984    26.4103    30.8154    12.8955    12.8924    4937.61    34.9946     1.7531     2.5054     29.511     78.295      7.709  0.000e+00
