cruises/baja2025/cnv/20250424_cast2.cnv
* Sea-Bird SBE19plus Data File:
* FileName = C:\Users\ScienceTech\OneDrive - Western Flyer Foundation\Desktop\ProfilingCTD\data\20250424_SanFrancisquito_cast13.hex
* Software Version 1.59
* Temperature SN =  8289
* Conductivity SN =  8289
* System UpLoad Time = Apr 24 2025 14:54:44
** San Franciscito
** 4/24/2025 1905 UTC
** 24 48.452'N
** 110 29.552'W
** about 300 m on seamount SE of San Franciscito
# nquan = 18
# nvalues = 5628                                  
# units = specified
# name 0 = timeS: Time, Elapsed [seconds]
# name 1 = prdM: Pressure, Strain Gauge [db]
# name 2 = c0S/m: Conductivity [S/m]
# name 3 = sbeox0V: Oxygen raw, SBE 43 [V]
# name 4 = flECO-AFL: Fluorescence, WET Labs ECO-AFL/FL [mg/m^3]
# name 5 = depSM: Depth [salt water, m], lat = 0.00
# name 6 = sigma-t00: Density [sigma-t, kg/m^3 ]
# name 7 = sigma-100: Density [sigma-1, kg/m^3 ]
# name 8 = tv268C: Temperature [IPTS-68, deg C]
# name 9 = tv290C: Temperature [ITS-90, deg C]
# name 10 = svCF: Sound Velocity [Chen-Millero, ft/s]
# name 11 = sal00: Salinity, Practical [PSU]
# name 12 = sbeox0ML/L: Oxygen, SBE 43 [ml/l]
# name 13 = sbeox0Mg/L: Oxygen, SBE 43 [mg/l]
# name 14 = sbeox0PS: Oxygen, SBE 43 [% saturation]
# name 15 = sbeox0Mm/L: Oxygen, SBE 43 [umol/l]
# name 16 = ph: pH
# name 17 = flag:  0.000e+00
# span 0 =      0.000,   1406.750                 
# span 1 =     -0.157,    350.589                 
# span 2 =  -0.467197,   5.242269                 
# span 3 =     0.5338,     3.1809                 
# span 4 =    -0.1734,   128.7495                 
# span 5 =     -0.156,    348.368                 
# span 6 =    -3.9432,    26.8490                 
# span 7 =     0.4149,    31.3035                 
# span 8 =    10.1255,    28.6284                 
# span 9 =    10.1230,    28.6215                 
# span 10 =    4858.85,    5034.81                
# span 11 =     0.0000,    36.1375                
# span 12 =     0.0148,     7.0411                
# span 13 =     0.0211,    10.0624                
# span 14 =      0.217,    144.073                
# span 15 =      0.660,    314.455                
# span 16 =      6.980,      8.188                
# span 17 = 0.0000e+00, 0.0000e+00                
# interval = seconds: 0.25
# start_time = Apr 24 2025 12:03:43 [Instrument's time stamp, header]
# bad_flag = -9.990e-29
*END*
[from data line 644]
    161.000      6.108   5.101240     2.9326    -0.0841      6.074    24.3090    28.5406    22.5979    22.5925    5016.01    35.3407     6.2388     8.9158    126.553    278.624      8.156  0.000e+00
    161.250      6.064   5.101269     2.9324    -0.0940      6.031    24.3093    28.5409    22.5978    22.5924    5016.01    35.3410     6.2372     8.9135    126.520    278.552      8.153  0.000e+00
    161.500      6.046   5.101335     2.9336    -0.0861      6.013    24.3099    28.5416    22.5975    22.5921    5016.01    35.3418     6.2416     8.9199    126.611    278.751      8.155  0.000e+00
    161.750      6.052   5.101380     2.9357    -0.0801      6.019    24.3099    28.5415    22.5978    22.5924    5016.01    35.3419     6.2502     8.9322    126.786    279.135      8.157  0.000e+00
    162.000      6.046   5.101409     2.9356    -0.0643      6.013    24.3097    28.5413    22.5982    22.5928    5016.01    35.3417     6.2535     8.9369    126.853    279.281      8.157  0.000e+00
    162.250      6.052   5.101343     2.9362    -0.0702      6.019    24.3089    28.5405    22.5987    22.5933    5016.01    35.3408     6.2596     8.9455    126.977    279.552      8.156  0.000e+00
    162.500      6.077   5.101174     2.9365    -0.0781      6.044    24.3078    28.5394    22.5988    22.5934    5016.01    35.3394     6.2633     8.9509    127.051    279.718      8.155  0.000e+00
    162.750      6.108   5.101137     2.9350    -0.0881      6.074    24.3085    28.5401    22.5978    22.5924    5016.01    35.3399     6.2604     8.9468    126.991    279.590      8.157  0.000e+00
    163.000      6.133   5.101034     2.9358    -0.0702      6.099    24.3083    28.5400    22.5973    22.5919    5016.00    35.3395     6.2635     8.9511    127.052    279.727      8.155  0.000e+00
    163.250      6.139   5.101063     2.9371    -0.0781      6.105    24.3091    28.5408    22.5966    22.5911    5016.00    35.3404     6.2666     8.9556    127.114    279.867      8.157  0.000e+00
    163.500      6.158   5.101071     2.9386    -0.0920      6.124    24.3096    28.5413    22.5961    22.5906    5016.00    35.3408     6.2704     8.9611    127.191    280.038      8.155  0.000e+00
    163.750      6.139   5.101240     2.9407    -0.0722      6.105    24.3109    28.5426    22.5957    22.5903    5016.00    35.3424     6.2769     8.9703    127.322    280.324      8.156  0.000e+00
    164.000      6.121   5.101372     2.9412    -0.0801      6.087    24.3113    28.5429    22.5963    22.5908    5016.01    35.3430     6.2796     8.9741    127.378    280.445      8.157  0.000e+00
    164.250      6.096   5.101416     2.9413    -0.0861      6.062    24.3106    28.5422    22.5973    22.5919    5016.01    35.3425     6.2807     8.9758    127.404    280.497      8.156  0.000e+00
    164.500      6.089   5.101505     2.9416    -0.0841      6.056    24.3104    28.5420    22.5981    22.5927    5016.02    35.3426     6.2821     8.9778    127.434    280.559      8.159  0.000e+00
    164.750      6.083   5.101409     2.9406    -0.0940      6.050    24.3091    28.5407    22.5989    22.5935    5016.02    35.3412     6.2789     8.9732    127.369    280.415      8.157  0.000e+00
    165.000      6.077   5.101475     2.9391    -0.1019      6.044    24.3090    28.5406    22.5994    22.5940    5016.02    35.3413     6.2721     8.9634    127.232    280.111      8.157  0.000e+00
    165.250      6.090   5.101372     2.9422    -0.0920      6.056    24.3084    28.5400    22.5994    22.5940    5016.02    35.3404     6.2791     8.9735    127.375    280.426      8.155  0.000e+00
    165.500      6.133   5.101372     2.9449    -0.0940      6.099    24.3083    28.5399    22.5995    22.5941    5016.02    35.3404     6.2864     8.9839    127.523    280.751      8.157  0.000e+00
    165.750      6.139   5.101372     2.9459    -0.1000      6.105    24.3087    28.5404    22.5990    22.5936    5016.02    35.3408     6.2901     8.9892    127.597    280.917      8.157  0.000e+00
    166.000      6.151   5.101335     2.9469    -0.0940      6.117    24.3088    28.5404    22.5987    22.5933    5016.02    35.3407     6.2946     8.9956    127.687    281.117      8.157  0.000e+00
    166.250      6.145   5.101335     2.9481    -0.0960      6.111    24.3088    28.5404    22.5987    22.5933    5016.02    35.3407     6.2997     9.0030    127.792    281.347      8.157  0.000e+00
    166.500      6.133   5.101438     2.9464    -0.0920      6.099    24.3094    28.5410    22.5987    22.5933    5016.02    35.3415     6.2954     8.9967    127.703    281.151      8.155  0.000e+00
    166.750      6.083   5.101541     2.9436    -0.0920      6.050    24.3099    28.5416    22.5988    22.5934    5016.02    35.3423     6.2862     8.9836    127.518    280.740      8.159  0.000e+00
    167.000      6.071   5.101505     2.9407    -0.0861      6.038    24.3093    28.5409    22.5993    22.5939    5016.02    35.3416     6.2745     8.9669    127.282    280.220      8.157  0.000e+00
    167.250      6.034   5.101637     2.9404    -0.0841      6.001    24.3097    28.5413    22.5998    22.5943    5016.03    35.3423     6.2679     8.9575    127.150    279.926      8.157  0.000e+00
    167.500      6.040   5.101674     2.9381    -0.0801      6.007    24.3094    28.5409    22.6004    22.5949    5016.03    35.3421     6.2571     8.9420    126.932    279.443      8.155  0.000e+00
    167.750      6.046   5.101637     2.9384    -0.0881      6.013    24.3084    28.5400    22.6012    22.5958    5016.04    35.3411     6.2558     8.9401    126.906    279.383      8.157  0.000e+00
    168.000      6.065   5.101608     2.9396    -0.0801      6.031    24.3079    28.5395    22.6015    22.5961    5016.04    35.3406     6.2587     8.9443    126.965    279.513      8.156  0.000e+00
    168.250      6.096   5.101372     2.9411    -0.0861      6.062    24.3068    28.5384    22.6012    22.5958    5016.03    35.3390     6.2650     8.9534    127.092    279.796      8.155  0.000e+00
    168.500      6.133   5.101372     2.9410    -0.0643      6.099    24.3075    28.5391    22.6004    22.5949    5016.03    35.3397     6.2685     8.9583    127.161    279.952      8.159  0.000e+00
    168.750      6.164   5.101306     2.9407    -0.0841      6.130    24.3078    28.5394    22.5997    22.5942    5016.02    35.3397     6.2712     8.9622    127.214    280.073      8.155  0.000e+00
    169.000      6.177   5.101372     2.9397    -0.0781      6.142    24.3086    28.5403    22.5991    22.5937    5016.02    35.3407     6.2707     8.9614    127.203    280.048      8.159  0.000e+00
    169.250      6.177   5.101372     2.9363    -0.0861      6.143    24.3088    28.5404    22.5989    22.5935    5016.02    35.3408     6.2603     8.9466    126.992    279.585      8.159  0.000e+00
    169.500      6.170   5.101438     2.9364    -0.0801      6.136    24.3092    28.5408    22.5989    22.5935    5016.02    35.3414     6.2594     8.9453    126.975    279.546      8.159  0.000e+00
    169.750      6.146   5.101608     2.9368    -0.0643      6.112    24.3100    28.5416    22.5992    22.5938    5016.03    35.3424     6.2585     8.9440    126.957    279.503      8.157  0.000e+00
    170.000      6.121   5.101637     2.9370    -0.0801      6.087    24.3096    28.5412    22.5999    22.5944    5016.03    35.3422     6.2577     8.9428    126.942    279.467      8.158  0.000e+00
    170.250      6.109   5.101696     2.9340    -0.0722      6.075    24.3094    28.5410    22.6005    22.5951    5016.04    35.3421     6.2479     8.9289    126.745    279.031      8.157  0.000e+00
    170.500      6.102   5.101703     2.9339    -0.0781      6.069    24.3089    28.5404    22.6011    22.5957    5016.04    35.3417     6.2472     8.9278    126.731    278.999      8.155  0.000e+00
    170.750      6.096   5.101725     2.9368    -0.0861      6.063    24.3087    28.5403    22.6014    22.5960    5016.04    35.3416     6.2568     8.9417    126.928    279.430      8.156  0.000e+00
    171.000      6.103   5.101674     2.9361    -0.0861      6.069    24.3080    28.5395    22.6019    22.5965    5016.04    35.3408     6.2572     8.9421    126.935    279.446      8.157  0.000e+00
    171.250      6.102   5.101806     2.9339    -0.0861      6.069    24.3087    28.5403    22.6019    22.5965    5016.05    35.3418     6.2524     8.9352    126.838    279.230      8.154  0.000e+00
    171.500      6.084   5.101843     2.9342    -0.0781      6.050    24.3085    28.5400    22.6024    22.5970    5016.05    35.3417     6.2527     8.9357    126.846    279.246      8.156  0.000e+00
    171.750      6.090   5.101806     2.9323    -0.0801      6.056    24.3079    28.5395    22.6028    22.5974    5016.05    35.3411     6.2467     8.9271    126.724    278.976      8.157  0.000e+00
    172.000      6.078   5.101806     2.9340    -0.0861      6.044    24.3076    28.5392    22.6031    22.5977    5016.05    35.3408     6.2519     8.9345    126.830    279.208      8.157  0.000e+00
    172.250      6.065   5.101975     2.9340    -0.0861      6.032    24.3086    28.5402    22.6031    22.5977    5016.06    35.3422     6.2530     8.9362    126.855    279.259      8.155  0.000e+00
    172.500      6.053   5.102174     2.9344    -0.0881      6.020    24.3091    28.5406    22.6040    22.5985    5016.07    35.3430     6.2537     8.9371    126.871    279.289      8.156  0.000e+00
    172.750      6.072   5.102108     2.9370    -0.0841      6.038    24.3072    28.5387    22.6056    22.6002    5016.08    35.3412     6.2614     8.9481    127.029    279.632      8.157  0.000e+00
    173.000      6.090   5.101872     2.9353    -0.0722      6.057    24.3051    28.5367    22.6063    22.6009    5016.07    35.3388     6.2587     8.9443    126.974    279.512      8.155  0.000e+00
    173.250      6.115   5.101703     2.9347    -0.0781      6.082    24.3047    28.5362    22.6057    22.6003    5016.07    35.3379     6.2583     8.9437    126.964    279.495      8.155  0.000e+00
    173.500      6.159   5.101335     2.9362    -0.0861      6.125    24.3036    28.5352    22.6045    22.5991    5016.05    35.3361     6.2629     8.9503    127.053    279.700      8.155  0.000e+00
    173.750      6.177   5.100901     2.9380    -0.0801      6.143    24.3033    28.5349    22.6020    22.5966    5016.03    35.3347     6.2695     8.9597    127.180    279.994      8.157  0.000e+00
    174.000      6.208   5.100835     2.9396    -0.0801      6.174    24.3056    28.5373    22.5989    22.5935    5016.01    35.3366     6.2745     8.9668    127.276    280.218      8.155  0.000e+00
    174.250      6.202   5.100769     2.9384    -0.0781      6.168    24.3073    28.5390    22.5967    22.5912    5016.00    35.3380     6.2718     8.9631    127.219    280.099      8.156  0.000e+00
    174.500      6.177   5.101034     2.9371    -0.0781      6.143    24.3105    28.5422    22.5948    22.5894    5015.99    35.3415     6.2673     8.9566    127.126    279.899      8.157  0.000e+00
    174.750      6.153   5.101372     2.9371    -0.0861      6.119    24.3126    28.5443    22.5947    22.5893    5016.00    35.3443     6.2656     8.9542    127.093    279.823      8.157  0.000e+00
    175.000      6.097   5.101556     2.9375    -0.0861      6.063    24.3125    28.5442    22.5961    22.5906    5016.01    35.3446     6.2668     8.9559    127.121    279.876      8.157  0.000e+00
    175.250      6.060   5.101571     2.9396    -0.0841      6.026    24.3111    28.5427    22.5978    22.5924    5016.02    35.3433     6.2721     8.9635    127.231    280.112      8.157  0.000e+00
    175.500      6.041   5.101482     2.9394    -0.0861      6.008    24.3093    28.5409    22.5991    22.5937    5016.02    35.3416     6.2707     8.9614    127.203    280.048      8.160  0.000e+00
    175.750      6.060   5.101438     2.9407    -0.0920      6.027    24.3088    28.5404    22.5994    22.5940    5016.02    35.3410     6.2739     8.9660    127.269    280.192      8.160  0.000e+00
    176.000      6.066   5.101453     2.9412    -0.0781      6.033    24.3087    28.5403    22.5997    22.5942    5016.02    35.3409     6.2762     8.9694    127.317    280.297      8.157  0.000e+00
    176.250      6.072   5.101269     2.9423    -0.0781      6.039    24.3076    28.5392    22.5997    22.5942    5016.02    35.3395     6.2815     8.9769    127.423    280.532      8.155  0.000e+00
    176.500      6.103   5.101034     2.9423    -0.0841      6.069    24.3068    28.5384    22.5990    22.5936    5016.01    35.3381     6.2827     8.9787    127.446    280.587      8.157  0.000e+00
    176.750      6.122   5.100835     2.9400    -0.0702      6.088    24.3070    28.5386    22.5975    22.5921    5016.00    35.3378     6.2755     8.9683    127.295    280.263      8.159  0.000e+00
    177.000      6.128   5.101071     2.9373    -0.0841      6.094    24.3097    28.5414    22.5960    22.5905    5016.00    35.3409     6.2650     8.9533    127.081    279.795      8.158  0.000e+00
    177.250      6.128   5.100938     2.9362    -0.0781      6.094    24.3094    28.5411    22.5954    22.5900    5015.99    35.3403     6.2586     8.9441    126.949    279.508      8.156  0.000e+00
    177.500      6.110   5.100894     2.9375    -0.0881      6.076    24.3094    28.5410    22.5952    22.5898    5015.99    35.3401     6.2602     8.9465    126.982    279.582      8.158  0.000e+00
    177.750      6.091   5.101071     2.9386    -0.0643      6.057    24.3109    28.5425    22.5947    22.5893    5015.99    35.3419     6.2625     8.9497    127.028    279.682      8.155  0.000e+00
    178.000      6.066   5.101203     2.9387    -0.0881      6.033    24.3115    28.5431    22.5949    22.5895    5015.99    35.3428     6.2628     8.9502    127.036    279.699      8.157  0.000e+00
    178.250      6.054   5.101240     2.9377    -0.0841      6.021    24.3109    28.5426    22.5957    22.5903    5016.00    35.3424     6.2605     8.9469    126.990    279.594      8.157  0.000e+00
    178.500      6.054   5.101343     2.9400    -0.0861      6.021    24.3109    28.5425    22.5965    22.5910    5016.00    35.3426     6.2692     8.9593    127.168    279.981      8.159  0.000e+00
    178.750      6.072   5.101240     2.9426    -0.0861      6.039    24.3096    28.5413    22.5972    22.5918    5016.00    35.3413     6.2806     8.9756    127.401    280.493      8.159  0.000e+00
    179.000      6.097   5.100681     2.9415    -0.0801      6.064    24.3063    28.5380    22.5972    22.5918    5015.99    35.3369     6.2802     8.9750    127.389    280.473      8.157  0.000e+00
    179.250      6.147   5.100438     2.9425    -0.0702      6.113    24.3062    28.5379    22.5957    22.5903    5015.98    35.3361     6.2839     8.9803    127.460    280.638      8.155  0.000e+00
    179.500      6.184   5.100372     2.9440    -0.0881      6.150    24.3080    28.5397    22.5933    22.5879    5015.96    35.3376     6.2884     8.9867    127.547    280.840      8.154  0.000e+00
    179.750      6.203   5.100401     2.9449    -0.0781      6.169    24.3103    28.5420    22.5909    22.5855    5015.95    35.3398     6.2913     8.9909    127.602    280.969      8.156  0.000e+00
    180.000      6.209   5.100335     2.9445    -0.0781      6.175    24.3106    28.5424    22.5901    22.5847    5015.95    35.3399     6.2907     8.9901    127.588    280.943      8.160  0.000e+00
    180.250      6.197   5.100401     2.9429    -0.0801      6.162    24.3116    28.5433    22.5895    22.5841    5015.94    35.3409     6.2851     8.9820    127.473    280.691      8.158  0.000e+00
    180.500      6.172   5.100754     2.9413    -0.0801      6.138    24.3137    28.5454    22.5895    22.5841    5015.95    35.3437     6.2772     8.9707    127.315    280.339      8.157  0.000e+00
