cruises/baja2025/cnv/20250418_cast1.cnv
* Sea-Bird SBE19plus Data File:
* FileName = C:\Users\ScienceTech\OneDrive - Western Flyer Foundation\Desktop\ProfilingCTD\data\20250418-SanLucasCove_cast4.hex
* Software Version 1.59
* Temperature SN =  8289
* Conductivity SN =  8289
* System UpLoad Time = Apr 18 2025 15:36:44
** North of San Lucas Cove
** 4/18/2025
** 0250 UTC
** 27 14.834'N
** 112 8.743'W
** ~290 m
# nquan = 18
# nvalues = 4901                                  
# units = specified
# name 0 = timeS: Time, Elapsed [seconds]
# name 1 = prdM: Pressure, Strain Gauge [db]
# name 2 = c0S/m: Conductivity [S/m]
# name 3 = sbeox0V: Oxygen raw, SBE 43 [V]
# name 4 = flECO-AFL: Fluorescence, WET Labs ECO-AFL/FL [mg/m^3]
# name 5 = depSM: Depth [salt water, m], lat = 0.00
# name 6 = sigma-t00: Density [sigma-t, kg/m^3 ]
# name 7 = sigma-100: Density [sigma-1, kg/m^3 ]
# name 8 = tv268C: Temperature [IPTS-68, deg C]
# name 9 = tv290C: Temperature [ITS-90, deg C]
# name 10 = svCF: Sound Velocity [Chen-Millero, ft/s]
# name 11 = sal00: Salinity, Practical [PSU]
# name 12 = sbeox0ML/L: Oxygen, SBE 43 [ml/l]
# name 13 = sbeox0Mg/L: Oxygen, SBE 43 [mg/l]
# name 14 = sbeox0PS: Oxygen, SBE 43 [% saturation]
# name 15 = sbeox0Mm/L: Oxygen, SBE 43 [umol/l]
# name 16 = ph: pH
# name 17 = flag:  0.000e+00
# span 0 =      0.000,   1225.000                 
# span 1 =     -0.146,    307.939                 
# span 2 =  -0.000054,   4.866096                 
# span 3 =     0.7249,     3.6370                 
# span 4 =    -0.1615,     5.8035                 
# span 5 =     -0.145,    306.020                 
# span 6 =    -1.9962,    26.6901                 
# span 7 =     2.4850,    31.1352                 
# span 8 =    10.5179,    20.9583                 
# span 9 =    10.5153,    20.9533                 
# span 10 =    4858.90,    4996.73                
# span 11 =     0.0000,    35.6497                
# span 12 =     0.6839,     8.9285                
# span 13 =     0.9774,    12.7597                
# span 14 =     10.937,    173.306                
# span 15 =     30.543,    398.747                
# span 16 =      7.516,      8.222                
# span 17 = 0.0000e+00, 0.0000e+00                
# interval = seconds: 0.25
# start_time = Apr 17 2025 19:48:52 [Instrument's time stamp, header]
# bad_flag = -9.990e-29
*END*
[from data line 4825]
   1206.250     -0.121   0.023399     2.5116    -0.0643     -0.120    -1.6264     2.8781    19.6541    19.6494    4860.31     0.1260     6.7324     9.6213    105.159    300.670      8.183  0.000e+00
   1206.500     -0.121   0.023045     2.5110    -0.0643     -0.120    -1.6267     2.8779    19.6487    19.6440    4860.25     0.1241     6.7310     9.6193    105.125    300.607      8.185  0.000e+00
   1206.750     -0.133   0.023183     2.5097    -0.0623     -0.132    -1.6250     2.8797    19.6430    19.6383    4860.19     0.1249     6.7266     9.6129    105.043    300.408      8.184  0.000e+00
   1207.000     -0.121   0.022734     2.5096    -0.0861     -0.120    -1.6257     2.8791    19.6376    19.6329    4860.13     0.1225     6.7263     9.6126    105.027    300.396      8.185  0.000e+00
   1207.250     -0.133   0.022242     2.5098    -0.0722     -0.132    -1.6266     2.8783    19.6324    19.6277    4860.06     0.1199     6.7284     9.6156    105.048    300.492      8.181  0.000e+00
   1207.500     -0.127   0.021670     2.5104    -0.0722     -0.126    -1.6279     2.8771    19.6272    19.6225    4860.00     0.1168     6.7318     9.6205    105.088    300.643      8.184  0.000e+00
   1207.750     -0.133   0.021541     2.5090    -0.0524     -0.132    -1.6274     2.8778    19.6220    19.6173    4859.94     0.1162     6.7266     9.6131    104.995    300.412      8.183  0.000e+00
   1208.000     -0.127   0.021341     2.5096    -0.0781     -0.126    -1.6272     2.8781    19.6169    19.6122    4859.89     0.1151     6.7295     9.6172    105.029    300.541      8.182  0.000e+00
   1208.250     -0.127   0.021074     2.5103    -0.0643     -0.126    -1.6272     2.8781    19.6120    19.6073    4859.83     0.1137     6.7337     9.6231    105.083    300.726      8.182  0.000e+00
   1208.500     -0.127   0.020838     2.5099    -0.0623     -0.126    -1.6272     2.8783    19.6070    19.6023    4859.78     0.1125     6.7342     9.6239    105.080    300.750      8.179  0.000e+00
   1208.750     -0.139   0.020625     2.5090    -0.0623     -0.138    -1.6270     2.8785    19.6021    19.5974    4859.72     0.1114     6.7325     9.6214    105.042    300.673      8.180  0.000e+00
   1209.000     -0.127   0.020302     2.5096    -0.0702     -0.126    -1.6274     2.8782    19.5976    19.5929    4859.67     0.1097     6.7349     9.6249    105.070    300.783      8.179  0.000e+00
   1209.250     -0.133   0.019916     2.5097    -0.0702     -0.132    -1.6280     2.8777    19.5928    19.5881    4859.61     0.1076     6.7361     9.6266    105.077    300.836      8.179  0.000e+00
   1209.500     -0.127   0.019566     2.5098    -0.0702     -0.126    -1.6285     2.8773    19.5882    19.5835    4859.56     0.1058     6.7373     9.6283    105.085    300.889      8.181  0.000e+00
   1209.750     -0.133   0.019243     2.5099    -0.0702     -0.132    -1.6290     2.8770    19.5840    19.5793    4859.51     0.1041     6.7394     9.6313    105.107    300.983      8.178  0.000e+00
   1210.000     -0.139   0.018881     2.5093    -0.0702     -0.138    -1.6296     2.8764    19.5799    19.5752    4859.46     0.1022     6.7371     9.6280    105.062    300.881      8.179  0.000e+00
   1210.250     -0.133   0.018624     2.5098    -0.0623     -0.132    -1.6298     2.8763    19.5758    19.5711    4859.42     0.1008     6.7394     9.6313    105.088    300.981      8.178  0.000e+00
   1210.500     -0.133   0.018325     2.5095    -0.0464     -0.132    -1.6301     2.8761    19.5714    19.5667    4859.36     0.0992     6.7395     9.6314    105.079    300.987      8.181  0.000e+00
   1210.750     -0.127   0.018053     2.5088    -0.0643     -0.126    -1.6304     2.8759    19.5675    19.5629    4859.32     0.0978     6.7374     9.6284    105.038    300.893      8.181  0.000e+00
   1211.000     -0.133   0.017829     2.5088    -0.0464     -0.132    -1.6305     2.8759    19.5634    19.5587    4859.27     0.0966     6.7370     9.6279    105.022    300.876      8.180  0.000e+00
   1211.250     -0.127   0.017634     2.5095    -0.0861     -0.126    -1.6304     2.8760    19.5592    19.5545    4859.23     0.0956     6.7402     9.6324    105.061    301.015      8.178  0.000e+00
   1211.500     -0.127   0.017335     2.5088    -0.0524     -0.126    -1.6308     2.8757    19.5553    19.5506    4859.18     0.0941     6.7382     9.6295    105.022    300.927      8.178  0.000e+00
   1211.750     -0.133   0.017090     2.5089    -0.0702     -0.132    -1.6311     2.8756    19.5516    19.5469    4859.14     0.0928     6.7394     9.6313    105.032    300.982      8.178  0.000e+00
   1212.000     -0.120   0.016929     2.5086    -0.0623     -0.120    -1.6309     2.8758    19.5477    19.5430    4859.09     0.0919     6.7392     9.6310    105.020    300.972      8.178  0.000e+00
   1212.250     -0.133   0.016723     2.5092    -0.0762     -0.132    -1.6310     2.8758    19.5440    19.5393    4859.05     0.0909     6.7418     9.6348    105.053    301.091      8.176  0.000e+00
   1212.500     -0.127   0.016436     2.5089    -0.0623     -0.126    -1.6314     2.8755    19.5402    19.5355    4859.01     0.0894     6.7419     9.6349    105.045    301.095      8.176  0.000e+00
   1212.750     -0.139   0.026786     2.5090    -0.0563     -0.138    -1.5884     2.9182    19.5366    19.5319    4859.18     0.1445     6.7413     9.6340    105.062    301.066      8.175  0.000e+00
   1213.000     -0.133   0.390855     2.5098    -0.0623     -0.132     0.0811     4.5731    19.5331    19.5284    4867.42     2.3328     6.6583     9.5154    105.111    297.360      8.175  0.000e+00
   1213.250     -0.133   0.433720     2.5077    -0.0702     -0.132     0.2892     4.7794    19.5305    19.5258    4868.41     2.6057     6.6397     9.4888    104.982    296.530      8.175  0.000e+00
   1213.500     -0.127   0.605259     2.5089    -0.0563     -0.126     1.1344     5.6171    19.5280    19.5234    4872.54     3.7174     6.6009     9.4334    105.051    294.796      8.174  0.000e+00
   1213.750     -0.133   0.558019     2.5086    -0.0643     -0.132     0.9005     5.3854    19.5251    19.5204    4871.36     3.4086     6.6124     9.4497    105.035    295.308      8.172  0.000e+00
   1214.000     -0.139   0.491624     2.5102    -0.0702     -0.138     0.5741     5.0619    19.5219    19.5173    4869.72     2.9781     6.6359     9.4834    105.135    296.360      8.171  0.000e+00
   1214.250     -0.133   0.427869     2.5098    -0.0722     -0.132     0.2639     4.7545    19.5183    19.5137    4868.16     2.5691     6.6515     9.5057    105.120    297.056      8.175  0.000e+00
   1214.500     -0.120   0.371813     2.5114    -0.0702     -0.120    -0.0059     4.4871    19.5145    19.5098    4866.78     2.2133     6.6733     9.5369    105.236    298.032      8.179  0.000e+00
   1214.750     -0.126   0.330640     2.5125    -0.0543     -0.126    -0.2022     4.2927    19.5110    19.5064    4865.78     1.9545     6.6896     9.5602    105.324    298.760      8.174  0.000e+00
   1215.000     -0.126   0.278687     2.5125    -0.0623     -0.126    -0.4476     4.0496    19.5073    19.5027    4864.52     1.6313     6.7047     9.5817    105.352    299.433      8.169  0.000e+00
   1215.250     -0.133   0.222783     2.5136    -0.0722     -0.132    -0.7083     3.7912    19.5038    19.4992    4863.19     1.2882     6.7249     9.6105    105.447    300.332      8.175  0.000e+00
   1215.500     -0.126   0.188023     2.5139    -0.0682     -0.126    -0.8680     3.6330    19.5003    19.4956    4862.36     1.0777     6.7346     9.6244    105.462    300.768      8.171  0.000e+00
   1215.750     -0.139   0.168849     2.5141    -0.0881     -0.138    -0.9551     3.5467    19.4971    19.4924    4861.90     0.9627     6.7400     9.6322    105.468    301.009      8.172  0.000e+00
   1216.000     -0.126   0.154188     2.5140    -0.0722     -0.126    -1.0211     3.4814    19.4937    19.4890    4861.53     0.8753     6.7423     9.6354    105.441    301.110      8.170  0.000e+00
   1216.250     -0.126   0.140109     2.5141    -0.0841     -0.126    -1.0841     3.4190    19.4904    19.4857    4861.18     0.7919     6.7457     9.6403    105.436    301.263      8.177  0.000e+00
   1216.500     -0.126   0.124645     2.5145    -0.0841     -0.126    -1.1530     3.3508    19.4869    19.4823    4860.80     0.7008     6.7494     9.6455    105.429    301.426      8.180  0.000e+00
   1216.750     -0.126   0.116081     2.5154    -0.0543     -0.126    -1.1907     3.3135    19.4841    19.4794    4860.58     0.6507     6.7545     9.6529    105.472    301.656      8.172  0.000e+00
   1217.000     -0.120   0.108389     2.5154    -0.0543     -0.119    -1.2243     3.2802    19.4810    19.4764    4860.38     0.6059     6.7566     9.6559    105.471    301.751      8.164  0.000e+00
   1217.250     -0.139   0.100925     2.5157    -0.0623     -0.138    -1.2569     3.2480    19.4782    19.4735    4860.18     0.5625     6.7591     9.6594    105.476    301.861      8.158  0.000e+00
   1217.500     -0.139   0.095234     2.5162    -0.0722     -0.138    -1.2814     3.2238    19.4751    19.4705    4860.03     0.5296     6.7631     9.6651    105.512    302.040      8.166  0.000e+00
   1217.750     -0.120   0.090189     2.5160    -0.0623     -0.119    -1.3030     3.2024    19.4721    19.4674    4859.89     0.5005     6.7643     9.6668    105.506    302.093      8.170  0.000e+00
   1218.000     -0.132   0.085764     2.5164    -0.0722     -0.132    -1.3219     3.1838    19.4692    19.4645    4859.76     0.4751     6.7671     9.6709    105.528    302.220      8.170  0.000e+00
   1218.250     -0.126   0.093759     2.5163    -0.0722     -0.126    -1.2860     3.2193    19.4663    19.4616    4859.91     0.5212     6.7646     9.6673    105.512    302.109      8.169  0.000e+00
   1218.500     -0.126   0.647937     2.5166    -0.0781     -0.126     1.3658     5.8478    19.4633    19.4586    4872.95     4.0044     6.6276     9.4715    105.519    295.988      8.170  0.000e+00
   1218.750     -0.132   0.586984     2.5165    -0.0563     -0.132     1.0618     5.5465    19.4606    19.4560    4871.43     3.6033     6.6427     9.4930    105.503    296.662      8.172  0.000e+00
   1219.000     -0.126   0.463498     2.5165    -0.0762     -0.126     0.4528     4.9430    19.4579    19.4532    4868.41     2.8012     6.6744     9.5384    105.499    298.078      8.175  0.000e+00
   1219.250     -0.120   0.352240     2.5161    -0.0781     -0.119    -0.0856     4.4094    19.4556    19.4509    4865.73     2.0928     6.7007     9.5759    105.467    299.251      8.174  0.000e+00
   1219.500     -0.126   0.275252     2.5168    -0.0702     -0.126    -0.4512     4.0470    19.4536    19.4490    4863.91     1.6121     6.7222     9.6067    105.501    300.213      8.177  0.000e+00
   1219.750     -0.126   0.230500     2.5176    -0.0682     -0.125    -0.6613     3.8388    19.4548    19.4502    4862.88     1.3368     6.7363     9.6269    105.554    300.843      8.177  0.000e+00
   1220.000     -0.132   0.192953     2.5170    -0.0643     -0.132    -0.8352     3.6665    19.4546    19.4499    4862.01     1.1086     6.7432     9.6367    105.519    301.152      8.176  0.000e+00
   1220.250     -0.126   0.158814     2.5168    -0.0722     -0.125    -0.9911     3.5120    19.4525    19.4479    4861.22     0.9037     6.7511     9.6480    105.510    301.504      8.174  0.000e+00
   1220.500     -0.132   0.110888     2.5170    -0.0682     -0.132    -1.2067     3.2983    19.4504    19.4457    4860.12     0.6209     6.7634     9.6655    105.521    302.051      8.176  0.000e+00
   1220.750     -0.126   0.095839     2.5174    -0.0543     -0.125    -1.2730     3.2326    19.4481    19.4434    4859.77     0.5334     6.7688     9.6733    105.547    302.296      8.174  0.000e+00
   1221.000     -0.126   0.085397     2.5176    -0.0524     -0.125    -1.3186     3.1874    19.4461    19.4414    4859.52     0.4732     6.7726     9.6787    105.564    302.465      8.174  0.000e+00
   1221.250     -0.126   0.079746     2.5182    -0.0543     -0.125    -1.3430     3.1633    19.4441    19.4395    4859.37     0.4408     6.7768     9.6847    105.605    302.652      8.175  0.000e+00
   1221.500     -0.138   0.078081     2.5188    -0.0682     -0.138    -1.3499     3.1566    19.4420    19.4374    4859.31     0.4313     6.7796     9.6887    105.637    302.775      8.176  0.000e+00
   1221.750     -0.126   0.074706     2.5184    -0.0781     -0.125    -1.3642     3.1424    19.4400    19.4353    4859.22     0.4121     6.7794     9.6885    105.619    302.769      8.175  0.000e+00
   1222.000     -0.132   0.069341     2.5194    -0.0623     -0.131    -1.3871     3.1197    19.4380    19.4333    4859.08     0.3815     6.7857     9.6974    105.693    303.047      8.175  0.000e+00
   1222.250     -0.120   0.133892     2.5189    -0.0643     -0.119    -1.1004     3.4040    19.4358    19.4311    4860.49     0.7561     6.7694     9.6741    105.668    302.321      8.175  0.000e+00
   1222.500     -0.138   0.419537     2.5194    -0.0643     -0.138     0.2446     4.7371    19.4339    19.4292    4867.12     2.5209     6.7007     9.5760    105.690    299.254      8.175  0.000e+00
   1222.750     -0.132   0.320129     2.5190    -0.0623     -0.131    -0.2334     4.2634    19.4318    19.4271    4864.74     1.8923     6.7239     9.6091    105.657    300.289      8.175  0.000e+00
   1223.000     -0.132   0.252179     2.5178    -0.0702     -0.131    -0.5542     3.9455    19.4298    19.4251    4863.13     1.4706     6.7350     9.6250    105.564    300.786      8.176  0.000e+00
   1223.250     -0.132   0.206910     2.5196    -0.0643     -0.131    -0.7647     3.7369    19.4275    19.4229    4862.06     1.1939     6.7524     9.6499    105.659    301.562      8.173  0.000e+00
   1223.500     -0.120   0.161967     2.5193    -0.0543     -0.119    -0.9708     3.5327    19.4252    19.4206    4861.01     0.9231     6.7623     9.6640    105.640    302.005      8.175  0.000e+00
   1223.750     -0.132   0.128973     2.5192    -0.0524     -0.131    -1.1199     3.3849    19.4235    19.4188    4860.25     0.7273     6.7702     9.6753    105.637    302.357      8.171  0.000e+00
   1224.000     -0.126   0.108024     2.5196    -0.0643     -0.125    -1.2135     3.2922    19.4222    19.4175    4859.77     0.6046     6.7765     9.6843    105.656    302.637      8.172  0.000e+00
   1224.250     -0.138   0.093530     2.5195    -0.0702     -0.137    -1.2775     3.2287    19.4211    19.4164    4859.44     0.5204     6.7803     9.6898    105.661    302.809      8.172  0.000e+00
   1224.500     -0.132   0.083043     2.5196    -0.0623     -0.131    -1.3236     3.1831    19.4204    19.4157    4859.20     0.4600     6.7833     9.6939    105.667    302.940      8.171  0.000e+00
   1224.750     -0.132   0.075422     2.5205    -0.0643     -0.131    -1.3568     3.1502    19.4195    19.4149    4859.03     0.4163     6.7891     9.7024    105.730    303.203      8.170  0.000e+00
   1225.000     -0.132   0.069632     2.5205    -0.0543     -0.131    -1.3820     3.1252    19.4193    19.4146    4858.90     0.3833     6.7910     9.7051    105.738    303.288      8.172  0.000e+00
