cruises/baja2025/cnv/20250506_cast3.cnv
* Sea-Bird SBE19plus Data File:
* FileName = C:\Users\ScienceTech\OneDrive - Western Flyer Foundation\Desktop\ProfilingCTD\data\2025\Gulf of California\Leg 3\raw data\20250506_PP200_cast1.hex
* Software Version 1.59
* Temperature SN =  8289
* Conductivity SN =  8289
* System UpLoad Time = May 07 2025 18:17:40
** "PP200"
** 27-30.51'N
** 112-18.93'W
** Depth 290m at start, 275m at finish
# nquan = 18
# nvalues = 4962                                  
# units = specified
# name 0 = timeS: Time, Elapsed [seconds]
# name 1 = prdM: Pressure, Strain Gauge [db]
# name 2 = c0S/m: Conductivity [S/m]
# name 3 = sbeox0V: Oxygen raw, SBE 43 [V]
# name 4 = flECO-AFL: Fluorescence, WET Labs ECO-AFL/FL [mg/m^3]
# name 5 = depSM: Depth [salt water, m], lat = 0.00
# name 6 = sigma-t00: Density [sigma-t, kg/m^3 ]
# name 7 = sigma-100: Density [sigma-1, kg/m^3 ]
# name 8 = tv268C: Temperature [IPTS-68, deg C]
# name 9 = tv290C: Temperature [ITS-90, deg C]
# name 10 = svCF: Sound Velocity [Chen-Millero, ft/s]
# name 11 = sal00: Salinity, Practical [PSU]
# name 12 = sbeox0ML/L: Oxygen, SBE 43 [ml/l]
# name 13 = sbeox0Mg/L: Oxygen, SBE 43 [mg/l]
# name 14 = sbeox0PS: Oxygen, SBE 43 [% saturation]
# name 15 = sbeox0Mm/L: Oxygen, SBE 43 [umol/l]
# name 16 = ph: pH
# name 17 = flag:  0.000e+00
# span 0 =      0.000,   1240.250                 
# span 1 =     -0.135,    280.010                 
# span 2 =  -0.140182,   4.932350                 
# span 3 =     1.0817,     2.9084                 
# span 4 =    -0.1694,   128.6900                 
# span 5 =     -0.134,    278.283                 
# span 6 =    -1.4547,    26.4310                 
# span 7 =     3.0772,    30.8434                 
# span 8 =    12.4873,    20.9398                 
# span 9 =    12.4843,    20.9348                 
# span 10 =    4845.60,    5001.43                
# span 11 =     0.0000,    36.2280                
# span 12 =     1.8401,     7.1441                
# span 13 =     2.6297,    10.2096                
# span 14 =     30.700,    135.685                
# span 15 =     82.179,    319.055                
# span 16 =      7.763,      8.195                
# span 17 = 0.0000e+00, 0.0000e+00                
# interval = seconds: 0.25
# start_time = May 06 2025 14:22:41 [Instrument's time stamp, header]
# bad_flag = -9.990e-29
*END*
[from data line 2734]
    683.500    236.770   4.076124     1.1652    -0.0524    235.334    26.3971    30.8031    12.7487    12.7456    4931.71    34.9399     2.1109     3.0167     35.414     94.272      7.787  0.000e+00
    683.750    236.937   4.076097     1.1657    -0.0623    235.500    26.3970    30.8030    12.7486    12.7455    4931.72    34.9397     2.1125     3.0189     35.440     94.343      7.787  0.000e+00
    684.000    237.098   4.076044     1.1658    -0.0543    235.660    26.3968    30.8028    12.7483    12.7452    4931.72    34.9394     2.1122     3.0186     35.436     94.333      7.787  0.000e+00
    684.250    237.259   4.075957     1.1662    -0.0543    235.820    26.3964    30.8025    12.7479    12.7448    4931.72    34.9388     2.1128     3.0195     35.446     94.360      7.786  0.000e+00
    684.500    237.396   4.076037     1.1664    -0.0623    235.956    26.3975    30.8035    12.7474    12.7443    4931.73    34.9400     2.1119     3.0182     35.430     94.319      7.789  0.000e+00
    684.750    237.526   4.075876     1.1658    -0.0781    236.085    26.3965    30.8025    12.7471    12.7440    4931.73    34.9387     2.1082     3.0128     35.367     94.152      7.789  0.000e+00
    685.000    237.650   4.075876     1.1660    -0.0623    236.208    26.3968    30.8029    12.7467    12.7437    4931.73    34.9390     2.1064     3.0102     35.336     94.071      7.789  0.000e+00
    685.250    237.793   4.075850     1.1662    -0.0702    236.350    26.3971    30.8032    12.7461    12.7431    4931.74    34.9392     2.1047     3.0079     35.308     93.998      7.787  0.000e+00
    685.500    237.904   4.075903     1.1662    -0.0722    236.461    26.3979    30.8040    12.7456    12.7426    4931.74    34.9401     2.1054     3.0088     35.319     94.027      7.788  0.000e+00
    685.750    238.053   4.075930     1.1664    -0.0623    236.609    26.3981    30.8042    12.7455    12.7425    4931.75    34.9404     2.1057     3.0092     35.324     94.040      7.788  0.000e+00
    686.000    238.196   4.075903     1.1660    -0.0801    236.750    26.3979    30.8040    12.7455    12.7425    4931.75    34.9401     2.1039     3.0067     35.295     93.961      7.788  0.000e+00
    686.250    238.357   4.075843     1.1650    -0.0623    236.911    26.3973    30.8034    12.7457    12.7426    4931.76    34.9393     2.0991     2.9998     35.213     93.744      7.787  0.000e+00
    686.500    238.499   4.075877     1.1654    -0.0643    237.052    26.3978    30.8039    12.7453    12.7423    4931.77    34.9399     2.0996     3.0005     35.221     93.767      7.788  0.000e+00
    686.750    238.661   4.075850     1.1657    -0.0623    237.212    26.3976    30.8037    12.7452    12.7422    4931.77    34.9396     2.1013     3.0030     35.251     93.846      7.789  0.000e+00
    687.000    238.834   4.075817     1.1657    -0.0722    237.385    26.3973    30.8034    12.7453    12.7423    4931.78    34.9392     2.1012     3.0028     35.248     93.839      7.789  0.000e+00
    687.250    239.026   4.075877     1.1654    -0.0781    237.576    26.3978    30.8040    12.7451    12.7420    4931.79    34.9399     2.0996     3.0005     35.221     93.766      7.789  0.000e+00
    687.500    239.225   4.075736     1.1647    -0.0722    237.773    26.3970    30.8031    12.7448    12.7417    4931.80    34.9387     2.0967     2.9964     35.172     93.638      7.786  0.000e+00
    687.750    239.423   4.075931     1.1648    -0.0722    237.970    26.3985    30.8046    12.7447    12.7416    4931.81    34.9406     2.0971     2.9970     35.180     93.658      7.787  0.000e+00
    688.000    239.658   4.075904     1.1652    -0.0623    238.204    26.3982    30.8043    12.7447    12.7417    4931.82    34.9402     2.0995     3.0004     35.220     93.764      7.787  0.000e+00
    688.250    239.900   4.075737     1.1630    -0.0702    238.444    26.3966    30.8028    12.7449    12.7419    4931.83    34.9383     2.0906     2.9877     35.071     93.368      7.788  0.000e+00
    688.500    240.117   4.075616     1.1634    -0.0623    238.659    26.3959    30.8020    12.7447    12.7417    4931.84    34.9373     2.0906     2.9876     35.069     93.365      7.788  0.000e+00
    688.750    240.353   4.075656     1.1629    -0.0841    238.893    26.3970    30.8032    12.7437    12.7406    4931.84    34.9385     2.0875     2.9833     35.018     93.229      7.786  0.000e+00
    689.000    240.563   4.075656     1.1628    -0.0643    239.103    26.3974    30.8036    12.7433    12.7402    4931.85    34.9388     2.0868     2.9822     35.005     93.195      7.787  0.000e+00
    689.250    240.756   4.075616     1.1636    -0.0563    239.293    26.3972    30.8034    12.7431    12.7400    4931.86    34.9385     2.0911     2.9884     35.077     93.388      7.787  0.000e+00
    689.500    240.904   4.075710     1.1637    -0.0563    239.441    26.3982    30.8044    12.7427    12.7396    4931.87    34.9397     2.0930     2.9911     35.109     93.473      7.784  0.000e+00
    689.750    241.041   4.075683     1.1635    -0.0603    239.577    26.3981    30.8043    12.7425    12.7395    4931.87    34.9396     2.0935     2.9918     35.117     93.495      7.786  0.000e+00
    690.000    241.146   4.075730     1.1638    -0.0801    239.681    26.3982    30.8044    12.7427    12.7397    4931.88    34.9398     2.0963     2.9959     35.165     93.622      7.784  0.000e+00
    690.250    241.239   4.075791     1.1640    -0.0722    239.774    26.3987    30.8049    12.7427    12.7396    4931.89    34.9404     2.0997     3.0006     35.221     93.772      7.786  0.000e+00
    690.500    241.357   4.075878     1.1631    -0.0781    239.891    26.3989    30.8051    12.7431    12.7400    4931.90    34.9407     2.0960     2.9954     35.160     93.607      7.787  0.000e+00
    690.750    241.481   4.075730     1.1626    -0.0682    240.014    26.3976    30.8039    12.7433    12.7402    4931.90    34.9391     2.0934     2.9916     35.116     93.490      7.787  0.000e+00
    691.000    241.648   4.075878     1.1627    -0.0643    240.180    26.3985    30.8047    12.7435    12.7404    4931.92    34.9403     2.0923     2.9901     35.098     93.443      7.786  0.000e+00
    691.250    241.840   4.075878     1.1615    -0.0524    240.371    26.3985    30.8047    12.7434    12.7403    4931.93    34.9403     2.0855     2.9803     34.983     93.137      7.786  0.000e+00
    691.500    242.076   4.075878     1.1612    -0.0762    240.605    26.3980    30.8042    12.7438    12.7408    4931.94    34.9398     2.0832     2.9771     34.945     93.035      7.790  0.000e+00
    691.750    242.280   4.075851     1.1615    -0.0623    240.808    26.3975    30.8037    12.7441    12.7411    4931.96    34.9391     2.0835     2.9775     34.950     93.047      7.792  0.000e+00
    692.000    242.510   4.075878     1.1616    -0.0801    241.036    26.3977    30.8040    12.7440    12.7409    4931.97    34.9394     2.0841     2.9783     34.960     93.074      7.784  0.000e+00
    692.250    242.733   4.075818     1.1623    -0.0702    241.258    26.3973    30.8036    12.7438    12.7408    4931.98    34.9389     2.0882     2.9842     35.029     93.259      7.787  0.000e+00
    692.500    242.962   4.075711     1.1617    -0.0702    241.486    26.3967    30.8029    12.7436    12.7406    4931.98    34.9380     2.0880     2.9840     35.026     93.250      7.788  0.000e+00
    692.750    243.142   4.075684     1.1621    -0.0623    241.664    26.3969    30.8032    12.7431    12.7400    4931.99    34.9381     2.0910     2.9882     35.075     93.383      7.787  0.000e+00
    693.000    243.303   4.075731     1.1616    -0.0623    241.824    26.3977    30.8040    12.7425    12.7395    4931.99    34.9391     2.0902     2.9871     35.062     93.348      7.784  0.000e+00
    693.250    243.458   4.075684     1.1606    -0.0722    241.978    26.3974    30.8038    12.7424    12.7393    4932.00    34.9387     2.0869     2.9824     35.006     93.200      7.787  0.000e+00
    693.500    243.595   4.075818     1.1611    -0.0702    242.114    26.3986    30.8049    12.7421    12.7391    4932.01    34.9401     2.0877     2.9836     35.021     93.239      7.787  0.000e+00
    693.750    243.737   4.075818     1.1615    -0.0781    242.255    26.3984    30.8047    12.7423    12.7392    4932.02    34.9399     2.0886     2.9848     35.035     93.275      7.784  0.000e+00
    694.000    243.855   4.075792     1.1608    -0.0722    242.372    26.3980    30.8043    12.7425    12.7395    4932.03    34.9394     2.0853     2.9801     34.980     93.131      7.786  0.000e+00
    694.250    243.998   4.075765     1.1618    -0.0643    242.514    26.3977    30.8040    12.7426    12.7395    4932.03    34.9390     2.0895     2.9861     35.051     93.318      7.790  0.000e+00
    694.500    244.146   4.075758     1.1609    -0.0643    242.662    26.3977    30.8040    12.7424    12.7394    4932.04    34.9390     2.0870     2.9826     35.009     93.207      7.783  0.000e+00
    694.750    244.295   4.075879     1.1612    -0.0762    242.809    26.3986    30.8049    12.7424    12.7393    4932.05    34.9402     2.0881     2.9841     35.027     93.255      7.788  0.000e+00
    695.000    244.456   4.075765     1.1618    -0.0781    242.970    26.3975    30.8038    12.7426    12.7395    4932.06    34.9388     2.0922     2.9899     35.095     93.437      7.786  0.000e+00
    695.250    244.605   4.075645     1.1610    -0.0722    243.117    26.3966    30.8029    12.7426    12.7395    4932.06    34.9376     2.0897     2.9863     35.053     93.325      7.787  0.000e+00
    695.500    244.779   4.075544     1.1615    -0.0702    243.290    26.3966    30.8029    12.7417    12.7386    4932.06    34.9374     2.0908     2.9879     35.071     93.374      7.786  0.000e+00
    695.750    244.971   4.075685     1.1618    -0.0781    243.481    26.3980    30.8044    12.7412    12.7381    4932.07    34.9391     2.0921     2.9898     35.093     93.433      7.789  0.000e+00
    696.000    245.163   4.075672     1.1619    -0.0781    243.671    26.3981    30.8045    12.7410    12.7379    4932.08    34.9391     2.0934     2.9917     35.115     93.493      7.788  0.000e+00
    696.250    245.368   4.075605     1.1612    -0.0702    243.875    26.3976    30.8040    12.7409    12.7378    4932.09    34.9385     2.0898     2.9865     35.054     93.330      7.787  0.000e+00
    696.500    245.578   4.075658     1.1627    -0.0623    244.084    26.3982    30.8046    12.7406    12.7375    4932.10    34.9392     2.0969     2.9966     35.172     93.646      7.788  0.000e+00
    696.750    245.789   4.075645     1.1615    -0.0702    244.293    26.3980    30.8044    12.7406    12.7375    4932.11    34.9390     2.0922     2.9900     35.095     93.439      7.787  0.000e+00
    697.000    245.981   4.075659     1.1613    -0.0623    244.484    26.3980    30.8045    12.7406    12.7375    4932.12    34.9390     2.0905     2.9876     35.066     93.364      7.787  0.000e+00
    697.250    246.180   4.075632     1.1613    -0.0623    244.681    26.3978    30.8042    12.7406    12.7375    4932.13    34.9387     2.0905     2.9876     35.066     93.363      7.785  0.000e+00
    697.500    246.378   4.075706     1.1613    -0.0702    244.878    26.3985    30.8049    12.7404    12.7373    4932.14    34.9395     2.0895     2.9861     35.049     93.316      7.786  0.000e+00
    697.750    246.570   4.075766     1.1615    -0.0682    245.069    26.3986    30.8051    12.7406    12.7375    4932.15    34.9398     2.0897     2.9863     35.052     93.324      7.786  0.000e+00
    698.000    246.768   4.075632     1.1612    -0.0524    245.266    26.3974    30.8038    12.7408    12.7378    4932.16    34.9382     2.0884     2.9846     35.031     93.270      7.788  0.000e+00
    698.250    246.973   4.075592     1.1615    -0.0702    245.469    26.3972    30.8036    12.7407    12.7376    4932.17    34.9379     2.0900     2.9868     35.056     93.338      7.788  0.000e+00
    698.500    247.171   4.075739     1.1611    -0.0702    245.666    26.3985    30.8050    12.7403    12.7372    4932.18    34.9395     2.0878     2.9837     35.021     93.242      7.786  0.000e+00
    698.750    247.364   4.075853     1.1619    -0.0623    245.857    26.3993    30.8058    12.7403    12.7372    4932.20    34.9406     2.0925     2.9904     35.099     93.451      7.788  0.000e+00
    699.000    247.543   4.075820     1.1618    -0.0643    246.036    26.3987    30.8051    12.7407    12.7376    4932.21    34.9398     2.0929     2.9910     35.107     93.471      7.786  0.000e+00
    699.250    247.711   4.075854     1.1604    -0.0722    246.202    26.3986    30.8050    12.7410    12.7379    4932.22    34.9398     2.0871     2.9827     35.009     93.211      7.787  0.000e+00
    699.500    247.872   4.075961     1.1603    -0.0603    246.362    26.3991    30.8056    12.7412    12.7381    4932.23    34.9405     2.0858     2.9808     34.987     93.151      7.788  0.000e+00
    699.750    247.990   4.076021     1.1596    -0.0781    246.479    26.3992    30.8056    12.7416    12.7385    4932.24    34.9407     2.0819     2.9752     34.922     92.977      7.788  0.000e+00
    700.000    248.107   4.075961     1.1600    -0.0881    246.596    26.3982    30.8047    12.7421    12.7390    4932.25    34.9396     2.0827     2.9764     34.936     93.012      7.788  0.000e+00
    700.250    248.219   4.075988     1.1593    -0.0623    246.707    26.3981    30.8046    12.7424    12.7393    4932.26    34.9396     2.0788     2.9708     34.870     92.839      7.785  0.000e+00
    700.500    248.337   4.076082     1.1593    -0.0682    246.824    26.3987    30.8052    12.7424    12.7394    4932.27    34.9404     2.0784     2.9702     34.864     92.821      7.785  0.000e+00
    700.750    248.455   4.076015     1.1588    -0.0801    246.941    26.3979    30.8043    12.7428    12.7398    4932.28    34.9393     2.0761     2.9669     34.825     92.717      7.786  0.000e+00
    701.000    248.616   4.076042     1.1580    -0.0524    247.101    26.3979    30.8044    12.7429    12.7398    4932.29    34.9394     2.0733     2.9629     34.778     92.592      7.784  0.000e+00
    701.250    248.771   4.076048     1.1603    -0.0563    247.255    26.3978    30.8042    12.7430    12.7400    4932.30    34.9393     2.0847     2.9793     34.971     93.104      7.785  0.000e+00
    701.500    248.963   4.075961     1.1605    -0.0603    247.446    26.3972    30.8037    12.7429    12.7398    4932.30    34.9385     2.0876     2.9833     35.018     93.230      7.789  0.000e+00
    701.750    249.155   4.075988     1.1601    -0.0801    247.637    26.3976    30.8040    12.7427    12.7396    4932.31    34.9389     2.0880     2.9840     35.025     93.251      7.784  0.000e+00
    702.000    249.391   4.076082     1.1600    -0.0801    247.871    26.3985    30.8049    12.7424    12.7393    4932.33    34.9400     2.0885     2.9847     35.034     93.274      7.786  0.000e+00
    702.250    249.602   4.076042     1.1609    -0.0623    248.080    26.3978    30.8043    12.7427    12.7396    4932.34    34.9392     2.0934     2.9917     35.116     93.493      7.787  0.000e+00
    702.500    249.812   4.075908     1.1612    -0.0643    248.290    26.3967    30.8032    12.7427    12.7397    4932.34    34.9378     2.0960     2.9953     35.158     93.605      7.789  0.000e+00
    702.750    250.023   4.075734     1.1621    -0.0623    248.499    26.3957    30.8022    12.7423    12.7392    4932.35    34.9364     2.1004     3.0017     35.232     93.804      7.785  0.000e+00
    703.000    250.203   4.075714     1.1614    -0.0702    248.678    26.3963    30.8028    12.7415    12.7384    4932.35    34.9369     2.0976     2.9976     35.184     93.677      7.787  0.000e+00
    703.250    250.376   4.075573     1.1615    -0.0702    248.850    26.3962    30.8028    12.7403    12.7372    4932.34    34.9366     2.0958     2.9951     35.153     93.598      7.782  0.000e+00
