cruises/baja2025/cnv/20250416_cast1.cnv
* Sea-Bird SBE19plus Data File:
* FileName = C:\Users\ScienceTech\OneDrive - Western Flyer Foundation\Desktop\ProfilingCTD\data\20250416_PuntaMarciel_cast1.hex
* Software Version 1.59
* Temperature SN =  8289
* Conductivity SN =  8289
* System UpLoad Time = Apr 16 2025 17:23:19
* ds
* SBE 19plus V 3.1.8  SERIAL NO. 8289    16 Apr 2025 17:21:30
# nquan = 18
# nvalues = 3378                                  
# units = specified
# name 0 = timeS: Time, Elapsed [seconds]
# name 1 = prdM: Pressure, Strain Gauge [db]
# name 2 = c0S/m: Conductivity [S/m]
# name 3 = sbeox0V: Oxygen raw, SBE 43 [V]
# name 4 = flECO-AFL: Fluorescence, WET Labs ECO-AFL/FL [mg/m^3]
# name 5 = depSM: Depth [salt water, m], lat = 0.00
# name 6 = sigma-t00: Density [sigma-t, kg/m^3 ]
# name 7 = sigma-100: Density [sigma-1, kg/m^3 ]
# name 8 = tv268C: Temperature [IPTS-68, deg C]
# name 9 = tv290C: Temperature [ITS-90, deg C]
# name 10 = svCF: Sound Velocity [Chen-Millero, ft/s]
# name 11 = sal00: Salinity, Practical [PSU]
# name 12 = sbeox0ML/L: Oxygen, SBE 43 [ml/l]
# name 13 = sbeox0Mg/L: Oxygen, SBE 43 [mg/l]
# name 14 = sbeox0PS: Oxygen, SBE 43 [% saturation]
# name 15 = sbeox0Mm/L: Oxygen, SBE 43 [umol/l]
# name 16 = ph: pH
# name 17 = flag:  0.000e+00
# span 0 =      0.000,    844.250                 
# span 1 =     -0.136,     66.220                 
# span 2 =  -0.000081,   5.165980                 
# span 3 =     1.1893,     3.0233                 
# span 4 =    -0.1734,   128.7614                 
# span 5 =     -0.136,     65.846                 
# span 6 =    -3.3715,    26.0473                 
# span 7 =     1.0163,    30.3287                 
# span 8 =    15.4127,    26.5904                 
# span 9 =    15.4090,    26.5841                 
# span 10 =    4874.14,    5021.18                
# span 11 =     0.0000,    36.8540                
# span 12 =     1.9484,     7.1820                
# span 13 =     2.7844,    10.2637                
# span 14 =     34.521,    144.065                
# span 15 =     87.014,    320.746                
# span 16 =      7.361,      8.166                
# span 17 = 0.0000e+00, 0.0000e+00                
# interval = seconds: 0.25
# start_time = Apr 16 2025 09:44:54 [Instrument's time stamp, header]
# bad_flag = -9.990e-29
*END*
[from data line 2573]
    643.250      6.265   4.821089     2.5970     0.4376      6.230    24.9982    29.2694    19.9440    19.9393    4992.57    35.2889     5.6748     8.1099    109.727    253.437      8.071  0.000e+00
    643.500      6.240   4.820960     2.5942     0.4198      6.206    24.9981    29.2694    19.9432    19.9384    4992.56    35.2886     5.6625     8.0922    109.487    252.886      8.069  0.000e+00
    643.750      6.252   4.820988     2.5942     0.4317      6.218    24.9995    29.2708    19.9419    19.9371    4992.55    35.2899     5.6586     8.0867    109.410    252.713      8.072  0.000e+00
    644.000      6.222   4.820830     2.5946     0.4158      6.187    25.0000    29.2713    19.9403    19.9355    4992.54    35.2900     5.6578     8.0856    109.392    252.678      8.072  0.000e+00
    644.250      6.234   4.821118     2.5968     0.4257      6.200    25.0029    29.2742    19.9391    19.9343    4992.54    35.2933     5.6647     8.0954    109.524    252.986      8.071  0.000e+00
    644.500      6.228   4.821182     2.5968     0.4138      6.194    25.0027    29.2740    19.9397    19.9349    4992.54    35.2933     5.6672     8.0991    109.575    253.099      8.073  0.000e+00
    644.750      6.234   4.821182     2.5975     0.4138      6.200    25.0014    29.2727    19.9411    19.9363    4992.55    35.2921     5.6733     8.1077    109.693    253.368      8.071  0.000e+00
    645.000      6.240   4.821577     2.5986     0.4217      6.206    25.0033    29.2745    19.9418    19.9370    4992.57    35.2948     5.6797     8.1168    109.820    253.654      8.071  0.000e+00
    645.250      6.253   4.822001     2.5983     0.4475      6.218    25.0047    29.2759    19.9432    19.9384    4992.59    35.2971     5.6823     8.1206    109.875    253.771      8.070  0.000e+00
    645.500      6.259   4.822648     2.5987     0.4535      6.224    25.0063    29.2774    19.9459    19.9411    4992.63    35.3001     5.6850     8.1245    109.936    253.894      8.074  0.000e+00
    645.750      6.278   4.822813     2.5993     0.4575      6.243    25.0034    29.2745    19.9502    19.9454    4992.66    35.2979     5.6858     8.1256    109.959    253.930      8.075  0.000e+00
    646.000      6.290   4.824336     2.6005     0.4515      6.255    25.0095    29.2805    19.9540    19.9492    4992.73    35.3072     5.6882     8.1290    110.017    254.034      8.070  0.000e+00
    646.250      6.271   4.823884     2.6010     0.4456      6.237    25.0028    29.2738    19.9583    19.9535    4992.74    35.2999     5.6888     8.1298    110.033    254.060      8.071  0.000e+00
    646.500      6.265   4.822942     2.6021     0.4674      6.231    24.9938    29.2647    19.9618    19.9570    4992.73    35.2892     5.6924     8.1351    110.104    254.225      8.071  0.000e+00
    646.750      6.265   4.823036     2.6029     0.4535      6.231    24.9947    29.2657    19.9614    19.9566    4992.73    35.2903     5.6949     8.1386    110.152    254.336      8.069  0.000e+00
    647.000      6.266   4.822942     2.6010     0.4515      6.231    24.9946    29.2656    19.9608    19.9560    4992.72    35.2900     5.6888     8.1299    110.033    254.064      8.073  0.000e+00
    647.250      6.290   4.823007     2.6038     0.4634      6.256    24.9957    29.2667    19.9601    19.9553    4992.72    35.2912     5.6976     8.1424    110.202    254.455      8.069  0.000e+00
    647.500      6.290   4.823036     2.6042     0.4376      6.256    24.9961    29.2671    19.9598    19.9550    4992.72    35.2917     5.6985     8.1438    110.219    254.496      8.070  0.000e+00
    647.750      6.297   4.822799     2.6042     0.4575      6.262    24.9945    29.2655    19.9600    19.9552    4992.72    35.2895     5.6983     8.1435    110.214    254.487      8.070  0.000e+00
    648.000      6.309   4.822648     2.6031     0.4356      6.274    24.9946    29.2656    19.9588    19.9540    4992.71    35.2893     5.6937     8.1369    110.122    254.280      8.072  0.000e+00
    648.250      6.297   4.822648     2.6022     0.4515      6.262    24.9958    29.2669    19.9574    19.9527    4992.70    35.2904     5.6894     8.1308    110.038    254.090      8.070  0.000e+00
    648.500      6.278   4.822748     2.6007     0.4575      6.244    24.9970    29.2681    19.9568    19.9520    4992.70    35.2918     5.6828     8.1213    109.910    253.795      8.071  0.000e+00
    648.750      6.285   4.822813     2.6019     0.4515      6.250    24.9974    29.2685    19.9568    19.9520    4992.70    35.2924     5.6852     8.1247    109.956    253.902      8.069  0.000e+00
    649.000      6.272   4.822712     2.6020     0.4475      6.238    24.9965    29.2675    19.9572    19.9524    4992.70    35.2912     5.6851     8.1246    109.955    253.898      8.072  0.000e+00
    649.250      6.272   4.822712     2.6024     0.4575      6.238    24.9963    29.2673    19.9574    19.9526    4992.70    35.2911     5.6848     8.1242    109.949    253.884      8.069  0.000e+00
    649.500      6.272   4.822482     2.6042     0.4198      6.238    24.9949    29.2660    19.9573    19.9525    4992.69    35.2892     5.6918     8.1341    110.082    254.194      8.070  0.000e+00
    649.750      6.266   4.822288     2.6048     0.4317      6.232    24.9946    29.2657    19.9563    19.9515    4992.68    35.2884     5.6960     8.1402    110.161    254.383      8.073  0.000e+00
    650.000      6.272   4.822195     2.6055     0.4198      6.238    24.9950    29.2661    19.9552    19.9504    4992.67    35.2886     5.7008     8.1471    110.252    254.599      8.072  0.000e+00
    650.250      6.254   4.822583     2.6057     0.4138      6.220    24.9986    29.2697    19.9539    19.9491    4992.67    35.2929     5.7030     8.1502    110.295    254.697      8.071  0.000e+00
    650.500      6.266   4.822648     2.6045     0.4098      6.232    24.9987    29.2698    19.9543    19.9495    4992.68    35.2931     5.6998     8.1455    110.233    254.552      8.071  0.000e+00
    650.750      6.260   4.822942     2.6038     0.4138      6.226    24.9998    29.2708    19.9551    19.9503    4992.69    35.2948     5.6957     8.1397    110.156    254.368      8.071  0.000e+00
    651.000      6.260   4.823036     2.6047     0.4317      6.226    24.9988    29.2698    19.9569    19.9521    4992.70    35.2941     5.6967     8.1412    110.180    254.416      8.071  0.000e+00
    651.250      6.272   4.823036     2.6041     0.4039      6.238    24.9972    29.2682    19.9586    19.9538    4992.71    35.2927     5.6931     8.1360    110.112    254.254      8.071  0.000e+00
    651.500      6.279   4.823266     2.6037     0.4317      6.244    24.9982    29.2692    19.9591    19.9543    4992.73    35.2941     5.6899     8.1314    110.052    254.109      8.072  0.000e+00
    651.750      6.279   4.823294     2.6047     0.4733      6.244    24.9972    29.2682    19.9604    19.9556    4992.73    35.2933     5.6923     8.1348    110.100    254.217      8.070  0.000e+00
    652.000      6.285   4.823424     2.6041     0.4753      6.250    24.9969    29.2679    19.9616    19.9568    4992.75    35.2933     5.6903     8.1320    110.065    254.129      8.072  0.000e+00
    652.250      6.297   4.823460     2.6045     0.4912      6.263    24.9961    29.2671    19.9627    19.9579    4992.75    35.2927     5.6922     8.1348    110.104    254.216      8.070  0.000e+00
    652.500      6.297   4.823395     2.6036     0.4932      6.263    24.9947    29.2657    19.9638    19.9590    4992.76    35.2912     5.6901     8.1318    110.065    254.121      8.071  0.000e+00
    652.750      6.297   4.823359     2.6037     0.4515      6.263    24.9942    29.2652    19.9641    19.9593    4992.76    35.2907     5.6903     8.1320    110.068    254.128      8.071  0.000e+00
    653.000      6.298   4.823330     2.6022     0.4515      6.263    24.9939    29.2648    19.9643    19.9595    4992.76    35.2903     5.6849     8.1243    109.964    253.888      8.070  0.000e+00
    653.250      6.292   4.823424     2.6015     0.4475      6.257    24.9947    29.2657    19.9640    19.9592    4992.76    35.2913     5.6819     8.1199    109.905    253.752      8.073  0.000e+00
    653.500      6.279   4.823136     2.6013     0.4575      6.245    24.9928    29.2638    19.9641    19.9593    4992.75    35.2889     5.6805     8.1180    109.877    253.690      8.071  0.000e+00
    653.750      6.279   4.822906     2.6034     0.4575      6.245    24.9916    29.2625    19.9639    19.9591    4992.74    35.2871     5.6866     8.1268    109.995    253.965      8.070  0.000e+00
    654.000      6.286   4.822842     2.6048     0.4535      6.251    24.9924    29.2634    19.9625    19.9577    4992.73    35.2878     5.6930     8.1358    110.114    254.247      8.073  0.000e+00
    654.250      6.273   4.822777     2.6051     0.4535      6.239    24.9935    29.2645    19.9609    19.9561    4992.72    35.2886     5.6958     8.1399    110.167    254.375      8.073  0.000e+00
    654.500      6.267   4.822648     2.6048     0.4475      6.233    24.9936    29.2646    19.9599    19.9551    4992.71    35.2884     5.6970     8.1415    110.187    254.427      8.073  0.000e+00
    654.750      6.249   4.822482     2.6029     0.4475      6.214    24.9937    29.2647    19.9587    19.9539    4992.70    35.2881     5.6915     8.1337    110.079    254.183      8.074  0.000e+00
    655.000      6.242   4.822547     2.6026     0.4416      6.208    24.9956    29.2667    19.9570    19.9522    4992.69    35.2900     5.6906     8.1324    110.059    254.143      8.072  0.000e+00
    655.250      6.230   4.822842     2.6027     0.4634      6.196    24.9977    29.2688    19.9567    19.9519    4992.70    35.2927     5.6899     8.1314    110.047    254.111      8.071  0.000e+00
    655.500      6.230   4.822648     2.6038     0.4614      6.196    24.9963    29.2674    19.9569    19.9521    4992.69    35.2909     5.6918     8.1342    110.083    254.196      8.071  0.000e+00
    655.750      6.237   4.822583     2.6030     0.4515      6.202    24.9958    29.2669    19.9570    19.9522    4992.69    35.2903     5.6877     8.1283    110.003    254.013      8.072  0.000e+00
    656.000      6.243   4.822842     2.6015     0.4376      6.209    24.9973    29.2683    19.9572    19.9524    4992.70    35.2923     5.6818     8.1199    109.891    253.749      8.071  0.000e+00
    656.250      6.255   4.823294     2.6028     0.4217      6.221    25.0000    29.2710    19.9574    19.9526    4992.71    35.2958     5.6859     8.1257    109.972    253.931      8.071  0.000e+00
    656.500      6.280   4.823754     2.6024     0.4257      6.245    25.0010    29.2719    19.9594    19.9546    4992.74    35.2979     5.6855     8.1252    109.971    253.916      8.072  0.000e+00
    656.750      6.286   4.823883     2.6030     0.4158      6.252    24.9987    29.2696    19.9628    19.9580    4992.77    35.2961     5.6884     8.1294    110.033    254.046      8.071  0.000e+00
    657.000      6.293   4.823883     2.6045     0.4575      6.258    24.9958    29.2667    19.9660    19.9612    4992.79    35.2934     5.6934     8.1364    110.133    254.265      8.071  0.000e+00
    657.250      6.293   4.823847     2.6048     0.4694      6.258    24.9939    29.2648    19.9679    19.9631    4992.80    35.2915     5.6949     8.1386    110.166    254.336      8.073  0.000e+00
    657.500      6.293   4.823847     2.6064     0.4475      6.258    24.9931    29.2639    19.9688    19.9640    4992.80    35.2908     5.7009     8.1472    110.283    254.604      8.072  0.000e+00
    657.750      6.287   4.823847     2.6056     0.4634      6.252    24.9925    29.2634    19.9694    19.9646    4992.80    35.2903     5.7003     8.1463    110.271    254.574      8.071  0.000e+00
    658.000      6.281   4.823718     2.6060     0.4575      6.246    24.9914    29.2623    19.9697    19.9650    4992.80    35.2889     5.7021     8.1489    110.307    254.657      8.075  0.000e+00
    658.250      6.287   4.823625     2.6048     0.4535      6.252    24.9910    29.2619    19.9696    19.9648    4992.80    35.2883     5.6974     8.1422    110.215    254.447      8.071  0.000e+00
    658.500      6.287   4.823582     2.6014     0.4535      6.252    24.9910    29.2619    19.9692    19.9644    4992.80    35.2883     5.6848     8.1241    109.969    253.881      8.072  0.000e+00
    658.750      6.287   4.823495     2.6003     0.4475      6.252    24.9913    29.2622    19.9683    19.9635    4992.79    35.2883     5.6779     8.1142    109.834    253.573      8.071  0.000e+00
    659.000      6.299   4.823524     2.5992     0.4356      6.265    24.9920    29.2629    19.9678    19.9630    4992.79    35.2890     5.6708     8.1041    109.697    253.257      8.072  0.000e+00
    659.250      6.293   4.823625     2.5990     0.4475      6.259    24.9928    29.2637    19.9676    19.9628    4992.79    35.2900     5.6680     8.1002    109.644    253.135      8.072  0.000e+00
    659.500      6.281   4.823589     2.5990     0.4416      6.246    24.9924    29.2633    19.9678    19.9630    4992.79    35.2895     5.6666     8.0981    109.615    253.069      8.075  0.000e+00
    659.750      6.275   4.823646     2.5981     0.4575      6.240    24.9926    29.2635    19.9679    19.9631    4992.79    35.2899     5.6646     8.0953    109.579    252.983      8.074  0.000e+00
    660.000      6.268   4.823783     2.5980     0.4614      6.234    24.9932    29.2641    19.9681    19.9634    4992.79    35.2908     5.6652     8.0961    109.590    253.007      8.071  0.000e+00
    660.250      6.269   4.823589     2.5997     0.4852      6.234    24.9914    29.2622    19.9689    19.9641    4992.79    35.2886     5.6734     8.1078    109.749    253.374      8.073  0.000e+00
    660.500      6.262   4.823524     2.5994     0.4813      6.228    24.9915    29.2624    19.9683    19.9635    4992.79    35.2885     5.6764     8.1121    109.806    253.508      8.071  0.000e+00
    660.750      6.269   4.823589     2.5995     0.4733      6.234    24.9922    29.2631    19.9680    19.9632    4992.79    35.2893     5.6784     8.1149    109.844    253.596      8.073  0.000e+00
    661.000      6.275   4.823653     2.6007     0.4753      6.240    24.9933    29.2642    19.9672    19.9624    4992.79    35.2905     5.6837     8.1226    109.947    253.836      8.074  0.000e+00
    661.250      6.269   4.823912     2.6009     0.4753      6.234    24.9948    29.2657    19.9673    19.9625    4992.79    35.2926     5.6852     8.1247    109.976    253.899      8.072  0.000e+00
    661.500      6.262   4.823977     2.6019     0.4575      6.228    24.9945    29.2654    19.9681    19.9633    4992.80    35.2925     5.6891     8.1303    110.055    254.077      8.071  0.000e+00
    661.750      6.262   4.823883     2.6027     0.4475      6.228    24.9928    29.2636    19.9694    19.9646    4992.80    35.2906     5.6927     8.1355    110.125    254.237      8.074  0.000e+00
    662.000      6.256   4.824041     2.6033     0.4475      6.222    24.9932    29.2640    19.9700    19.9652    4992.81    35.2913     5.6948     8.1384    110.167    254.328      8.074  0.000e+00
    662.250      6.262   4.823948     2.6032     0.4674      6.228    24.9921    29.2629    19.9706    19.9658    4992.81    35.2901     5.6940     8.1373    110.153    254.295      8.071  0.000e+00
    662.500      6.269   4.823948     2.6037     0.4297      6.234    24.9917    29.2626    19.9710    19.9662    4992.82    35.2898     5.6955     8.1395    110.183    254.363      8.072  0.000e+00
    662.750      6.244   4.823783     2.6044     0.4317      6.210    24.9907    29.2616    19.9710    19.9662    4992.81    35.2884     5.6973     8.1421    110.217    254.443      8.074  0.000e+00
    663.000      6.250   4.823689     2.6048     0.4158      6.216    24.9904    29.2612    19.9707    19.9659    4992.81    35.2879     5.6981     8.1432    110.230    254.477      8.071  0.000e+00
