cruises/baja2025/cnv/20250419_cast2.cnv
* Sea-Bird SBE19plus Data File:
* FileName = C:\Users\ScienceTech\OneDrive - Western Flyer Foundation\Desktop\ProfilingCTD\data\20250419_IslaCalavera_cast7.hex
* Software Version 1.59
* Temperature SN =  8289
* Conductivity SN =  8289
* System UpLoad Time = Apr 20 2025 13:40:56
** Isla Calavera
** 4/19/2025
** 2042 UTC
** 29 1.210'N
** 113 29.841W
** ~26 m
** demo for SVO guests
# nquan = 18
# nvalues = 1446                                  
# units = specified
# name 0 = timeS: Time, Elapsed [seconds]
# name 1 = prdM: Pressure, Strain Gauge [db]
# name 2 = c0S/m: Conductivity [S/m]
# name 3 = sbeox0V: Oxygen raw, SBE 43 [V]
# name 4 = flECO-AFL: Fluorescence, WET Labs ECO-AFL/FL [mg/m^3]
# name 5 = depSM: Depth [salt water, m], lat = 0.00
# name 6 = sigma-t00: Density [sigma-t, kg/m^3 ]
# name 7 = sigma-100: Density [sigma-1, kg/m^3 ]
# name 8 = tv268C: Temperature [IPTS-68, deg C]
# name 9 = tv290C: Temperature [ITS-90, deg C]
# name 10 = svCF: Sound Velocity [Chen-Millero, ft/s]
# name 11 = sal00: Salinity, Practical [PSU]
# name 12 = sbeox0ML/L: Oxygen, SBE 43 [ml/l]
# name 13 = sbeox0Mg/L: Oxygen, SBE 43 [mg/l]
# name 14 = sbeox0PS: Oxygen, SBE 43 [% saturation]
# name 15 = sbeox0Mm/L: Oxygen, SBE 43 [umol/l]
# name 16 = ph: pH
# name 17 = flag:  0.000e+00
# span 0 =      0.000,    361.250                 
# span 1 =     -0.109,     19.763                 
# span 2 =   0.000023,   4.457768                 
# span 3 =     1.9988,     2.8815                 
# span 4 =    -0.1277,   128.7237                 
# span 5 =     -0.108,     19.653                 
# span 6 =    -2.2061,    26.5637                 
# span 7 =     2.2574,    30.9025                 
# span 8 =    14.9272,    21.9442                 
# span 9 =    14.9236,    21.9390                 
# span 10 =    4815.75,    4962.71                
# span 11 =     0.0106,    35.9456                
# span 12 =     4.2471,     8.9912                
# span 13 =     6.0695,    12.8493                
# span 14 =     76.881,    133.084                
# span 15 =    189.674,    401.546                
# span 16 =      7.269,      8.025                
# span 17 = 0.0000e+00, 0.0000e+00                
# interval = seconds: 0.25
# start_time = Apr 19 2025 13:51:32 [Instrument's time stamp, header]
# bad_flag = -9.990e-29
*END*
[from data line 1126]
    281.500     11.608   4.345683     2.3834     4.4942     11.544    25.9748    30.3230    15.4105    15.4068    4948.44    35.1207     5.5934     7.9936     99.128    249.803      7.969  0.000e+00
    281.750     11.763   4.345683     2.3880     4.5141     11.698    25.9791    30.3273    15.4058    15.4021    4948.42    35.1249     5.6173     8.0277     99.545    250.870      7.970  0.000e+00
    282.000     11.893   4.344493     2.3906     4.3574     11.827    25.9781    30.3265    15.3977    15.3940    4948.33    35.1212     5.6382     8.0576     99.897    251.804      7.969  0.000e+00
    282.250     12.017   4.343868     2.3945     4.3534     11.950    25.9796    30.3281    15.3912    15.3875    4948.27    35.1214     5.6615     8.0909    100.297    252.844      7.968  0.000e+00
    282.500     12.128   4.338593     2.3958     4.3415     12.061    25.9503    30.2993    15.3829    15.3793    4948.04    35.0810     5.6756     8.1110    100.505    253.473      7.967  0.000e+00
    282.750     12.259   4.331012     2.3958     4.3435     12.191    25.9176    30.2673    15.3609    15.3572    4947.63    35.0320     5.6842     8.1233    100.583    253.855      7.964  0.000e+00
    283.000     12.395   4.328072     2.3959     3.6174     12.326    25.9370    30.2874    15.3170    15.3133    4947.23    35.0446     5.6889     8.1301    100.587    254.068      7.962  0.000e+00
    283.250     12.537   4.327393     2.3929     3.6075     12.468    25.9732    30.3242    15.2720    15.2684    4946.91    35.0786     5.6775     8.1138    100.318    253.559      7.960  0.000e+00
    283.500     12.686   4.326473     2.3871     3.6293     12.616    25.9944    30.3458    15.2417    15.2380    4946.68    35.0973     5.6489     8.0729     99.764    252.281      7.956  0.000e+00
    283.750     12.835   4.325141     2.3795     3.6313     12.764    26.0030    30.3547    15.2220    15.2184    4946.50    35.1028     5.6084     8.0150     99.013    250.472      7.956  0.000e+00
    284.000     12.952   4.324901     2.3685     3.1533     12.881    26.0151    30.3671    15.2068    15.2032    4946.40    35.1142     5.5531     7.9359     98.014    248.001      7.950  0.000e+00
    284.250     13.114   4.324606     2.3517     3.1473     13.041    26.0230    30.3751    15.1959    15.1922    4946.32    35.1213     5.4722     7.8203     96.569    244.387      7.949  0.000e+00
    284.500     13.237   4.324318     2.3372     3.1493     13.164    26.0272    30.3794    15.1890    15.1854    4946.27    35.1248     5.3976     7.7136     95.241    241.055      7.950  0.000e+00
    284.750     13.368   4.324188     2.3204     3.1414     13.294    26.0309    30.3832    15.1840    15.1804    4946.24    35.1281     5.3153     7.5960     93.782    237.379      7.947  0.000e+00
    285.000     13.485   4.323892     2.3086     3.1572     13.411    26.0316    30.3840    15.1809    15.1772    4946.21    35.1281     5.2544     7.5091     92.703    234.662      7.943  0.000e+00
    285.250     13.609   4.324456     2.2952     3.0640     13.534    26.0379    30.3902    15.1783    15.1747    4946.22    35.1355     5.1957     7.4251     91.666    232.039      7.945  0.000e+00
    285.500     13.727   4.324339     2.2824     3.0600     13.651    26.0372    30.3895    15.1782    15.1745    4946.22    35.1345     5.1467     7.3552     90.801    229.853      7.941  0.000e+00
    285.750     13.807   4.323213     2.2754     3.0561     13.731    26.0288    30.3812    15.1787    15.1750    4946.19    35.1238     5.1272     7.3273     90.452    228.981      7.940  0.000e+00
    286.000     13.876   4.321167     2.2665     3.0561     13.799    26.0176    30.3702    15.1752    15.1716    4946.10    35.1083     5.1108     7.3039     90.148    228.249      7.942  0.000e+00
    286.250     14.031   4.319898     2.2586     2.8716     13.953    26.0178    30.3706    15.1652    15.1615    4945.99    35.1057     5.1039     7.2940     90.006    227.940      7.939  0.000e+00
    286.500     14.235   4.318299     2.2522     2.8736     14.156    26.0183    30.3714    15.1522    15.1486    4945.86    35.1027     5.1018     7.2910     89.945    227.846      7.936  0.000e+00
    286.750     14.409   4.317469     2.2474     2.8855     14.329    26.0250    30.3783    15.1385    15.1349    4945.75    35.1073     5.1061     7.2971     89.998    228.037      7.937  0.000e+00
    287.000     14.545   4.317201     2.2435     2.8617     14.464    26.0346    30.3881    15.1259    15.1222    4945.66    35.1162     5.1104     7.3033     90.057    228.232      7.933  0.000e+00
    287.250     14.687   4.316460     2.2381     2.8220     14.606    26.0369    30.3905    15.1177    15.1140    4945.58    35.1168     5.1097     7.3023     90.030    228.199      7.935  0.000e+00
    287.500     14.898   4.315130     2.2303     2.8002     14.816    26.0343    30.3880    15.1103    15.1066    4945.50    35.1113     5.0952     7.2816     89.759    227.552      7.935  0.000e+00
    287.750     15.103   4.313031     2.2213     2.8041     15.019    26.0275    30.3815    15.1014    15.0978    4945.37    35.1000     5.0701     7.2457     89.295    226.431      7.933  0.000e+00
    288.000     15.276   4.312798     2.2148     2.8200     15.192    26.0380    30.3922    15.0881    15.0845    4945.28    35.1097     5.0523     7.2202     88.962    225.634      7.930  0.000e+00
    288.250     15.437   4.312771     2.2075     2.4590     15.352    26.0478    30.4022    15.0771    15.0734    4945.21    35.1194     5.0286     7.1864     88.532    224.579      7.926  0.000e+00
    288.500     15.598   4.312442     2.2007     2.4550     15.512    26.0514    30.4058    15.0706    15.0670    4945.17    35.1221     5.0047     7.1522     88.101    223.510      7.926  0.000e+00
    288.750     15.760   4.311530     2.1939     2.4550     15.672    26.0489    30.4035    15.0662    15.0626    4945.11    35.1177     4.9801     7.1171     87.659    222.413      7.925  0.000e+00
    289.000     15.908   4.309575     2.1871     2.4451     15.820    26.0404    30.3952    15.0604    15.0568    4945.01    35.1050     4.9578     7.0852     87.249    221.416      7.921  0.000e+00
    289.250     16.032   4.307718     2.1799     2.4788     15.943    26.0371    30.3921    15.0498    15.0462    4944.88    35.0976     4.9373     7.0559     86.865    220.499      7.923  0.000e+00
    289.500     16.156   4.307039     2.1720     2.1376     16.067    26.0452    30.4005    15.0356    15.0320    4944.77    35.1041     4.9155     7.0247     86.461    219.526      7.921  0.000e+00
    289.750     16.292   4.306984     2.1654     2.1257     16.202    26.0561    30.4115    15.0232    15.0196    4944.69    35.1147     4.8977     6.9993     86.132    218.732      7.918  0.000e+00
    290.000     16.416   4.306690     2.1597     2.1356     16.326    26.0615    30.4170    15.0150    15.0114    4944.62    35.1193     4.8819     6.9768     85.844    218.027      7.918  0.000e+00
    290.250     16.553   4.305977     2.1514     2.1416     16.461    26.0608    30.4164    15.0102    15.0066    4944.57    35.1171     4.8566     6.9406     85.390    216.898      7.919  0.000e+00
    290.500     16.701   4.305593     2.1434     2.0583     16.609    26.0631    30.4188    15.0047    15.0011    4944.53    35.1185     4.8316     6.9049     84.941    215.780      7.917  0.000e+00
    290.750     16.819   4.305066     2.1355     2.0444     16.726    26.0639    30.4197    14.9997    14.9961    4944.48    35.1181     4.8062     6.8686     84.486    214.646      7.914  0.000e+00
    291.000     16.949   4.302976     2.1272     2.0265     16.856    26.0539    30.4099    14.9945    14.9909    4944.38    35.1037     4.7795     6.8304     84.001    213.454      7.914  0.000e+00
    291.250     17.104   4.301708     2.1214     2.0345     17.010    26.0537    30.4099    14.9849    14.9813    4944.28    35.1007     4.7631     6.8070     83.695    212.721      7.910  0.000e+00
    291.500     17.247   4.300941     2.1147     1.6020     17.151    26.0595    30.4159    14.9726    14.9691    4944.17    35.1047     4.7443     6.7801     83.347    211.883      7.911  0.000e+00
    291.750     17.395   4.300791     2.1096     1.6000     17.299    26.0684    30.4249    14.9617    14.9581    4944.10    35.1131     4.7313     6.7616     83.104    211.302      7.908  0.000e+00
    292.000     17.575   4.300585     2.1047     1.6000     17.478    26.0734    30.4301    14.9545    14.9509    4944.05    35.1176     4.7211     6.7469     82.914    210.842      7.908  0.000e+00
    292.250     17.780   4.300442     2.0971     1.6000     17.681    26.0764    30.4331    14.9501    14.9466    4944.03    35.1201     4.7026     6.7205     82.584    210.017      7.907  0.000e+00
    292.500     17.972   4.300264     2.0901     1.6080     17.872    26.0777    30.4345    14.9472    14.9436    4944.01    35.1211     4.6842     6.6942     82.257    209.196      7.903  0.000e+00
    292.750     18.157   4.300120     2.0817     1.5604     18.057    26.0789    30.4357    14.9448    14.9412    4944.00    35.1219     4.6589     6.6580     81.808    208.066      7.902  0.000e+00
    293.000     18.343   4.299880     2.0738     1.5624     18.242    26.0790    30.4358    14.9428    14.9392    4943.99    35.1214     4.6331     6.6211     81.352    206.913      7.902  0.000e+00
    293.250     18.486   4.299853     2.0677     1.5643     18.383    26.0805    30.4374    14.9409    14.9373    4943.98    35.1228     4.6112     6.5899     80.966    205.938      7.901  0.000e+00
    293.500     18.641   4.299613     2.0622     1.5564     18.537    26.0800    30.4370    14.9394    14.9359    4943.97    35.1218     4.5936     6.5647     80.653    205.149      7.901  0.000e+00
    293.750     18.746   4.299469     2.0579     1.5009     18.642    26.0802    30.4372    14.9381    14.9345    4943.96    35.1217     4.5815     6.5474     80.439    204.610      7.899  0.000e+00
    294.000     18.857   4.299380     2.0538     1.4890     18.753    26.0811    30.4381    14.9364    14.9329    4943.95    35.1223     4.5732     6.5356     80.292    204.241      7.897  0.000e+00
    294.250     18.938   4.299291     2.0483     1.5048     18.833    26.0816    30.4387    14.9351    14.9315    4943.95    35.1227     4.5632     6.5212     80.113    203.792      7.898  0.000e+00
    294.500     19.025   4.299175     2.0451     1.4909     18.919    26.0819    30.4389    14.9339    14.9303    4943.94    35.1227     4.5608     6.5178     80.069    203.686      7.895  0.000e+00
    294.750     19.111   4.299175     2.0404     1.4116     19.006    26.0827    30.4398    14.9330    14.9294    4943.94    35.1235     4.5538     6.5078     79.945    203.373      7.895  0.000e+00
    295.000     19.204   4.299175     2.0379     1.4037     19.098    26.0834    30.4405    14.9322    14.9286    4943.94    35.1242     4.5528     6.5064     79.927    203.328      7.895  0.000e+00
    295.250     19.328   4.299148     2.0348     1.3957     19.221    26.0834    30.4405    14.9319    14.9283    4943.94    35.1241     4.5481     6.4997     79.844    203.119      7.896  0.000e+00
    295.500     19.440   4.298908     2.0319     1.4017     19.332    26.0819    30.4390    14.9317    14.9281    4943.94    35.1221     4.5434     6.4930     79.760    202.908      7.895  0.000e+00
    295.750     19.539   4.298737     2.0294     1.3799     19.431    26.0813    30.4384    14.9310    14.9274    4943.93    35.1211     4.5398     6.4878     79.694    202.745      7.894  0.000e+00
    296.000     19.607   4.298703     2.0278     1.3402     19.499    26.0824    30.4396    14.9295    14.9259    4943.92    35.1221     4.5398     6.4878     79.693    202.748      7.894  0.000e+00
    296.250     19.638   4.298703     2.0262     1.3481     19.530    26.0833    30.4405    14.9284    14.9249    4943.92    35.1230     4.5405     6.4888     79.704    202.778      7.894  0.000e+00
    296.500     19.638   4.298853     2.0233     1.3541     19.530    26.0852    30.4424    14.9276    14.9240    4943.92    35.1252     4.5346     6.4804     79.601    202.516      7.893  0.000e+00
    296.750     19.645   4.299148     2.0219     1.3362     19.536    26.0870    30.4441    14.9279    14.9243    4943.93    35.1276     4.5337     6.4791     79.586    202.475      7.893  0.000e+00
    297.000     19.663   4.299025     2.0181     1.4116     19.554    26.0848    30.4420    14.9293    14.9257    4943.94    35.1252     4.5224     6.4630     79.390    201.972      7.893  0.000e+00
    297.250     19.688   4.298675     2.0158     1.3977     19.579    26.0815    30.4387    14.9302    14.9266    4943.93    35.1212     4.5158     6.4535     79.273    201.676      7.893  0.000e+00
    297.500     19.732   4.298525     2.0144     1.3858     19.622    26.0812    30.4384    14.9294    14.9258    4943.92    35.1205     4.5120     6.4481     79.204    201.505      7.892  0.000e+00
    297.750     19.763   4.298614     2.0121     1.3918     19.653    26.0831    30.4403    14.9280    14.9244    4943.92    35.1226     4.5048     6.4378     79.077    201.185      7.893  0.000e+00
    298.000     19.719   4.298703     2.0103     1.3323     19.610    26.0843    30.4415    14.9273    14.9238    4943.91    35.1240     4.4990     6.4295     78.975    200.925      7.892  0.000e+00
    298.250     19.602   4.299114     2.0107     1.3323     19.493    26.0874    30.4446    14.9272    14.9236    4943.92    35.1279     4.5027     6.4348     79.041    201.089      7.890  0.000e+00
    298.500     19.434   4.298648     2.0096     1.3243     19.327    26.0829    30.4400    14.9286    14.9250    4943.91    35.1225     4.5031     6.4353     79.047    201.107      7.890  0.000e+00
    298.750     19.273   4.299326     2.0075     1.3362     19.166    26.0855    30.4426    14.9310    14.9274    4943.94    35.1266     4.4987     6.4291     78.976    200.912      7.892  0.000e+00
    299.000     19.124   4.299326     2.0083     1.3263     19.018    26.0841    30.4411    14.9326    14.9291    4943.94    35.1252     4.5058     6.4393     79.103    201.230      7.889  0.000e+00
    299.250     18.926   4.299237     2.0069     1.4612     18.821    26.0828    30.4398    14.9334    14.9298    4943.93    35.1237     4.5041     6.4368     79.073    201.151      7.890  0.000e+00
    299.500     18.747   4.299237     2.0058     1.4414     18.643    26.0826    30.4397    14.9337    14.9301    4943.92    35.1236     4.5020     6.4337     79.036    201.057      7.890  0.000e+00
    299.750     18.561   4.299202     2.0034     1.4632     18.458    26.0823    30.4393    14.9338    14.9302    4943.91    35.1232     4.4946     6.4233     78.908    200.730      7.890  0.000e+00
    300.000     18.400   4.299147     2.0018     1.4711     18.298    26.0821    30.4391    14.9337    14.9301    4943.90    35.1229     4.4881     6.4140     78.793    200.440      7.890  0.000e+00
    300.250     18.214   4.299291     2.0029     1.4513     18.113    26.0835    30.4405    14.9334    14.9298    4943.90    35.1246     4.4913     6.4185     78.849    200.580      7.888  0.000e+00
    300.500     18.041   4.299353     2.0036     1.4790     17.941    26.0839    30.4409    14.9334    14.9298    4943.89    35.1251     4.4954     6.4244     78.922    200.765      7.892  0.000e+00
    300.750     17.886   4.299264     2.0044     1.4612     17.787    26.0828    30.4398    14.9340    14.9304    4943.88    35.1239     4.5014     6.4330     79.027    201.033      7.891  0.000e+00
    301.000     17.713   4.299407     2.0065     1.4513     17.615    26.0834    30.4404    14.9345    14.9309    4943.88    35.1248     4.5121     6.4482     79.216    201.510      7.888  0.000e+00
    301.250     17.564   4.299853     2.0058     1.6834     17.467    26.0863    30.4433    14.9348    14.9312    4943.89    35.1287     4.5142     6.4513     79.256    201.606      7.888  0.000e+00
