cruises/baja2025/cnv/20250502_cast1.cnv
* Sea-Bird SBE19plus Data File:
* FileName = C:\Users\ScienceTech\OneDrive - Western Flyer Foundation\Desktop\ProfilingCTD\data\Leg 3\20250502_T12_cast1.hex
* Software Version 1.59
* Temperature SN =  8289
* Conductivity SN =  8289
* System UpLoad Time = May 03 2025 05:32:41
** Site "T12"
** 27-19.97'N 112-08.86'W
** Start 2025-05-02 2135Z
** Cast to 500m
# nquan = 18
# nvalues = 8299                                  
# units = specified
# name 0 = timeS: Time, Elapsed [seconds]
# name 1 = prdM: Pressure, Strain Gauge [db]
# name 2 = c0S/m: Conductivity [S/m]
# name 3 = sbeox0V: Oxygen raw, SBE 43 [V]
# name 4 = flECO-AFL: Fluorescence, WET Labs ECO-AFL/FL [mg/m^3]
# name 5 = depSM: Depth [salt water, m], lat = 0.00
# name 6 = sigma-t00: Density [sigma-t, kg/m^3 ]
# name 7 = sigma-100: Density [sigma-1, kg/m^3 ]
# name 8 = tv268C: Temperature [IPTS-68, deg C]
# name 9 = tv290C: Temperature [ITS-90, deg C]
# name 10 = svCF: Sound Velocity [Chen-Millero, ft/s]
# name 11 = sal00: Salinity, Practical [PSU]
# name 12 = sbeox0ML/L: Oxygen, SBE 43 [ml/l]
# name 13 = sbeox0Mg/L: Oxygen, SBE 43 [mg/l]
# name 14 = sbeox0PS: Oxygen, SBE 43 [% saturation]
# name 15 = sbeox0Mm/L: Oxygen, SBE 43 [umol/l]
# name 16 = ph: pH
# name 17 = flag:  0.000e+00
# span 0 =      0.000,   2074.500                 
# span 1 =     -0.188,    497.763                 
# span 2 =   0.000545,   5.060422                 
# span 3 =     0.6314,     3.5807                 
# span 4 =    -0.1654,   128.7495                 
# span 5 =     -0.187,    494.434                 
# span 6 =    -3.6771,    26.7872                 
# span 7 =     0.6936,    31.2624                 
# span 8 =     9.6430,    27.7393                 
# span 9 =     9.6407,    27.7326                 
# span 10 =    4866.24,    5021.88                
# span 11 =     0.0135,    36.5190                
# span 12 =     0.3699,     8.7707                
# span 13 =     0.5286,    12.5342                
# span 14 =      5.827,    162.294                
# span 15 =     16.521,    391.698                
# span 16 =      7.439,      8.260                
# span 17 = 0.0000e+00, 0.0000e+00                
# interval = seconds: 0.25
# start_time = May 02 2025 14:35:01 [Instrument's time stamp, header]
# bad_flag = -9.990e-29
*END*
[from data line 1207]
    301.750      5.831   4.757924     3.3079     2.6078      5.799    25.0436    29.3232    19.4535    19.4489    4987.66    35.1805     7.6798    10.9752    147.067    342.979      8.190  0.000e+00
    302.000      5.837   4.755018     3.3076     2.6058      5.805    25.0500    29.3300    19.4261    19.4214    4987.40    35.1796     7.6875    10.9863    147.140    343.325      8.191  0.000e+00
    302.250      5.862   4.753868     3.3077     2.5601      5.830    25.0721    29.3525    19.3936    19.3889    4987.17    35.1975     7.6996    11.0035    147.299    343.865      8.189  0.000e+00
    302.500      5.893   4.755847     3.3060     2.5502      5.861    25.1075    29.3881    19.3683    19.3636    4987.08    35.2353     7.7025    11.0077    147.319    343.995      8.191  0.000e+00
    302.750      5.924   4.756619     3.3022     2.5582      5.892    25.1227    29.4033    19.3570    19.3523    4987.03    35.2513     7.6940    10.9955    147.139    343.614      8.190  0.000e+00
    303.000      5.968   4.757254     3.2998     2.5641      5.935    25.1278    29.4084    19.3558    19.3511    4987.05    35.2576     7.6850    10.9826    146.969    343.211      8.190  0.000e+00
    303.250      6.024   4.751127     3.2951     2.7506      5.990    25.0861    29.3670    19.3588    19.3542    4986.88    35.2040     7.6690    10.9598    146.624    342.497      8.194  0.000e+00
    303.500      6.055   4.746159     3.2894     2.7426      6.021    25.0658    29.3471    19.3463    19.3417    4986.66    35.1733     7.6506    10.9335    146.213    341.678      8.191  0.000e+00
    303.750      6.073   4.744818     3.2861     2.7446      6.040    25.0861    29.3678    19.3145    19.3098    4986.42    35.1890     7.6396    10.9177    145.929    341.182      8.188  0.000e+00
    304.000      6.098   4.744725     3.2837     2.7407      6.064    25.1116    29.3936    19.2857    19.2810    4986.24    35.2126     7.6318    10.9066    145.724    340.837      8.189  0.000e+00
    304.250      6.110   4.744626     3.2831     2.8240      6.077    25.1286    29.4108    19.2661    19.2615    4986.12    35.2283     7.6312    10.9058    145.673    340.811      8.188  0.000e+00
    304.500      6.111   4.744533     3.2832     2.8041      6.077    25.1378    29.4201    19.2553    19.2507    4986.05    35.2367     7.6360    10.9126    145.743    341.024      8.189  0.000e+00
    304.750      6.117   4.744440     3.2786     2.7982      6.083    25.1427    29.4251    19.2493    19.2447    4986.01    35.2410     7.6264    10.8989    145.547    340.596      8.185  0.000e+00
    305.000      6.098   4.744027     3.2745     2.8081      6.065    25.1428    29.4253    19.2462    19.2415    4985.98    35.2402     7.6168    10.8851    145.354    340.164      8.186  0.000e+00
    305.250      6.080   4.744626     3.2716     2.7942      6.046    25.1495    29.4320    19.2431    19.2384    4985.98    35.2479     7.6108    10.8766    145.238    339.898      8.186  0.000e+00
    305.500      6.074   4.745775     3.2694     2.8974      6.040    25.1573    29.4397    19.2425    19.2379    4986.01    35.2579     7.6058    10.8694    145.150    339.674      8.186  0.000e+00
    305.750      6.030   4.746060     3.2681     2.9132      5.997    25.1557    29.4381    19.2463    19.2416    4986.04    35.2571     7.6016    10.8634    145.079    339.487      8.184  0.000e+00
    306.000      5.975   4.748194     3.2673     2.9073      5.942    25.1649    29.4472    19.2511    19.2465    4986.13    35.2708     7.5980    10.8584    145.036    339.328      8.186  0.000e+00
    306.250      5.913   4.753013     3.2658     2.8954      5.880    25.1863    29.4681    19.2615    19.2568    4986.34    35.3022     7.5913    10.8487    144.963    339.028      8.184  0.000e+00
    306.500      5.870   4.755341     3.2658     2.8141      5.837    25.1804    29.4619    19.2843    19.2797    4986.55    35.3023     7.5903    10.8474    145.005    338.985      8.184  0.000e+00
    306.750      5.851   4.756298     3.2651     2.8101      5.819    25.1624    29.4436    19.3109    19.3062    4986.74    35.2877     7.5903    10.8473    145.064    338.984      8.185  0.000e+00
    307.000      5.832   4.756169     3.2658     2.7942      5.800    25.1432    29.4242    19.3312    19.3265    4986.86    35.2694     7.5949    10.8538    145.189    339.186      8.183  0.000e+00
    307.250      5.851   4.755247     3.2674     2.8002      5.819    25.1262    29.4071    19.3435    19.3388    4986.91    35.2513     7.6032    10.8658    145.367    339.560      8.186  0.000e+00
    307.500      5.882   4.761027     3.2704     2.9985      5.850    25.1603    29.4408    19.3464    19.3418    4987.10    35.2969     7.6145    10.8819    145.630    340.065      8.183  0.000e+00
    307.750      5.938   4.752305     3.2736     2.9866      5.905    25.0902    29.3710    19.3626    19.3579    4986.94    35.2106     7.6309    10.9054    145.912    340.797      8.184  0.000e+00
    308.000      6.000   4.745231     3.2781     2.9807      5.967    25.0479    29.3291    19.3596    19.3550    4986.71    35.1543     7.6535    10.9377    146.288    341.807      8.184  0.000e+00
    308.250      6.056   4.746123     3.2813     2.9866      6.022    25.0876    29.3692    19.3220    19.3173    4986.51    35.1935     7.6737    10.9665    146.605    342.707      8.182  0.000e+00
    308.500      6.087   4.748129     3.2817     2.9985      6.053    25.1272    29.4089    19.2923    19.2877    4986.39    35.2353     7.6816    10.9778    146.712    343.060      8.186  0.000e+00
    308.750      6.099   4.748579     3.2800     2.8101      6.066    25.1394    29.4213    19.2820    19.2774    4986.34    35.2478     7.6780    10.9726    146.626    342.899      8.182  0.000e+00
    309.000      6.081   4.749757     3.2768     2.8041      6.047    25.1477    29.4295    19.2811    19.2764    4986.37    35.2584     7.6633    10.9517    146.353    342.244      8.183  0.000e+00
    309.250      6.062   4.747751     3.2746     2.8101      6.029    25.1316    29.4134    19.2848    19.2802    4986.33    35.2385     7.6497    10.9322    146.085    341.636      8.183  0.000e+00
    309.500      6.013   4.750107     3.2732     2.8101      5.980    25.1473    29.4291    19.2840    19.2794    4986.39    35.2589     7.6361    10.9127    145.840    341.027      8.183  0.000e+00
    309.750      5.982   4.750749     3.2724     2.6474      5.949    25.1493    29.4310    19.2864    19.2818    4986.43    35.2622     7.6252    10.8971    145.641    340.539      8.184  0.000e+00
    310.000      5.970   4.751099     3.2720     2.6554      5.937    25.1445    29.4261    19.2941    19.2895    4986.48    35.2586     7.6171    10.8856    145.506    340.181      8.186  0.000e+00
    310.250      5.957   4.751413     3.2723     2.6335      5.924    25.1413    29.4228    19.2999    19.2952    4986.53    35.2563     7.6154    10.8832    145.486    340.104      8.187  0.000e+00
    310.500      5.951   4.751827     3.2701     2.6474      5.918    25.1401    29.4216    19.3041    19.2995    4986.57    35.2562     7.6090    10.8740    145.375    339.817      8.185  0.000e+00
    310.750      5.957   4.753298     3.2703     2.5800      5.925    25.1458    29.4271    19.3081    19.3035    4986.64    35.2650     7.6111    10.8771    145.434    339.913      8.184  0.000e+00
    311.000      5.964   4.754576     3.2722     2.5840      5.931    25.1476    29.4288    19.3151    19.3105    4986.72    35.2697     7.6196    10.8892    145.620    340.293      8.186  0.000e+00
    311.250      5.976   4.755598     3.2752     2.5760      5.943    25.1453    29.4263    19.3248    19.3202    4986.81    35.2700     7.6315    10.9061    145.873    340.822      8.184  0.000e+00
    311.500      5.988   4.756040     3.2794     2.5720      5.955    25.1382    29.4191    19.3358    19.3311    4986.89    35.2644     7.6483    10.9302    146.219    341.573      8.187  0.000e+00
    311.750      6.007   4.756683     3.2815     2.5800      5.974    25.1339    29.4147    19.3450    19.3404    4986.97    35.2619     7.6585    10.9448    146.437    342.030      8.186  0.000e+00
    312.000      6.007   4.756876     3.2809     2.9648      5.974    25.1289    29.4096    19.3519    19.3473    4987.02    35.2577     7.6593    10.9459    146.467    342.064      8.186  0.000e+00
    312.250      6.013   4.756747     3.2803     2.9608      5.980    25.1236    29.4043    19.3568    19.3521    4987.04    35.2525     7.6585    10.9448    146.461    342.031      8.185  0.000e+00
    312.500      6.001   4.756619     3.2838     2.9688      5.968    25.1202    29.4009    19.3596    19.3550    4987.05    35.2490     7.6702    10.9615    146.689    342.551      8.183  0.000e+00
    312.750      5.995   4.756554     3.2855     2.9668      5.962    25.1190    29.3996    19.3606    19.3559    4987.06    35.2477     7.6746    10.9677    146.774    342.746      8.186  0.000e+00
    313.000      5.970   4.756426     3.2863     2.6058      5.937    25.1180    29.3986    19.3607    19.3561    4987.05    35.2465     7.6748    10.9681    146.778    342.758      8.186  0.000e+00
    313.250      5.958   4.756169     3.2844     2.6078      5.925    25.1166    29.3973    19.3605    19.3558    4987.04    35.2446     7.6652    10.9544    146.592    342.330      8.186  0.000e+00
    313.500      5.933   4.755883     3.2848     2.6216      5.900    25.1161    29.3968    19.3591    19.3544    4987.03    35.2434     7.6631    10.9513    146.547    342.234      8.187  0.000e+00
    313.750      5.921   4.755847     3.2870     2.6097      5.888    25.1174    29.3981    19.3573    19.3527    4987.01    35.2445     7.6689    10.9597    146.655    342.495      8.185  0.000e+00
    314.000      5.921   4.755690     3.2887     2.7129      5.888    25.1180    29.3987    19.3556    19.3510    4987.00    35.2447     7.6754    10.9689    146.774    342.784      8.188  0.000e+00
    314.250      5.939   4.756169     3.2891     2.6931      5.907    25.1224    29.4031    19.3541    19.3495    4987.00    35.2499     7.6763    10.9703    146.792    342.825      8.189  0.000e+00
    314.500      5.964   4.754347     3.2871     2.7208      5.931    25.1102    29.3910    19.3548    19.3501    4986.95    35.2342     7.6679    10.9582    146.619    342.450      8.187  0.000e+00
    314.750      5.989   4.755790     3.2816     2.7050      5.956    25.1206    29.4014    19.3534    19.3487    4986.99    35.2474     7.6473    10.9288    146.233    341.530      8.187  0.000e+00
    315.000      6.039   4.756619     3.2787     2.7030      6.006    25.1269    29.4076    19.3523    19.3476    4987.01    35.2552     7.6338    10.9094    145.978    340.924      8.189  0.000e+00
    315.250      6.064   4.756876     3.2768     2.8775      6.030    25.1258    29.4064    19.3553    19.3507    4987.04    35.2548     7.6230    10.8940    145.779    340.441      8.188  0.000e+00
    315.500      6.076   4.756840     3.2755     2.8736      6.043    25.1231    29.4038    19.3580    19.3533    4987.06    35.2522     7.6133    10.8802    145.600    340.011      8.188  0.000e+00
    315.750      6.101   4.756876     3.2754     2.8676      6.067    25.1208    29.4014    19.3608    19.3562    4987.08    35.2501     7.6089    10.8738    145.520    339.812      8.189  0.000e+00
    316.000      6.083   4.757033     3.2782     2.8676      6.049    25.1204    29.4010    19.3623    19.3577    4987.09    35.2501     7.6178    10.8866    145.694    340.210      8.188  0.000e+00
    316.250      6.052   4.757161     3.2761     2.5205      6.018    25.1203    29.4008    19.3634    19.3588    4987.10    35.2503     7.6147    10.8822    145.639    340.072      8.189  0.000e+00
    316.500      6.008   4.756876     3.2752     2.5185      5.975    25.1175    29.3981    19.3644    19.3598    4987.09    35.2471     7.6165    10.8847    145.673    340.152      8.187  0.000e+00
    316.750      5.965   4.756333     3.2742     2.5165      5.932    25.1141    29.3947    19.3644    19.3598    4987.07    35.2426     7.6185    10.8875    145.706    340.240      8.187  0.000e+00
    317.000      5.891   4.755819     3.2742     2.5165      5.858    25.1128    29.3934    19.3623    19.3577    4987.04    35.2401     7.6213    10.8916    145.753    340.366      8.188  0.000e+00
    317.250      5.853   4.755690     3.2761     2.7803      5.821    25.1146    29.3953    19.3594    19.3547    4987.02    35.2416     7.6293    10.9030    145.899    340.723      8.189  0.000e+00
    317.500      5.823   4.755790     3.2790     2.7585      5.791    25.1181    29.3988    19.3562    19.3516    4987.00    35.2450     7.6407    10.9193    146.112    341.233      8.189  0.000e+00
    317.750      5.829   4.755847     3.2829     2.7704      5.797    25.1201    29.4008    19.3544    19.3498    4986.99    35.2471     7.6559    10.9410    146.399    341.911      8.189  0.000e+00
    318.000      5.891   4.755883     3.2871     2.7704      5.859    25.1212    29.4019    19.3535    19.3488    4986.99    35.2481     7.6731    10.9656    146.726    342.680      8.191  0.000e+00
    318.250      5.953   4.757126     3.2872     2.7664      5.920    25.1290    29.4097    19.3535    19.3488    4987.03    35.2584     7.6792    10.9743    146.853    342.953      8.189  0.000e+00
    318.500      6.052   4.755276     3.2856     2.5562      6.019    25.1140    29.3948    19.3571    19.3524    4987.00    35.2400     7.6770    10.9711    146.803    342.853      8.188  0.000e+00
    318.750      6.133   4.756454     3.2865     2.5522      6.099    25.1228    29.4035    19.3556    19.3510    4987.03    35.2510     7.6794    10.9746    146.855    342.960      8.190  0.000e+00
    319.000      6.195   4.753869     3.2864     2.5463      6.161    25.1060    29.3869    19.3560    19.3513    4986.96    35.2292     7.6774    10.9718    146.800    342.874      8.187  0.000e+00
    319.250      6.201   4.752498     3.2852     2.5463      6.167    25.1019    29.3828    19.3509    19.3463    4986.89    35.2220     7.6697    10.9607    146.631    342.527      8.189  0.000e+00
    319.500      6.151   4.753905     3.2855     2.5939      6.117    25.1193    29.4002    19.3416    19.3370    4986.87    35.2416     7.6652    10.9544    146.538    342.329      8.188  0.000e+00
    319.750      6.089   4.755819     3.2845     2.6058      6.056    25.1365    29.4174    19.3360    19.3314    4986.89    35.2623     7.6572    10.9429    146.388    341.971      8.187  0.000e+00
    320.000      6.003   4.754769     3.2831     2.5959      5.970    25.1258    29.4067    19.3405    19.3359    4986.88    35.2498     7.6490    10.9311    146.232    341.603      8.190  0.000e+00
    320.250      5.935   4.754540     3.2823     2.6157      5.902    25.1222    29.4031    19.3429    19.3383    4986.89    35.2459     7.6455    10.9262    146.169    341.448      8.188  0.000e+00
    320.500      5.866   4.754769     3.2803     2.5800      5.834    25.1241    29.4050    19.3425    19.3378    4986.89    35.2482     7.6381    10.9157    146.028    341.119      8.189  0.000e+00
    320.750      5.842   4.755247     3.2806     2.5840      5.810    25.1271    29.4080    19.3425    19.3378    4986.90    35.2522     7.6375    10.9148    146.020    341.091      8.189  0.000e+00
    321.000      5.842   4.755276     3.2818     2.5681      5.810    25.1264    29.4073    19.3435    19.3388    4986.91    35.2516     7.6414    10.9204    146.097    341.267      8.189  0.000e+00
    321.250      5.886   4.755469     3.2853     2.5701      5.853    25.1261    29.4069    19.3451    19.3405    4986.92    35.2518     7.6549    10.9396    146.359    341.868      8.190  0.000e+00
