cruises/baja2025/cnv/20250504_cast4.cnv
* Sea-Bird SBE19plus Data File:
* FileName = C:\Users\ScienceTech\OneDrive - Western Flyer Foundation\Desktop\ProfilingCTD\data\Leg 3\20250504_PP500K_cast1.hex
* Software Version 1.59
* Temperature SN =  8289
* Conductivity SN =  8289
* System UpLoad Time = May 04 2025 19:41:13
** PP500K
** 2150Z
** Lat 27-31.53'N
** Lon 112-17.75'W
** Depth 511m
# nquan = 18
# nvalues = 7781                                  
# units = specified
# name 0 = timeS: Time, Elapsed [seconds]
# name 1 = prdM: Pressure, Strain Gauge [db]
# name 2 = c0S/m: Conductivity [S/m]
# name 3 = sbeox0V: Oxygen raw, SBE 43 [V]
# name 4 = flECO-AFL: Fluorescence, WET Labs ECO-AFL/FL [mg/m^3]
# name 5 = depSM: Depth [salt water, m], lat = 0.00
# name 6 = sigma-t00: Density [sigma-t, kg/m^3 ]
# name 7 = sigma-100: Density [sigma-1, kg/m^3 ]
# name 8 = tv268C: Temperature [IPTS-68, deg C]
# name 9 = tv290C: Temperature [ITS-90, deg C]
# name 10 = svCF: Sound Velocity [Chen-Millero, ft/s]
# name 11 = sal00: Salinity, Practical [PSU]
# name 12 = sbeox0ML/L: Oxygen, SBE 43 [ml/l]
# name 13 = sbeox0Mg/L: Oxygen, SBE 43 [mg/l]
# name 14 = sbeox0PS: Oxygen, SBE 43 [% saturation]
# name 15 = sbeox0Mm/L: Oxygen, SBE 43 [umol/l]
# name 16 = ph: pH
# name 17 = flag:  0.000e+00
# span 0 =      0.000,   1945.000                 
# span 1 =     -0.210,    150.118                 
# span 2 =   0.033760,   4.923556                 
# span 3 =     1.1558,     3.1089                 
# span 4 =    -0.1654,   128.7396                 
# span 5 =     -0.209,    149.239                 
# span 6 =    -2.4098,    26.3076                 
# span 7 =     2.0269,    30.6962                 
# span 8 =    13.4461,    23.4590                 
# span 9 =    13.4428,    23.4533                 
# span 10 =    4859.99,    5007.78                
# span 11 =     0.1773,    36.0445                
# span 12 =     2.0094,     7.3280                
# span 13 =     2.8716,    10.4724                
# span 14 =     34.208,    140.880                
# span 15 =     89.739,    327.268                
# span 16 =      7.677,      8.272                
# span 17 = 0.0000e+00, 0.0000e+00                
# interval = seconds: 0.25
# start_time = May 04 2025 14:49:34 [Instrument's time stamp, header]
# bad_flag = -9.990e-29
*END*
[from data line 322]
     80.500      6.014   4.821708     3.0170     1.4116      5.981    25.0724    29.3444    19.8664    19.8616    4992.11    35.3594     6.8307     9.7617    131.944    305.057      8.215  0.000e+00
     80.750      6.101   4.819560     3.0154     1.5862      6.067    25.0610    29.3332    19.8641    19.8593    4992.03    35.3437     6.8233     9.7512    131.784    304.729      8.215  0.000e+00
     81.000      6.156   4.819761     3.0163     1.5524      6.122    25.0688    29.3410    19.8569    19.8521    4992.00    35.3514     6.8255     9.7544    131.815    304.828      8.217  0.000e+00
     81.250      6.231   4.819496     3.0176     1.5643      6.196    25.0726    29.3449    19.8508    19.8460    4991.96    35.3543     6.8319     9.7635    131.927    305.115      8.212  0.000e+00
     81.500      6.280   4.817715     3.0177     1.5524      6.246    25.0656    29.3380    19.8462    19.8414    4991.88    35.3435     6.8370     9.7707    132.005    305.340      8.212  0.000e+00
     81.750      6.286   4.818095     3.0163     1.4473      6.252    25.0753    29.3478    19.8381    19.8333    4991.84    35.3535     6.8356     9.7688    131.967    305.280      8.215  0.000e+00
     82.000      6.268   4.818268     3.0156     1.4334      6.233    25.0810    29.3535    19.8330    19.8283    4991.82    35.3592     6.8348     9.7676    131.943    305.242      8.214  0.000e+00
     82.250      6.212   4.819403     3.0139     1.4334      6.178    25.0899    29.3624    19.8311    19.8263    4991.84    35.3702     6.8290     9.7593    131.835    304.984      8.214  0.000e+00
     82.500      6.119   4.820308     3.0076     1.4394      6.085    25.0937    29.3661    19.8332    19.8285    4991.87    35.3759     6.8061     9.7266    131.403    303.962      8.214  0.000e+00
     82.750      6.014   4.820178     3.0022     1.4156      5.981    25.0871    29.3595    19.8396    19.8348    4991.90    35.3695     6.7837     9.6946    130.980    302.960      8.213  0.000e+00
     83.000      5.884   4.820085     3.0018     1.3858      5.851    25.0824    29.3548    19.8442    19.8394    4991.92    35.3649     6.7756     9.6831    130.832    302.600      8.216  0.000e+00
     83.250      5.803   4.820961     3.0059     1.4136      5.771    25.0861    29.3584    19.8462    19.8414    4991.95    35.3704     6.7858     9.6976    131.037    303.053      8.213  0.000e+00
     83.500      5.753   4.820990     3.0086     1.3957      5.722    25.0836    29.3558    19.8492    19.8444    4991.97    35.3681     6.7969     9.7134    131.256    303.547      8.214  0.000e+00
     83.750      5.722   4.821183     3.0120     1.3918      5.691    25.0819    29.3541    19.8524    19.8476    4991.99    35.3671     6.8132     9.7367    131.578    304.277      8.214  0.000e+00
     84.000      5.710   4.821413     3.0123     1.5544      5.679    25.0810    29.3531    19.8550    19.8502    4992.01    35.3667     6.8212     9.7482    131.740    304.636      8.212  0.000e+00
     84.250      5.747   4.820731     3.0133     1.5624      5.715    25.0748    29.3470    19.8571    19.8523    4992.01    35.3594     6.8322     9.7639    131.951    305.127      8.213  0.000e+00
     84.500      5.815   4.819495     3.0160     1.5643      5.783    25.0680    29.3402    19.8560    19.8513    4991.97    35.3500     6.8491     9.7881    132.267    305.881      8.212  0.000e+00
     84.750      5.883   4.817714     3.0168     1.5762      5.851    25.0614    29.3337    19.8510    19.8462    4991.89    35.3396     6.8567     9.7989    132.393    306.220      8.216  0.000e+00
     85.000      5.989   4.818849     3.0178     1.1339      5.956    25.0780    29.3505    19.8404    19.8357    4991.86    35.3578     6.8592     9.8025    132.430    306.332      8.212  0.000e+00
     85.250      6.082   4.821184     3.0161     1.1220      6.048    25.0961    29.3684    19.8367    19.8319    4991.92    35.3802     6.8493     9.7883    132.247    305.888      8.214  0.000e+00
     85.500      6.175   4.821579     3.0168     1.1319      6.141    25.0932    29.3655    19.8426    19.8378    4991.97    35.3784     6.8469     9.7849    132.215    305.783      8.211  0.000e+00
     85.750      6.236   4.821773     3.0169     1.1140      6.202    25.0874    29.3596    19.8502    19.8455    4992.02    35.3735     6.8433     9.7797    132.159    305.620      8.213  0.000e+00
     86.000      6.298   4.821866     3.0161     1.1279      6.264    25.0829    29.3551    19.8558    19.8511    4992.06    35.3695     6.8384     9.7728    132.076    305.404      8.213  0.000e+00
     86.250      6.323   4.821837     3.0194     1.3025      6.288    25.0793    29.3514    19.8597    19.8549    4992.09    35.3661     6.8466     9.7844    132.240    305.768      8.213  0.000e+00
     86.500      6.311   4.821837     3.0181     1.3104      6.276    25.0773    29.3494    19.8618    19.8571    4992.10    35.3643     6.8411     9.7766    132.138    305.524      8.212  0.000e+00
     86.750      6.261   4.821349     3.0177     1.3005      6.227    25.0734    29.3455    19.8628    19.8580    4992.09    35.3595     6.8396     9.7744    132.107    305.455      8.208  0.000e+00
     87.000      6.193   4.821219     3.0175     1.3104      6.159    25.0732    29.3453    19.8621    19.8573    4992.08    35.3590     6.8387     9.7732    132.088    305.417      8.214  0.000e+00
     87.250      6.094   4.821579     3.0192     1.5267      6.060    25.0769    29.3489    19.8606    19.8558    4992.07    35.3632     6.8450     9.7822    132.210    305.698      8.213  0.000e+00
     87.500      5.982   4.821672     3.0170     1.5267      5.949    25.0777    29.3498    19.8603    19.8556    4992.07    35.3643     6.8374     9.7713    132.062    305.357      8.211  0.000e+00
     87.750      5.902   4.821643     3.0157     1.5405      5.869    25.0765    29.3486    19.8614    19.8567    4992.07    35.3631     6.8317     9.7632    131.955    305.105      8.213  0.000e+00
     88.000      5.827   4.821449     3.0131     1.5187      5.795    25.0748    29.3469    19.8620    19.8572    4992.06    35.3611     6.8209     9.7478    131.747    304.624      8.211  0.000e+00
     88.250      5.772   4.821349     3.0136     1.4334      5.740    25.0743    29.3464    19.8619    19.8571    4992.06    35.3604     6.8194     9.7456    131.716    304.553      8.212  0.000e+00
     88.500      5.766   4.821183     3.0154     1.4394      5.734    25.0740    29.3460    19.8612    19.8564    4992.05    35.3596     6.8255     9.7543    131.831    304.825      8.212  0.000e+00
     88.750      5.784   4.820508     3.0152     1.4334      5.752    25.0711    29.3432    19.8597    19.8549    4992.02    35.3553     6.8261     9.7551    131.835    304.852      8.214  0.000e+00
     89.000      5.840   4.820307     3.0139     1.4235      5.808    25.0726    29.3448    19.8566    19.8518    4992.00    35.3562     6.8229     9.7506    131.768    304.711      8.213  0.000e+00
     89.250      5.945   4.820343     3.0147     1.4255      5.912    25.0754    29.3476    19.8537    19.8489    4991.99    35.3589     6.8263     9.7554    131.828    304.861      8.212  0.000e+00
     89.500      6.038   4.820573     3.0149     1.7944      6.005    25.0789    29.3511    19.8514    19.8467    4991.98    35.3627     6.8300     9.7608    131.898    305.029      8.211  0.000e+00
     89.750      6.131   4.820638     3.0154     1.7786      6.097    25.0797    29.3520    19.8509    19.8461    4991.99    35.3637     6.8338     9.7661    131.970    305.196      8.212  0.000e+00
     90.000      6.205   4.820279     3.0152     1.7885      6.171    25.0775    29.3498    19.8508    19.8460    4991.98    35.3608     6.8346     9.7673    131.982    305.232      8.211  0.000e+00
     90.250      6.217   4.820279     3.0146     1.7964      6.183    25.0775    29.3498    19.8508    19.8460    4991.98    35.3608     6.8317     9.7631    131.926    305.102      8.213  0.000e+00
     90.500      6.205   4.820279     3.0126     1.4295      6.171    25.0780    29.3502    19.8503    19.8456    4991.98    35.3612     6.8239     9.7521    131.776    304.757      8.212  0.000e+00
     90.750      6.174   4.820537     3.0106     1.4255      6.140    25.0797    29.3519    19.8502    19.8455    4991.98    35.3634     6.8164     9.7413    131.631    304.418      8.213  0.000e+00
     91.000      6.124   4.820860     3.0067     1.4275      6.091    25.0811    29.3534    19.8509    19.8461    4991.99    35.3655     6.8016     9.7201    131.349    303.757      8.212  0.000e+00
     91.250      6.087   4.821054     3.0044     1.4414      6.054    25.0810    29.3532    19.8524    19.8476    4992.01    35.3659     6.7897     9.7032    131.124    303.228      8.213  0.000e+00
     91.500      6.056   4.821155     3.0074     1.3283      6.023    25.0800    29.3522    19.8542    19.8494    4992.02    35.3652     6.7969     9.7134    131.266    303.548      8.216  0.000e+00
     91.750      6.032   4.821119     3.0108     1.3323      5.998    25.0783    29.3505    19.8558    19.8511    4992.03    35.3635     6.8084     9.7299    131.492    304.065      8.213  0.000e+00
     92.000      6.031   4.821219     3.0112     1.3442      5.998    25.0782    29.3503    19.8567    19.8519    4992.04    35.3636     6.8132     9.7368    131.587    304.279      8.214  0.000e+00
     92.250      6.031   4.821119     3.0112     1.3382      5.998    25.0769    29.3490    19.8574    19.8527    4992.04    35.3622     6.8176     9.7430    131.671    304.472      8.213  0.000e+00
     92.500      6.038   4.821284     3.0112     1.3402      6.004    25.0775    29.3496    19.8579    19.8531    4992.04    35.3631     6.8220     9.7493    131.758    304.669      8.213  0.000e+00
     92.750      6.013   4.821413     3.0096     1.4493      5.980    25.0778    29.3499    19.8585    19.8537    4992.05    35.3637     6.8202     9.7467    131.725    304.588      8.211  0.000e+00
     93.000      6.000   4.821478     3.0106     1.4374      5.967    25.0773    29.3494    19.8594    19.8546    4992.06    35.3635     6.8248     9.7533    131.816    304.795      8.213  0.000e+00
     93.250      5.951   4.821413     3.0109     1.4374      5.918    25.0764    29.3485    19.8600    19.8553    4992.06    35.3624     6.8246     9.7531    131.814    304.788      8.212  0.000e+00
     93.500      5.914   4.821349     3.0098     1.4394      5.881    25.0756    29.3477    19.8604    19.8557    4992.06    35.3616     6.8172     9.7425    131.671    304.457      8.212  0.000e+00
     93.750      5.908   4.821219     3.0093     1.5604      5.875    25.0747    29.3468    19.8605    19.8557    4992.05    35.3604     6.8130     9.7365    131.590    304.271      8.212  0.000e+00
     94.000      5.901   4.821219     3.0099     1.5505      5.869    25.0753    29.3474    19.8599    19.8551    4992.05    35.3610     6.8146     9.7388    131.620    304.342      8.213  0.000e+00
     94.250      5.920   4.821025     3.0109     1.5524      5.887    25.0746    29.3467    19.8593    19.8545    4992.04    35.3598     6.8184     9.7442    131.691    304.512      8.212  0.000e+00
     94.500      5.945   4.820925     3.0128     1.5643      5.912    25.0747    29.3469    19.8585    19.8537    4992.03    35.3597     6.8258     9.7547    131.830    304.838      8.214  0.000e+00
     94.750      5.982   4.820990     3.0152     1.6913      5.949    25.0761    29.3482    19.8574    19.8527    4992.03    35.3611     6.8360     9.7694    132.027    305.298      8.213  0.000e+00
     95.000      6.000   4.821054     3.0159     1.6873      5.967    25.0770    29.3491    19.8569    19.8521    4992.03    35.3621     6.8400     9.7751    132.103    305.475      8.212  0.000e+00
     95.250      6.025   4.821219     3.0141     1.6873      5.992    25.0780    29.3501    19.8569    19.8521    4992.04    35.3635     6.8356     9.7687    132.019    305.277      8.212  0.000e+00
     95.500      6.069   4.821284     3.0126     1.6953      6.035    25.0779    29.3500    19.8574    19.8527    4992.04    35.3635     6.8310     9.7621    131.931    305.070      8.212  0.000e+00
     95.750      6.093   4.821320     3.0135     1.6873      6.060    25.0773    29.3495    19.8583    19.8535    4992.05    35.3631     6.8322     9.7639    131.956    305.125      8.212  0.000e+00
     96.000      6.118   4.821399     3.0146     1.5703      6.084    25.0772    29.3493    19.8590    19.8543    4992.06    35.3631     6.8336     9.7658    131.985    305.187      8.213  0.000e+00
     96.250      6.143   4.821255     3.0144     1.5544      6.109    25.0758    29.3479    19.8595    19.8547    4992.06    35.3615     6.8312     9.7625    131.939    305.082      8.212  0.000e+00
     96.500      6.155   4.820860     3.0145     1.5683      6.121    25.0732    29.3453    19.8597    19.8549    4992.05    35.3581     6.8297     9.7604    131.909    305.016      8.213  0.000e+00
     96.750      6.155   4.819144     3.0141     1.5564      6.121    25.0638    29.3361    19.8581    19.8533    4991.99    35.3453     6.8283     9.7583    131.866    304.950      8.213  0.000e+00
     97.000      6.124   4.819919     3.0163     1.2727      6.090    25.0740    29.3463    19.8522    19.8474    4991.97    35.3567     6.8367     9.7703    132.023    305.326      8.211  0.000e+00
     97.250      6.106   4.820860     3.0179     1.2727      6.072    25.0836    29.3559    19.8482    19.8434    4991.98    35.3678     6.8446     9.7816    132.175    305.679      8.211  0.000e+00
     97.500      6.062   4.821801     3.0175     1.2727      6.029    25.0881    29.3603    19.8498    19.8450    4992.01    35.3742     6.8441     9.7809    132.174    305.657      8.212  0.000e+00
     97.750      6.013   4.821643     3.0161     1.2747      5.980    25.0825    29.3547    19.8548    19.8500    4992.04    35.3687     6.8385     9.7729    132.074    305.407      8.215  0.000e+00
     98.000      6.000   4.821607     3.0145     1.5028      5.967    25.0791    29.3512    19.8584    19.8536    4992.06    35.3654     6.8316     9.7630    131.946    305.098      8.211  0.000e+00
     98.250      5.969   4.821607     3.0150     1.4969      5.936    25.0771    29.3491    19.8606    19.8558    4992.07    35.3635     6.8317     9.7631    131.952    305.102      8.213  0.000e+00
     98.500      5.957   4.821579     3.0153     1.5009      5.924    25.0759    29.3479    19.8617    19.8570    4992.07    35.3623     6.8310     9.7622    131.941    305.072      8.212  0.000e+00
     98.750      5.957   4.821607     3.0156     1.4969      5.924    25.0755    29.3476    19.8623    19.8575    4992.08    35.3621     6.8307     9.7618    131.937    305.060      8.211  0.000e+00
     99.000      5.932   4.821586     3.0167     1.4850      5.899    25.0752    29.3473    19.8625    19.8577    4992.08    35.3618     6.8328     9.7648    131.977    305.153      8.213  0.000e+00
     99.250      5.932   4.821385     3.0152     1.3739      5.899    25.0736    29.3457    19.8628    19.8581    4992.07    35.3598     6.8284     9.7585    131.893    304.959      8.213  0.000e+00
     99.500      5.938   4.821255     3.0119     1.3600      5.906    25.0736    29.3457    19.8620    19.8572    4992.06    35.3594     6.8185     9.7444    131.699    304.516      8.212  0.000e+00
     99.750      5.957   4.821090     3.0093     1.3759      5.924    25.0736    29.3457    19.8609    19.8561    4992.05    35.3590     6.8092     9.7311    131.516    304.101      8.212  0.000e+00
    100.000      5.969   4.820961     3.0108     1.3739      5.936    25.0738    29.3459    19.8598    19.8550    4992.04    35.3589     6.8127     9.7360    131.580    304.254      8.212  0.000e+00
    100.250      6.000   4.821183     3.0125     1.6298      5.967    25.0759    29.3480    19.8589    19.8542    4992.05    35.3614     6.8173     9.7426    131.669    304.460      8.214  0.000e+00
