cruises/baja2025/cnv/20250504_cast4.cnv
* Sea-Bird SBE19plus Data File:
* FileName = C:\Users\ScienceTech\OneDrive - Western Flyer Foundation\Desktop\ProfilingCTD\data\Leg 3\20250504_PP500K_cast1.hex
* Software Version 1.59
* Temperature SN =  8289
* Conductivity SN =  8289
* System UpLoad Time = May 04 2025 19:41:13
** PP500K
** 2150Z
** Lat 27-31.53'N
** Lon 112-17.75'W
** Depth 511m
# nquan = 18
# nvalues = 7781                                  
# units = specified
# name 0 = timeS: Time, Elapsed [seconds]
# name 1 = prdM: Pressure, Strain Gauge [db]
# name 2 = c0S/m: Conductivity [S/m]
# name 3 = sbeox0V: Oxygen raw, SBE 43 [V]
# name 4 = flECO-AFL: Fluorescence, WET Labs ECO-AFL/FL [mg/m^3]
# name 5 = depSM: Depth [salt water, m], lat = 0.00
# name 6 = sigma-t00: Density [sigma-t, kg/m^3 ]
# name 7 = sigma-100: Density [sigma-1, kg/m^3 ]
# name 8 = tv268C: Temperature [IPTS-68, deg C]
# name 9 = tv290C: Temperature [ITS-90, deg C]
# name 10 = svCF: Sound Velocity [Chen-Millero, ft/s]
# name 11 = sal00: Salinity, Practical [PSU]
# name 12 = sbeox0ML/L: Oxygen, SBE 43 [ml/l]
# name 13 = sbeox0Mg/L: Oxygen, SBE 43 [mg/l]
# name 14 = sbeox0PS: Oxygen, SBE 43 [% saturation]
# name 15 = sbeox0Mm/L: Oxygen, SBE 43 [umol/l]
# name 16 = ph: pH
# name 17 = flag:  0.000e+00
# span 0 =      0.000,   1945.000                 
# span 1 =     -0.210,    150.118                 
# span 2 =   0.033760,   4.923556                 
# span 3 =     1.1558,     3.1089                 
# span 4 =    -0.1654,   128.7396                 
# span 5 =     -0.209,    149.239                 
# span 6 =    -2.4098,    26.3076                 
# span 7 =     2.0269,    30.6962                 
# span 8 =    13.4461,    23.4590                 
# span 9 =    13.4428,    23.4533                 
# span 10 =    4859.99,    5007.78                
# span 11 =     0.1773,    36.0445                
# span 12 =     2.0094,     7.3280                
# span 13 =     2.8716,    10.4724                
# span 14 =     34.208,    140.880                
# span 15 =     89.739,    327.268                
# span 16 =      7.677,      8.272                
# span 17 = 0.0000e+00, 0.0000e+00                
# interval = seconds: 0.25
# start_time = May 04 2025 14:49:34 [Instrument's time stamp, header]
# bad_flag = -9.990e-29
*END*
[from data line 1046]
    261.500      5.663   4.820436     3.0248     1.5643      5.632    25.0811    29.3533    19.8482    19.8434    4991.94    35.3645     6.8586     9.8016    132.443    306.304      8.207  0.000e+00
    261.750      5.669   4.820702     3.0250     1.5564      5.638    25.0816    29.3539    19.8494    19.8446    4991.96    35.3656     6.8588     9.8019    132.450    306.313      8.209  0.000e+00
    262.000      5.725   4.821054     3.0283     1.4632      5.694    25.0826    29.3548    19.8507    19.8459    4991.98    35.3674     6.8701     9.8181    132.674    306.819      8.212  0.000e+00
    262.250      5.818   4.820436     3.0309     1.4612      5.786    25.0768    29.3490    19.8528    19.8481    4991.98    35.3605     6.8811     9.8338    132.886    307.310      8.209  0.000e+00
    262.500      5.917   4.820084     3.0331     1.4552      5.885    25.0736    29.3458    19.8539    19.8491    4991.98    35.3567     6.8910     9.8479    133.076    307.751      8.213  0.000e+00
    262.750      6.016   4.820085     3.0326     1.4771      5.983    25.0759    29.3481    19.8513    19.8466    4991.97    35.3588     6.8915     9.8487    133.082    307.775      8.210  0.000e+00
    263.000      6.078   4.820056     3.0315     1.7687      6.045    25.0771    29.3494    19.8498    19.8450    4991.96    35.3598     6.8882     9.8439    133.014    307.625      8.211  0.000e+00
    263.250      6.109   4.819855     3.0321     1.7389      6.076    25.0769    29.3492    19.8485    19.8438    4991.95    35.3592     6.8897     9.8460    133.040    307.692      8.210  0.000e+00
    263.500      6.122   4.819826     3.0321     1.7607      6.088    25.0776    29.3499    19.8476    19.8428    4991.94    35.3597     6.8887     9.8447    133.019    307.650      8.210  0.000e+00
    263.750      6.109   4.819826     3.0331     1.7508      6.076    25.0786    29.3510    19.8465    19.8417    4991.94    35.3607     6.8893     9.8455    133.029    307.677      8.211  0.000e+00
    264.000      6.097   4.819855     3.0338     1.7290      6.064    25.0794    29.3517    19.8458    19.8411    4991.93    35.3615     6.8883     9.8440    133.008    307.630      8.210  0.000e+00
    264.250      6.097   4.820113     3.0326     1.7131      6.063    25.0812    29.3535    19.8456    19.8409    4991.94    35.3638     6.8825     9.8358    132.899    307.374      8.211  0.000e+00
    264.500      6.103   4.820149     3.0295     1.7151      6.070    25.0807    29.3530    19.8465    19.8417    4991.95    35.3634     6.8708     9.8190    132.673    306.849      8.210  0.000e+00
    264.750      6.128   4.820508     3.0259     1.7270      6.094    25.0822    29.3545    19.8472    19.8425    4991.96    35.3657     6.8573     9.7998    132.417    306.248      8.211  0.000e+00
    265.000      6.153   4.820537     3.0236     1.7250      6.119    25.0809    29.3531    19.8489    19.8442    4991.97    35.3645     6.8468     9.7847    132.216    305.776      8.210  0.000e+00
    265.250      6.153   4.820602     3.0206     1.6913      6.119    25.0799    29.3522    19.8504    19.8457    4991.99    35.3638     6.8329     9.7649    131.952    305.157      8.208  0.000e+00
    265.500      6.140   4.820508     3.0195     1.6933      6.107    25.0784    29.3507    19.8514    19.8467    4991.99    35.3621     6.8257     9.7546    131.813    304.834      8.208  0.000e+00
    265.750      6.085   4.820472     3.0171     1.6794      6.051    25.0780    29.3502    19.8517    19.8470    4991.99    35.3616     6.8156     9.7402    131.619    304.385      8.210  0.000e+00
    266.000      6.041   4.820437     3.0160     1.6794      6.008    25.0777    29.3500    19.8517    19.8470    4991.98    35.3613     6.8114     9.7342    131.538    304.198      8.208  0.000e+00
    266.250      5.985   4.820049     3.0167     1.6377      5.953    25.0755    29.3477    19.8515    19.8468    4991.97    35.3583     6.8161     9.7409    131.626    304.407      8.211  0.000e+00
    266.500      5.930   4.819891     3.0160     1.6278      5.897    25.0756    29.3479    19.8503    19.8456    4991.95    35.3581     6.8184     9.7442    131.668    304.512      8.211  0.000e+00
    266.750      5.880   4.819826     3.0167     1.6338      5.848    25.0768    29.3491    19.8485    19.8438    4991.94    35.3590     6.8255     9.7543    131.800    304.825      8.209  0.000e+00
    267.000      5.837   4.818885     3.0173     1.6120      5.805    25.0724    29.3448    19.8469    19.8421    4991.90    35.3527     6.8316     9.7631    131.910    305.101      8.211  0.000e+00
    267.250      5.781   4.818591     3.0191     2.0365      5.749    25.0740    29.3464    19.8431    19.8384    4991.86    35.3535     6.8421     9.7780    132.104    305.568      8.211  0.000e+00
    267.500      5.750   4.818684     3.0207     2.0365      5.718    25.0780    29.3504    19.8394    19.8346    4991.84    35.3574     6.8512     9.7910    132.273    305.974      8.210  0.000e+00
    267.750      5.732   4.818720     3.0225     2.0424      5.700    25.0805    29.3530    19.8369    19.8321    4991.82    35.3598     6.8608     9.8048    132.454    306.403      8.207  0.000e+00
    268.000      5.744   4.818813     3.0248     2.0146      5.712    25.0820    29.3545    19.8358    19.8311    4991.82    35.3615     6.8711     9.8194    132.651    306.862      8.208  0.000e+00
    268.250      5.769   4.818950     3.0244     2.0345      5.737    25.0827    29.3552    19.8360    19.8313    4991.83    35.3624     6.8712     9.8197    132.656    306.870      8.210  0.000e+00
    268.500      5.818   4.819761     3.0243     1.5366      5.786    25.0872    29.3596    19.8367    19.8319    4991.86    35.3685     6.8709     9.8192    132.656    306.854      8.211  0.000e+00
    268.750      5.905   4.820860     3.0244     1.5267      5.872    25.0920    29.3643    19.8390    19.8343    4991.91    35.3756     6.8695     9.8171    132.639    306.790      8.211  0.000e+00
    269.000      6.017   4.821543     3.0231     1.5485      5.983    25.0910    29.3632    19.8448    19.8400    4991.97    35.3763     6.8620     9.8065    132.510    306.456      8.212  0.000e+00
    269.250      6.147   4.819079     3.0231     1.5227      6.113    25.0699    29.3422    19.8510    19.8462    4991.94    35.3507     6.8590     9.8022    132.447    306.323      8.208  0.000e+00
    269.500      6.264   4.817420     3.0226     1.4433      6.230    25.0607    29.3331    19.8496    19.8448    4991.89    35.3382     6.8550     9.7965    132.357    306.146      8.212  0.000e+00
    269.750      6.357   4.817356     3.0240     1.4235      6.322    25.0689    29.3414    19.8400    19.8353    4991.84    35.3457     6.8582     9.8011    132.401    306.288      8.210  0.000e+00
    270.000      6.388   4.817133     3.0225     1.4374      6.353    25.0749    29.3475    19.8318    19.8271    4991.78    35.3508     6.8535     9.7943    132.293    306.076      8.212  0.000e+00
    270.250      6.370   4.817291     3.0190     1.4215      6.335    25.0808    29.3535    19.8264    19.8216    4991.75    35.3567     6.8422     9.7782    132.068    305.573      8.209  0.000e+00
    270.500      6.314   4.818074     3.0172     1.6615      6.279    25.0882    29.3609    19.8237    19.8189    4991.76    35.3654     6.8345     9.7671    131.919    305.228      8.209  0.000e+00
    270.750      6.209   4.818397     3.0180     1.6516      6.175    25.0894    29.3621    19.8246    19.8199    4991.77    35.3673     6.8351     9.7681    131.935    305.258      8.210  0.000e+00
    271.000      6.060   4.818885     3.0169     1.6536      6.027    25.0901    29.3627    19.8273    19.8226    4991.79    35.3691     6.8310     9.7621    131.863    305.071      8.209  0.000e+00
    271.250      5.949   4.819273     3.0152     1.6615      5.916    25.0894    29.3619    19.8308    19.8260    4991.82    35.3694     6.8241     9.7523    131.739    304.765      8.209  0.000e+00
    271.500      5.819   4.819467     3.0144     1.6635      5.787    25.0869    29.3593    19.8350    19.8302    4991.84    35.3675     6.8203     9.7469    131.675    304.596      8.210  0.000e+00
    271.750      5.707   4.819596     3.0141     1.5108      5.676    25.0848    29.3572    19.8382    19.8334    4991.86    35.3660     6.8192     9.7453    131.659    304.546      8.210  0.000e+00
    272.000      5.608   4.819560     3.0148     1.5405      5.577    25.0826    29.3550    19.8404    19.8357    4991.86    35.3638     6.8237     9.7517    131.749    304.745      8.210  0.000e+00
    272.250      5.546   4.819402     3.0168     1.5425      5.516    25.0807    29.3531    19.8414    19.8367    4991.86    35.3617     6.8335     9.7657    131.940    305.183      8.208  0.000e+00
    272.500      5.534   4.819531     3.0198     1.5286      5.503    25.0812    29.3535    19.8418    19.8371    4991.87    35.3624     6.8460     9.7837    132.184    305.745      8.212  0.000e+00
    272.750      5.558   4.819632     3.0213     1.4334      5.528    25.0816    29.3540    19.8420    19.8372    4991.87    35.3631     6.8541     9.7952    132.340    306.103      8.210  0.000e+00
    273.000      5.639   4.819725     3.0225     1.4255      5.608    25.0819    29.3543    19.8423    19.8375    4991.88    35.3636     6.8620     9.8065    132.495    306.459      8.210  0.000e+00
    273.250      5.763   4.820020     3.0238     1.4334      5.731    25.0827    29.3551    19.8434    19.8386    4991.90    35.3650     6.8691     9.8166    132.634    306.773      8.209  0.000e+00
    273.500      5.943   4.819496     3.0228     1.4354      5.910    25.0782    29.3506    19.8447    19.8400    4991.91    35.3595     6.8675     9.8143    132.603    306.703      8.208  0.000e+00
    273.750      6.135   4.820085     3.0230     1.3739      6.101    25.0822    29.3545    19.8443    19.8396    4991.93    35.3646     6.8669     9.8134    132.594    306.675      8.210  0.000e+00
    274.000      6.320   4.819891     3.0243     1.3600      6.286    25.0802    29.3526    19.8451    19.8403    4991.94    35.3623     6.8688     9.8162    132.631    306.760      8.212  0.000e+00
    274.250      6.463   4.818167     3.0247     1.3719      6.427    25.0694    29.3418    19.8451    19.8403    4991.90    35.3481     6.8682     9.8153    132.608    306.733      8.208  0.000e+00
    274.500      6.543   4.818785     3.0247     1.3620      6.507    25.0779    29.3504    19.8399    19.8352    4991.89    35.3575     6.8657     9.8118    132.556    306.624      8.210  0.000e+00
    274.750      6.549   4.819403     3.0239     1.3640      6.513    25.0846    29.3570    19.8369    19.8321    4991.89    35.3652     6.8618     9.8062    132.478    306.447      8.211  0.000e+00
    275.000      6.475   4.819273     3.0228     1.6199      6.439    25.0831    29.3556    19.8376    19.8329    4991.89    35.3635     6.8566     9.7988    132.379    306.217      8.209  0.000e+00
    275.250      6.333   4.819403     3.0201     1.6159      6.298    25.0830    29.3555    19.8386    19.8339    4991.89    35.3637     6.8457     9.7831    132.170    305.728      8.212  0.000e+00
    275.500      6.147   4.819402     3.0154     1.6199      6.113    25.0823    29.3547    19.8395    19.8347    4991.88    35.3631     6.8279     9.7577    131.827    304.932      8.209  0.000e+00
    275.750      5.967   4.819726     3.0124     1.6159      5.934    25.0836    29.3560    19.8403    19.8356    4991.89    35.3651     6.8130     9.7365    131.544    304.268      8.209  0.000e+00
    276.000      5.763   4.819919     3.0135     1.4136      5.731    25.0835    29.3559    19.8418    19.8371    4991.89    35.3655     6.8122     9.7353    131.532    304.231      8.208  0.000e+00
    276.250      5.614   4.820084     3.0145     1.4076      5.583    25.0829    29.3552    19.8437    19.8389    4991.90    35.3654     6.8141     9.7381    131.574    304.319      8.211  0.000e+00
    276.500      5.509   4.820048     3.0170     1.3898      5.478    25.0813    29.3536    19.8453    19.8405    4991.90    35.3638     6.8237     9.7518    131.762    304.748      8.212  0.000e+00
    276.750      5.471   4.820056     3.0209     1.3997      5.441    25.0805    29.3528    19.8462    19.8414    4991.91    35.3631     6.8414     9.7770    132.105    305.536      8.210  0.000e+00
    277.000      5.465   4.820020     3.0221     1.4652      5.435    25.0797    29.3520    19.8469    19.8421    4991.91    35.3622     6.8521     9.7923    132.312    306.013      8.212  0.000e+00
    277.250      5.546   4.819697     3.0218     1.4771      5.515    25.0776    29.3499    19.8469    19.8421    4991.90    35.3595     6.8585     9.8015    132.434    306.300      8.211  0.000e+00
    277.500      5.651   4.820020     3.0214     1.4632      5.620    25.0807    29.3530    19.8456    19.8409    4991.91    35.3632     6.8619     9.8063    132.499    306.451      8.210  0.000e+00
    277.750      5.794   4.820372     3.0238     1.4671      5.762    25.0833    29.3556    19.8452    19.8404    4991.93    35.3664     6.8708     9.8191    132.673    306.850      8.212  0.000e+00
    278.000      5.949   4.820437     3.0270     1.4711      5.916    25.0822    29.3545    19.8469    19.8421    4991.95    35.3655     6.8797     9.8318    132.848    307.247      8.211  0.000e+00
    278.250      6.091   4.820473     3.0294     1.5901      6.057    25.0807    29.3530    19.8486    19.8439    4991.97    35.3642     6.8868     9.8420    132.989    307.567      8.210  0.000e+00
    278.500      6.252   4.820149     3.0304     1.5941      6.218    25.0778    29.3501    19.8496    19.8448    4991.97    35.3607     6.8891     9.8452    133.033    307.668      8.211  0.000e+00
    278.750      6.370   4.820243     3.0331     1.5901      6.335    25.0787    29.3510    19.8492    19.8444    4991.98    35.3618     6.8971     9.8566    133.187    308.024      8.210  0.000e+00
    279.000      6.444   4.819726     3.0341     1.5881      6.409    25.0757    29.3480    19.8489    19.8442    4991.97    35.3577     6.9019     9.8635    133.275    308.237      8.209  0.000e+00
    279.250      6.457   4.818490     3.0341     1.6873      6.421    25.0694    29.3418    19.8473    19.8426    4991.92    35.3489     6.9033     9.8655    133.292    308.301      8.211  0.000e+00
    279.500      6.438   4.817198     3.0326     1.6794      6.403    25.0658    29.3383    19.8423    19.8375    4991.85    35.3425     6.8976     9.8573    133.164    308.046      8.210  0.000e+00
    279.750      6.364   4.818074     3.0295     1.6794      6.329    25.0786    29.3511    19.8343    19.8296    4991.82    35.3564     6.8829     9.8363    132.872    307.389      8.209  0.000e+00
    280.000      6.240   4.817715     3.0240     1.6715      6.206    25.0802    29.3528    19.8300    19.8253    4991.78    35.3571     6.8588     9.8019    132.397    306.313      8.205  0.000e+00
    280.250      6.110   4.817327     3.0178     1.7647      6.077    25.0795    29.3522    19.8282    19.8234    4991.75    35.3556     6.8310     9.7622    131.855    305.074      8.208  0.000e+00
    280.500      5.949   4.817198     3.0160     1.7647      5.917    25.0809    29.3536    19.8257    19.8210    4991.72    35.3566     6.8175     9.7428    131.588    304.468      8.210  0.000e+00
    280.750      5.807   4.817097     3.0156     1.7548      5.775    25.0824    29.3551    19.8235    19.8188    4991.70    35.3577     6.8106     9.7330    131.451    304.160      8.207  0.000e+00
    281.000      5.701   4.817262     3.0158     1.7587      5.670    25.0849    29.3576    19.8219    19.8172    4991.69    35.3604     6.8099     9.7321    131.437    304.131      8.209  0.000e+00
