cruises/baja2025/cnv/20250418_cast1.cnv
* Sea-Bird SBE19plus Data File:
* FileName = C:\Users\ScienceTech\OneDrive - Western Flyer Foundation\Desktop\ProfilingCTD\data\20250418-SanLucasCove_cast4.hex
* Software Version 1.59
* Temperature SN =  8289
* Conductivity SN =  8289
* System UpLoad Time = Apr 18 2025 15:36:44
** North of San Lucas Cove
** 4/18/2025
** 0250 UTC
** 27 14.834'N
** 112 8.743'W
** ~290 m
# nquan = 18
# nvalues = 4901                                  
# units = specified
# name 0 = timeS: Time, Elapsed [seconds]
# name 1 = prdM: Pressure, Strain Gauge [db]
# name 2 = c0S/m: Conductivity [S/m]
# name 3 = sbeox0V: Oxygen raw, SBE 43 [V]
# name 4 = flECO-AFL: Fluorescence, WET Labs ECO-AFL/FL [mg/m^3]
# name 5 = depSM: Depth [salt water, m], lat = 0.00
# name 6 = sigma-t00: Density [sigma-t, kg/m^3 ]
# name 7 = sigma-100: Density [sigma-1, kg/m^3 ]
# name 8 = tv268C: Temperature [IPTS-68, deg C]
# name 9 = tv290C: Temperature [ITS-90, deg C]
# name 10 = svCF: Sound Velocity [Chen-Millero, ft/s]
# name 11 = sal00: Salinity, Practical [PSU]
# name 12 = sbeox0ML/L: Oxygen, SBE 43 [ml/l]
# name 13 = sbeox0Mg/L: Oxygen, SBE 43 [mg/l]
# name 14 = sbeox0PS: Oxygen, SBE 43 [% saturation]
# name 15 = sbeox0Mm/L: Oxygen, SBE 43 [umol/l]
# name 16 = ph: pH
# name 17 = flag:  0.000e+00
# span 0 =      0.000,   1225.000                 
# span 1 =     -0.146,    307.939                 
# span 2 =  -0.000054,   4.866096                 
# span 3 =     0.7249,     3.6370                 
# span 4 =    -0.1615,     5.8035                 
# span 5 =     -0.145,    306.020                 
# span 6 =    -1.9962,    26.6901                 
# span 7 =     2.4850,    31.1352                 
# span 8 =    10.5179,    20.9583                 
# span 9 =    10.5153,    20.9533                 
# span 10 =    4858.90,    4996.73                
# span 11 =     0.0000,    35.6497                
# span 12 =     0.6839,     8.9285                
# span 13 =     0.9774,    12.7597                
# span 14 =     10.937,    173.306                
# span 15 =     30.543,    398.747                
# span 16 =      7.516,      8.222                
# span 17 = 0.0000e+00, 0.0000e+00                
# interval = seconds: 0.25
# start_time = Apr 17 2025 19:48:52 [Instrument's time stamp, header]
# bad_flag = -9.990e-29
*END*
[from data line 3860]
    965.000    223.163   3.999991     0.8842    -0.0702    221.817    26.4987    30.9187    12.0198    12.0169    4922.68    34.8878     1.2094     1.7283     19.977     54.010      7.621  0.000e+00
    965.250    222.897   4.000389     0.8853    -0.0623    221.553    26.4956    30.9155    12.0265    12.0236    4922.73    34.8855     1.2141     1.7351     20.059     54.223      7.625  0.000e+00
    965.500    222.661   4.000808     0.8873    -0.0643    221.319    26.4936    30.9133    12.0323    12.0294    4922.78    34.8843     1.2216     1.7458     20.185     54.559      7.622  0.000e+00
    965.750    222.432   4.001540     0.8899    -0.0623    221.091    26.4943    30.9139    12.0376    12.0347    4922.84    34.8865     1.2342     1.7639     20.396     55.121      7.626  0.000e+00
    966.000    222.190   4.002285     0.8912    -0.0702    220.851    26.4947    30.9142    12.0434    12.0406    4922.90    34.8884     1.2412     1.7738     20.514     55.433      7.623  0.000e+00
    966.250    221.961   4.002671     0.8934    -0.0722    220.623    26.4921    30.9114    12.0496    12.0467    4922.95    34.8866     1.2502     1.7867     20.665     55.834      7.625  0.000e+00
    966.500    221.763   4.002644     0.8950    -0.0543    220.426    26.4870    30.9063    12.0550    12.0521    4922.98    34.8814     1.2558     1.7946     20.759     56.084      7.622  0.000e+00
    966.750    221.564   4.002850     0.8972    -0.0722    220.229    26.4854    30.9046    12.0584    12.0555    4923.00    34.8802     1.2645     1.8072     20.905     56.475      7.626  0.000e+00
    967.000    221.366   4.003036     0.8983    -0.0722    220.032    26.4846    30.9038    12.0610    12.0581    4923.01    34.8798     1.2682     1.8124     20.966     56.638      7.625  0.000e+00
    967.250    221.199   4.003602     0.9003    -0.0682    219.866    26.4867    30.9058    12.0634    12.0605    4923.05    34.8830     1.2752     1.8223     21.083     56.949      7.626  0.000e+00
    967.500    221.000   4.004393     0.9023    -0.0702    219.669    26.4902    30.9091    12.0662    12.0633    4923.09    34.8882     1.2810     1.8307     21.182     57.210      7.629  0.000e+00
    967.750    220.777   4.004553     0.9047    -0.0702    219.447    26.4867    30.9056    12.0714    12.0685    4923.12    34.8850     1.2888     1.8419     21.313     57.559      7.624  0.000e+00
    968.000    220.536   4.004340     0.9060    -0.0702    219.207    26.4811    30.8999    12.0759    12.0730    4923.13    34.8789     1.2934     1.8484     21.390     57.764      7.628  0.000e+00
    968.250    220.269   4.004306     0.9058    -0.0623    218.942    26.4790    30.8979    12.0779    12.0750    4923.13    34.8768     1.2902     1.8439     21.338     57.621      7.625  0.000e+00
    968.500    219.978   4.004506     0.9079    -0.0702    218.653    26.4801    30.8988    12.0785    12.0756    4923.13    34.8782     1.2957     1.8517     21.429     57.867      7.626  0.000e+00
    968.750    219.625   4.004792     0.9088    -0.0623    218.302    26.4814    30.9001    12.0796    12.0767    4923.13    34.8802     1.2965     1.8529     21.443     57.904      7.627  0.000e+00
    969.000    219.259   4.004645     0.9079    -0.0524    217.939    26.4789    30.8976    12.0812    12.0783    4923.12    34.8774     1.2894     1.8426     21.325     57.583      7.630  0.000e+00
    969.250    218.875   4.004898     0.9093    -0.0722    217.557    26.4798    30.8985    12.0824    12.0795    4923.12    34.8789     1.2899     1.8434     21.334     57.606      7.625  0.000e+00
    969.500    218.466   4.005144     0.9106    -0.0781    217.151    26.4806    30.8993    12.0837    12.0808    4923.11    34.8803     1.2914     1.8456     21.361     57.676      7.630  0.000e+00
    969.750    218.075   4.005350     0.9103    -0.0781    216.763    26.4806    30.8992    12.0856    12.0827    4923.12    34.8807     1.2872     1.8395     21.291     57.486      7.629  0.000e+00
    970.000    217.697   4.005463     0.9112    -0.0543    216.387    26.4797    30.8982    12.0877    12.0848    4923.12    34.8800     1.2892     1.8425     21.326     57.577      7.628  0.000e+00
    970.250    217.338   4.005523     0.9117    -0.0702    216.030    26.4784    30.8969    12.0896    12.0867    4923.11    34.8789     1.2907     1.8445     21.350     57.641      7.626  0.000e+00
    970.500    217.016   4.005683     0.9113    -0.0781    215.710    26.4786    30.8970    12.0909    12.0880    4923.11    34.8794     1.2867     1.8388     21.285     57.463      7.628  0.000e+00
    970.750    216.762   4.006002     0.9105    -0.0702    215.458    26.4797    30.8981    12.0925    12.0896    4923.12    34.8812     1.2816     1.8315     21.201     57.235      7.627  0.000e+00
    971.000    216.570   4.006401     0.9104    -0.0702    215.267    26.4809    30.8992    12.0945    12.0916    4923.14    34.8833     1.2795     1.8285     21.169     57.143      7.629  0.000e+00
    971.250    216.415   4.006687     0.9108    -0.0702    215.113    26.4807    30.8990    12.0972    12.0942    4923.17    34.8836     1.2776     1.8258     21.139     57.058      7.627  0.000e+00
    971.500    216.297   4.006880     0.9100    -0.0603    214.996    26.4792    30.8974    12.1004    12.0975    4923.19    34.8825     1.2718     1.8176     21.044     56.800      7.629  0.000e+00
    971.750    216.235   4.007160     0.9104    -0.0722    214.934    26.4789    30.8970    12.1031    12.1002    4923.22    34.8828     1.2726     1.8187     21.058     56.835      7.627  0.000e+00
    972.000    216.136   4.007446     0.9083    -0.0722    214.836    26.4787    30.8968    12.1057    12.1028    4923.24    34.8832     1.2618     1.8033     20.881     56.353      7.627  0.000e+00
    972.250    215.993   4.007386     0.9105    -0.0623    214.694    26.4758    30.8938    12.1084    12.1055    4923.25    34.8801     1.2701     1.8151     21.019     56.723      7.626  0.000e+00
    972.500    215.795   4.008318     0.9102    -0.0543    214.497    26.4810    30.8990    12.1104    12.1075    4923.30    34.8874     1.2705     1.8157     21.028     56.742      7.628  0.000e+00
    972.750    215.553   4.008883     0.9094    -0.0623    214.257    26.4820    30.8999    12.1141    12.1112    4923.33    34.8895     1.2684     1.8127     20.994     56.646      7.627  0.000e+00
    973.000    215.237   4.008956     0.9087    -0.0702    213.943    26.4781    30.8959    12.1191    12.1162    4923.36    34.8857     1.2650     1.8079     20.940     56.496      7.628  0.000e+00
    973.250    214.902   4.009196     0.9085    -0.0643    213.611    26.4766    30.8943    12.1228    12.1199    4923.38    34.8847     1.2634     1.8055     20.914     56.422      7.629  0.000e+00
    973.500    214.537   4.009509     0.9074    -0.0722    213.248    26.4765    30.8942    12.1256    12.1227    4923.39    34.8853     1.2584     1.7984     20.833     56.200      7.631  0.000e+00
    973.750    214.165   4.009928     0.9085    -0.0623    212.878    26.4770    30.8946    12.1287    12.1258    4923.41    34.8867     1.2622     1.8038     20.898     56.370      7.631  0.000e+00
    974.000    213.762   4.010554     0.9085    -0.0722    212.478    26.4789    30.8964    12.1319    12.1290    4923.43    34.8900     1.2633     1.8053     20.917     56.417      7.629  0.000e+00
    974.250    213.390   4.011373     0.9086    -0.0603    212.108    26.4812    30.8986    12.1363    12.1334    4923.48    34.8940     1.2620     1.8036     20.899     56.363      7.630  0.000e+00
    974.500    213.037   4.011885     0.9083    -0.0722    211.758    26.4799    30.8972    12.1420    12.1391    4923.52    34.8938     1.2623     1.8040     20.907     56.376      7.625  0.000e+00
    974.750    212.696   4.012231     0.9088    -0.0603    211.419    26.4770    30.8942    12.1481    12.1452    4923.56    34.8916     1.2663     1.8096     20.974     56.552      7.628  0.000e+00
    975.000    212.411   4.012617     0.9092    -0.0643    211.136    26.4755    30.8925    12.1531    12.1502    4923.60    34.8908     1.2695     1.8142     21.029     56.694      7.629  0.000e+00
    975.250    212.132   4.013410     0.9093    -0.0543    210.859    26.4776    30.8945    12.1574    12.1545    4923.65    34.8946     1.2708     1.8160     21.053     56.752      7.628  0.000e+00
    975.500    211.891   4.014315     0.9081    -0.0623    210.619    26.4796    30.8964    12.1627    12.1598    4923.71    34.8985     1.2661     1.8094     20.979     56.545      7.629  0.000e+00
    975.750    211.655   4.016867     0.9094    -0.0643    210.385    26.4927    30.9092    12.1695    12.1666    4923.85    34.9171     1.2695     1.8142     21.040     56.694      7.625  0.000e+00
    976.000    211.457   4.018572     0.9103    -0.0781    210.188    26.4945    30.9107    12.1817    12.1788    4923.99    34.9224     1.2736     1.8201     21.114     56.878      7.628  0.000e+00
    976.250    211.259   4.019765     0.9102    -0.0801    209.991    26.4890    30.9050    12.1975    12.1946    4924.15    34.9193     1.2734     1.8198     21.118     56.870      7.629  0.000e+00
    976.500    211.060   4.020751     0.9119    -0.0861    209.794    26.4826    30.8983    12.2127    12.2097    4924.29    34.9148     1.2813     1.8311     21.254     57.222      7.630  0.000e+00
    976.750    210.899   4.022057     0.9127    -0.0623    209.634    26.4811    30.8965    12.2251    12.2222    4924.42    34.9159     1.2853     1.8369     21.328     57.403      7.632  0.000e+00
    977.000    210.713   4.023130     0.9133    -0.0702    209.449    26.4777    30.8929    12.2377    12.2348    4924.55    34.9147     1.2891     1.8423     21.395     57.571      7.632  0.000e+00
    977.250    210.521   4.023817     0.9140    -0.0623    209.258    26.4717    30.8867    12.2500    12.2470    4924.65    34.9100     1.2932     1.8481     21.468     57.754      7.631  0.000e+00
    977.500    210.304   4.026204     0.9168    -0.0623    209.043    26.4806    30.8953    12.2599    12.2570    4924.81    34.9240     1.3060     1.8663     21.686     58.324      7.629  0.000e+00
    977.750    210.044   4.028798     0.9186    -0.0623    208.784    26.4880    30.9023    12.2733    12.2703    4924.99    34.9368     1.3139     1.8776     21.825     58.677      7.630  0.000e+00
    978.000    209.778   4.029051     0.9197    -0.0682    208.519    26.4728    30.8869    12.2919    12.2890    4925.13    34.9220     1.3197     1.8860     21.929     58.937      7.632  0.000e+00
    978.250    209.462   4.029198     0.9210    -0.0722    208.205    26.4606    30.8744    12.3066    12.3036    4925.23    34.9099     1.3256     1.8945     22.033     59.203      7.631  0.000e+00
    978.500    209.115   4.031099     0.9235    -0.0722    207.860    26.4669    30.8805    12.3154    12.3124    4925.35    34.9202     1.3355     1.9086     22.202     59.643      7.631  0.000e+00
    978.750    208.761   4.032220     0.9252    -0.0722    207.510    26.4652    30.8786    12.3266    12.3236    4925.45    34.9208     1.3435     1.9201     22.341     60.003      7.630  0.000e+00
    979.000    208.383   4.032013     0.9277    -0.0801    207.134    26.4531    30.8663    12.3382    12.3352    4925.51    34.9081     1.3541     1.9351     22.520     60.472      7.633  0.000e+00
    979.250    208.011   4.032513     0.9297    -0.0623    206.765    26.4503    30.8634    12.3455    12.3425    4925.57    34.9064     1.3623     1.9468     22.660     60.840      7.630  0.000e+00
    979.500    207.646   4.033347     0.9300    -0.0623    206.401    26.4519    30.8648    12.3508    12.3478    4925.62    34.9097     1.3610     1.9450     22.641     60.782      7.632  0.000e+00
    979.750    207.305   4.033947     0.9330    -0.0781    206.063    26.4515    30.8643    12.3562    12.3533    4925.66    34.9105     1.3716     1.9602     22.821     61.257      7.632  0.000e+00
    980.000    206.989   4.034261     0.9330    -0.0702    205.749    26.4481    30.8608    12.3626    12.3597    4925.71    34.9077     1.3704     1.9584     22.802     61.200      7.634  0.000e+00
    980.250    206.729   4.034574     0.9344    -0.0543    205.490    26.4456    30.8582    12.3680    12.3650    4925.74    34.9059     1.3731     1.9624     22.851     61.325      7.630  0.000e+00
    980.500    206.487   4.034561     0.9353    -0.0623    205.250    26.4417    30.8543    12.3722    12.3692    4925.76    34.9020     1.3725     1.9614     22.841     61.294      7.632  0.000e+00
    980.750    206.276   4.034741     0.9365    -0.0702    205.041    26.4408    30.8533    12.3748    12.3718    4925.78    34.9014     1.3743     1.9641     22.874     61.378      7.633  0.000e+00
    981.000    206.097   4.034834     0.9385    -0.0801    204.862    26.4397    30.8521    12.3768    12.3739    4925.79    34.9005     1.3796     1.9716     22.962     61.612      7.632  0.000e+00
    981.250    205.929   4.035055     0.9394    -0.0643    204.696    26.4398    30.8522    12.3785    12.3755    4925.80    34.9011     1.3817     1.9746     22.997     61.706      7.633  0.000e+00
    981.500    205.737   4.035135     0.9385    -0.0603    204.505    26.4390    30.8514    12.3801    12.3771    4925.80    34.9005     1.3768     1.9676     22.918     61.490      7.633  0.000e+00
    981.750    205.545   4.035255     0.9401    -0.0643    204.314    26.4384    30.8507    12.3819    12.3789    4925.81    34.9001     1.3794     1.9713     22.961     61.605      7.632  0.000e+00
    982.000    205.347   4.035481     0.9401    -0.0722    204.117    26.4391    30.8514    12.3830    12.3801    4925.82    34.9013     1.3783     1.9698     22.944     61.556      7.633  0.000e+00
    982.250    205.080   4.035975     0.9401    -0.0543    203.852    26.4414    30.8537    12.3846    12.3817    4925.83    34.9047     1.3755     1.9657     22.898     61.429      7.636  0.000e+00
    982.500    204.802   4.036543     0.9414    -0.0643    203.575    26.4431    30.8553    12.3875    12.3846    4925.86    34.9076     1.3778     1.9691     22.938     61.534      7.636  0.000e+00
    982.750    204.516   4.036823     0.9411    -0.0702    203.292    26.4413    30.8534    12.3919    12.3889    4925.89    34.9064     1.3740     1.9635     22.876     61.361      7.632  0.000e+00
    983.000    204.207   4.037911     0.9417    -0.0722    202.984    26.4460    30.8580    12.3958    12.3928    4925.95    34.9134     1.3740     1.9635     22.879     61.361      7.636  0.000e+00
    983.250    203.891   4.039714     0.9413    -0.0781    202.670    26.4544    30.8662    12.4015    12.3985    4926.04    34.9257     1.3715     1.9600     22.842     61.251      7.633  0.000e+00
    983.500    203.568   4.042505     0.9421    -0.0643    202.350    26.4663    30.8777    12.4114    12.4085    4926.20    34.9435     1.3739     1.9635     22.890     61.360      7.635  0.000e+00
    983.750    203.252   4.044302     0.9418    -0.0702    202.036    26.4646    30.8757    12.4281    12.4251    4926.38    34.9455     1.3708     1.9590     22.846     61.220      7.636  0.000e+00
    984.000    202.936   4.045645     0.9421    -0.0603    201.722    26.4583    30.8690    12.4461    12.4431    4926.55    34.9419     1.3710     1.9593     22.858     61.230      7.635  0.000e+00
    984.250    202.614   4.047121     0.9418    -0.0543    201.402    26.4548    30.8653    12.4620    12.4590    4926.70    34.9415     1.3683     1.9555     22.821     61.110      7.638  0.000e+00
    984.500    202.310   4.048424     0.9415    -0.0781    201.100    26.4509    30.8610    12.4770    12.4740    4926.85    34.9402     1.3650     1.9507     22.771     60.959      7.636  0.000e+00
