cruises/baja2025/cnv/20250416_cast1.cnv
* Sea-Bird SBE19plus Data File:
* FileName = C:\Users\ScienceTech\OneDrive - Western Flyer Foundation\Desktop\ProfilingCTD\data\20250416_PuntaMarciel_cast1.hex
* Software Version 1.59
* Temperature SN =  8289
* Conductivity SN =  8289
* System UpLoad Time = Apr 16 2025 17:23:19
* ds
* SBE 19plus V 3.1.8  SERIAL NO. 8289    16 Apr 2025 17:21:30
# nquan = 18
# nvalues = 3378                                  
# units = specified
# name 0 = timeS: Time, Elapsed [seconds]
# name 1 = prdM: Pressure, Strain Gauge [db]
# name 2 = c0S/m: Conductivity [S/m]
# name 3 = sbeox0V: Oxygen raw, SBE 43 [V]
# name 4 = flECO-AFL: Fluorescence, WET Labs ECO-AFL/FL [mg/m^3]
# name 5 = depSM: Depth [salt water, m], lat = 0.00
# name 6 = sigma-t00: Density [sigma-t, kg/m^3 ]
# name 7 = sigma-100: Density [sigma-1, kg/m^3 ]
# name 8 = tv268C: Temperature [IPTS-68, deg C]
# name 9 = tv290C: Temperature [ITS-90, deg C]
# name 10 = svCF: Sound Velocity [Chen-Millero, ft/s]
# name 11 = sal00: Salinity, Practical [PSU]
# name 12 = sbeox0ML/L: Oxygen, SBE 43 [ml/l]
# name 13 = sbeox0Mg/L: Oxygen, SBE 43 [mg/l]
# name 14 = sbeox0PS: Oxygen, SBE 43 [% saturation]
# name 15 = sbeox0Mm/L: Oxygen, SBE 43 [umol/l]
# name 16 = ph: pH
# name 17 = flag:  0.000e+00
# span 0 =      0.000,    844.250                 
# span 1 =     -0.136,     66.220                 
# span 2 =  -0.000081,   5.165980                 
# span 3 =     1.1893,     3.0233                 
# span 4 =    -0.1734,   128.7614                 
# span 5 =     -0.136,     65.846                 
# span 6 =    -3.3715,    26.0473                 
# span 7 =     1.0163,    30.3287                 
# span 8 =    15.4127,    26.5904                 
# span 9 =    15.4090,    26.5841                 
# span 10 =    4874.14,    5021.18                
# span 11 =     0.0000,    36.8540                
# span 12 =     1.9484,     7.1820                
# span 13 =     2.7844,    10.2637                
# span 14 =     34.521,    144.065                
# span 15 =     87.014,    320.746                
# span 16 =      7.361,      8.166                
# span 17 = 0.0000e+00, 0.0000e+00                
# interval = seconds: 0.25
# start_time = Apr 16 2025 09:44:54 [Instrument's time stamp, header]
# bad_flag = -9.990e-29
*END*
[from data line 161]
     40.250      4.745   4.972587     2.7068     0.2948      4.719    24.9926    29.2457    20.9864    20.9814    5003.13    35.6482     5.7770     8.2559    114.078    258.000      8.130  0.000e+00
     40.500      4.881   4.964927     2.6973     0.2888      4.854    25.0185    29.2728    20.9062    20.9012    5002.45    35.6535     5.7569     8.2272    113.521    257.103      8.132  0.000e+00
     40.750      5.005   4.963663     2.6929     0.3107      4.978    25.0770    29.3321    20.8333    20.8283    5002.00    35.7044     5.7495     8.2165    113.259    256.771      8.134  0.000e+00
     41.000      5.141   4.958437     2.6916     0.2948      5.113    25.1084    29.3645    20.7635    20.7585    5001.45    35.7207     5.7535     8.2223    113.206    256.950      8.133  0.000e+00
     41.250      5.259   4.956235     2.6943     0.3841      5.230    25.1550    29.4118    20.6975    20.6926    5001.00    35.7584     5.7745     8.2523    113.510    257.889      8.133  0.000e+00
     41.500      5.395   4.954470     2.6997     0.3880      5.366    25.2015    29.4591    20.6346    20.6296    5000.59    35.7971     5.8096     8.3025    114.096    259.456      8.129  0.000e+00
     41.750      5.501   4.955431     2.7035     0.3841      5.470    25.2488    29.5068    20.5893    20.5843    5000.36    35.8432     5.8422     8.3491    114.674    260.914      8.127  0.000e+00
     42.000      5.618   4.959240     2.7035     0.3781      5.587    25.2965    29.5545    20.5630    20.5581    5000.33    35.8963     5.8619     8.3772    115.041    261.792      8.125  0.000e+00
     42.250      5.711   4.962948     2.6994     0.3940      5.680    25.3325    29.5905    20.5487    20.5438    5000.36    35.9386     5.8629     8.3787    115.061    261.839      8.122  0.000e+00
     42.500      5.810   4.953368     2.6924     0.2631      5.778    25.2916    29.5503    20.5284    20.5235    4999.97    35.8778     5.8508     8.3613    114.738    261.295      8.119  0.000e+00
     42.750      5.890   4.983306     2.6836     0.2551      5.858    25.5008    29.7582    20.5032    20.4983    5000.72    36.1431     5.8128     8.3070    114.120    259.598      8.119  0.000e+00
     43.000      5.909   5.068617     2.6735     0.2769      5.877    26.0473    30.3006    20.4870    20.4821    5003.17    36.8540     5.7474     8.2136    113.277    256.678      8.117  0.000e+00
     43.250      5.897   5.060562     2.6596     0.2631      5.864    25.9096    30.1624    20.5807    20.5758    5003.47    36.7067     5.6822     8.1205    112.086    253.769      8.113  0.000e+00
     43.500      5.897   5.038472     2.6455     0.2928      5.864    25.5745    29.8263    20.7941    20.7891    5004.03    36.3432     5.6091     8.0160    110.832    250.503      8.107  0.000e+00
     43.750      5.884   5.001474     2.6430     0.2948      5.852    25.2112    29.4634    20.9410    20.9359    5003.78    35.9190     5.5870     7.9844    110.412    249.515      8.108  0.000e+00
     44.000      5.866   4.990163     2.6534     0.2888      5.833    25.1102    29.3626    20.9754    20.9704    5003.65    35.7987     5.6190     8.0302    111.035    250.946      8.106  0.000e+00
     44.250      5.841   4.962470     2.6614     0.2948      5.809    25.0060    29.2605    20.9030    20.8980    5002.41    35.6360     5.6702     8.1033    111.794    253.233      8.105  0.000e+00
     44.500      5.822   4.953844     2.6618     0.3245      5.790    25.0718    29.3280    20.7724    20.7674    5001.40    35.6758     5.7045     8.1523    112.232    254.764      8.106  0.000e+00
     44.750      5.816   4.939148     2.6527     0.3305      5.784    25.0888    29.3470    20.6541    20.6491    5000.28    35.6562     5.7091     8.1589    112.069    254.969      8.106  0.000e+00
     45.000      5.810   4.934034     2.6343     0.3186      5.778    25.1474    29.4068    20.5551    20.5501    4999.55    35.6980     5.6725     8.1066    111.178    253.334      8.104  0.000e+00
     45.250      5.828   4.923217     2.6169     0.3206      5.796    25.1502    29.4109    20.4784    20.4734    4998.78    35.6746     5.6272     8.0418    110.122    251.311      8.104  0.000e+00
     45.500      5.834   4.920413     2.6030     0.3245      5.802    25.1873    29.4487    20.4186    20.4137    4998.34    35.7022     5.5771     7.9702    109.040    249.071      8.103  0.000e+00
     45.750      5.847   4.923110     2.5928     0.2888      5.815    25.2382    29.4999    20.3812    20.3763    4998.20    35.7558     5.5249     7.8956    107.980    246.740      8.101  0.000e+00
     46.000      5.866   4.928424     2.5910     0.2829      5.833    25.2912    29.5528    20.3594    20.3545    4998.24    35.8177     5.4985     7.8579    107.462    245.563      8.099  0.000e+00
     46.250      5.884   4.934233     2.5896     0.2988      5.852    25.3375    29.5989    20.3484    20.3435    4998.35    35.8745     5.4876     7.8423    107.264    245.077      8.098  0.000e+00
     46.500      5.897   4.940655     2.5878     0.3027      5.864    25.3811    29.6422    20.3445    20.3396    4998.52    35.9303     5.4897     7.8454    107.333    245.171      8.098  0.000e+00
     46.750      5.909   4.943333     2.5832     0.2928      5.877    25.3946    29.6556    20.3479    20.3430    4998.62    35.9493     5.4937     7.8510    107.428    245.347      8.098  0.000e+00
     47.000      5.915   4.938790     2.5759     0.2948      5.883    25.3684    29.6296    20.3456    20.3407    4998.47    35.9141     5.4931     7.8502    107.391    245.322      8.097  0.000e+00
     47.250      5.922   4.926851     2.5665     0.3047      5.889    25.3041    29.5660    20.3346    20.3297    4998.05    35.8259     5.4815     7.8336    107.086    244.803      8.095  0.000e+00
     47.500      5.916   4.923937     2.5544     0.3047      5.883    25.3037    29.5660    20.3151    20.3102    4997.84    35.8186     5.4504     7.7892    106.437    243.416      8.096  0.000e+00
     47.750      5.916   4.924887     2.5419     0.3146      5.883    25.3313    29.5938    20.2915    20.2866    4997.73    35.8464     5.4086     7.7294    105.591    241.546      8.094  0.000e+00
     48.000      5.903   4.927722     2.5293     0.3424      5.871    25.3657    29.6282    20.2733    20.2684    4997.71    35.8851     5.3590     7.6585    104.612    239.331      8.094  0.000e+00
     48.250      5.891   4.931152     2.5125     0.3245      5.858    25.3932    29.6556    20.2666    20.2618    4997.77    35.9188     5.2951     7.5672    103.374    236.479      8.093  0.000e+00
     48.500      5.878   4.931725     2.4899     0.3404      5.846    25.4020    29.6645    20.2608    20.2560    4997.76    35.9285     5.2132     7.4502    101.771    232.823      8.093  0.000e+00
     48.750      5.860   4.928157     2.4661     0.3146      5.828    25.3912    29.6539    20.2484    20.2436    4997.58    35.9098     5.1288     7.3296    100.089    229.052      8.092  0.000e+00
     49.000      5.835   4.924678     2.4437     0.3245      5.803    25.3871    29.6502    20.2291    20.2242    4997.36    35.8978     5.0499     7.2168     98.507    225.528      8.090  0.000e+00
     49.250      5.835   4.920453     2.4267     0.3186      5.803    25.3799    29.6434    20.2082    20.2033    4997.11    35.8810     4.9916     7.1335     97.324    222.926      8.090  0.000e+00
     49.500      5.835   4.916302     2.4139     0.3206      5.803    25.3698    29.6337    20.1909    20.1860    4996.88    35.8617     4.9522     7.0772     96.514    221.166      8.090  0.000e+00
     49.750      5.829   4.915491     2.4076     0.3305      5.797    25.3771    29.6412    20.1773    20.1725    4996.78    35.8666     4.9399     7.0596     96.252    220.614      8.091  0.000e+00
     50.000      5.841   4.916723     2.4032     0.3305      5.809    25.3918    29.6559    20.1697    20.1648    4996.77    35.8832     4.9425     7.0634     96.300    220.733      8.093  0.000e+00
     50.250      5.835   4.920454     2.3973     0.3146      5.803    25.4185    29.6824    20.1661    20.1613    4996.86    35.9169     4.9480     7.0713     96.421    220.980      8.092  0.000e+00
     50.500      5.866   4.942167     2.3896     0.3206      5.833    25.5518    29.8146    20.1689    20.1641    4997.53    36.0926     4.9470     7.0698     96.506    220.933      8.091  0.000e+00
     50.750      5.872   4.954274     2.3801     0.3186      5.840    25.6105    29.8725    20.1875    20.1827    4998.01    36.1760     4.9375     7.0562     96.401    220.510      8.088  0.000e+00
     51.000      5.890   4.958577     2.3678     0.3305      5.858    25.6086    29.8701    20.2188    20.2139    4998.32    36.1845     4.9124     7.0203     95.970    219.389      8.088  0.000e+00
     51.250      5.890   4.953983     2.3557     0.3265      5.858    25.5578    29.8193    20.2427    20.2379    4998.32    36.1263     4.8806     6.9749     95.358    217.968      8.089  0.000e+00
     51.500      5.903   4.960161     2.3453     0.3206      5.870    25.5834    29.8445    20.2569    20.2520    4998.59    36.1648     4.8458     6.9251     94.723    216.413      8.090  0.000e+00
     51.750      5.909   4.965869     2.3361     0.3404      5.876    25.6113    29.8720    20.2653    20.2604    4998.81    36.2043     4.8116     6.8762     94.091    214.885      8.087  0.000e+00
     52.000      5.909   4.984935     2.3256     0.3087      5.876    25.7226    29.9822    20.2739    20.2691    4999.43    36.3532     4.7716     6.8191     93.406    213.101      8.085  0.000e+00
     52.250      5.915   4.992550     2.3146     0.3265      5.882    25.7604    30.0196    20.2845    20.2797    4999.72    36.4065     4.7354     6.7673     92.743    211.481      8.089  0.000e+00
     52.500      5.909   4.995416     2.3011     0.3305      5.876    25.7696    30.0284    20.2940    20.2892    4999.87    36.4218     4.6939     6.7081     91.957    209.632      8.087  0.000e+00
     52.750      5.896   4.996488     2.2864     0.3186      5.864    25.7691    30.0279    20.3017    20.2968    4999.94    36.4240     4.6501     6.6455     91.112    207.674      8.087  0.000e+00
     53.000      5.878   4.996655     2.2698     0.3305      5.845    25.7621    30.0208    20.3105    20.3056    5000.00    36.4178     4.5993     6.5729     90.128    205.407      8.086  0.000e+00
     53.250      5.865   4.999179     2.2544     0.3245      5.833    25.7694    30.0279    20.3196    20.3147    5000.12    36.4306     4.5497     6.5019     89.176    203.187      8.087  0.000e+00
     53.500      5.853   4.999164     2.2377     0.3186      5.821    25.7601    30.0184    20.3295    20.3247    5000.18    36.4219     4.4943     6.4229     88.103    200.717      8.087  0.000e+00
     53.750      5.828   5.002914     2.2190     0.3364      5.796    25.7745    30.0325    20.3393    20.3345    5000.35    36.4442     4.4320     6.3338     86.908    197.933      8.084  0.000e+00
     54.000      5.816   5.001513     2.2025     0.3186      5.784    25.7570    30.0150    20.3487    20.3439    5000.36    36.4246     4.3785     6.2574     85.864    195.546      8.086  0.000e+00
     54.250      5.816   4.995932     2.1847     0.2948      5.784    25.7132    29.9714    20.3584    20.3535    5000.25    36.3706     4.3243     6.1798     84.787    193.121      8.084  0.000e+00
     54.500      5.816   4.990763     2.1672     0.2948      5.784    25.6737    29.9321    20.3662    20.3613    5000.14    36.3216     4.2733     6.1070     83.776    190.845      8.085  0.000e+00
     54.750      5.822   4.989356     2.1524     0.2888      5.790    25.6622    29.9207    20.3691    20.3642    5000.11    36.3075     4.2319     6.0478     82.962    188.998      8.089  0.000e+00
     55.000      5.847   4.986398     2.1372     0.2829      5.815    25.6443    29.9030    20.3684    20.3636    5000.02    36.2839     4.1928     5.9919     82.183    187.250      8.085  0.000e+00
     55.250      5.859   4.990916     2.1227     0.3146      5.827    25.6772    29.9356    20.3634    20.3585    5000.13    36.3252     4.1553     5.9383     81.460    185.574      8.083  0.000e+00
     55.500      5.872   5.003701     2.1081     0.3186      5.839    25.7600    30.0178    20.3603    20.3554    5000.50    36.4326     4.1174     5.8842     80.764    183.883      8.085  0.000e+00
     55.750      5.884   5.021015     2.0964     0.3245      5.852    25.8639    30.1208    20.3648    20.3599    5001.04    36.5704     4.0887     5.8432     80.273    182.603      8.085  0.000e+00
     56.000      5.903   5.031682     2.0867     0.3305      5.870    25.9206    30.1769    20.3756    20.3707    5001.43    36.6485     4.0676     5.8130     79.911    181.659      8.085  0.000e+00
     56.250      5.915   5.037316     2.0795     0.3087      5.883    25.9467    30.2026    20.3854    20.3805    5001.65    36.6861     4.0578     5.7989     79.750    181.220      8.085  0.000e+00
     56.500      5.934   5.039950     2.0770     0.2789      5.901    25.9585    30.2142    20.3903    20.3854    5001.76    36.7034     4.0653     5.8097     79.913    181.555      8.084  0.000e+00
     56.750      5.946   5.043113     2.0750     0.2948      5.913    25.9778    30.2334    20.3908    20.3859    5001.86    36.7289     4.0758     5.8247     80.133    182.026      8.082  0.000e+00
     57.000      5.934   5.049616     2.0764     0.2988      5.901    26.0160    30.2712    20.3935    20.3886    5002.07    36.7799     4.0984     5.8570     80.605    183.034      8.082  0.000e+00
     57.250      5.952   5.058409     2.0800     0.2988      5.919    26.0263    30.2805    20.4413    20.4364    5002.61    36.8102     4.1263     5.8969     81.238    184.280      8.087  0.000e+00
     57.500      5.927   5.065065     2.0852     0.3345      5.895    25.9537    30.2065    20.5635    20.5586    5003.51    36.7584     4.1548     5.9376     81.956    185.554      8.083  0.000e+00
     57.750      5.921   5.068744     2.0937     0.3107      5.889    25.7949    30.0456    20.7585    20.7535    5004.73    36.6196     4.1875     5.9843     82.823    187.012      8.079  0.000e+00
     58.000      5.903   5.068505     2.1076     0.3305      5.870    25.5547    29.8029    21.0159    21.0108    5006.18    36.3968     4.2327     6.0489     83.995    189.031      8.081  0.000e+00
     58.250      5.872   5.067342     2.1206     0.3364      5.839    25.3037    29.5494    21.2804    21.2753    5007.65    36.1627     4.2727     6.1062     85.077    190.820      8.079  0.000e+00
     58.500      5.859   5.066385     2.1305     0.3345      5.827    25.1017    29.3454    21.4943    21.4891    5008.83    35.9750     4.3029     6.1492     85.910    192.166      8.078  0.000e+00
     58.750      5.828   5.065414     2.1351     0.3345      5.796    24.9480    29.1902    21.6561    21.6509    5009.71    35.8322     4.3155     6.1673     86.339    192.730      8.080  0.000e+00
     59.000      5.810   5.064752     2.1338     0.3305      5.778    24.8400    29.0811    21.7703    21.7651    5010.34    35.7320     4.3052     6.1526     86.259    192.272      8.079  0.000e+00
     59.250      5.797   5.064083     2.1302     0.3206      5.765    24.7691    29.0095    21.8439    21.8387    5010.73    35.6658     4.2824     6.1200     85.881    191.252      8.079  0.000e+00
     59.500      5.804   5.062264     2.1252     0.4198      5.772    24.7177    28.9579    21.8884    21.8832    5010.93    35.6147     4.2502     6.0740     85.277    189.816      8.076  0.000e+00
     59.750      5.804   5.056105     2.1218     0.4257      5.772    24.6537    28.8939    21.9182    21.9130    5010.92    35.5414     4.2196     6.0302     84.671    188.447      8.077  0.000e+00
     60.000      5.822   5.048521     2.1184     0.4198      5.790    24.5886    28.8289    21.9398    21.9345    5010.83    35.4638     4.1889     5.9864     84.050    187.078      8.077  0.000e+00
