cruises/baja2025/cnv/20250418_cast2.cnv
* Sea-Bird SBE19plus Data File:
* FileName = C:\Users\ScienceTech\OneDrive - Western Flyer Foundation\Desktop\ProfilingCTD\data\20250418-PuntaTrinidad_cast5.hex
* Software Version 1.59
* Temperature SN =  8289
* Conductivity SN =  8289
* System UpLoad Time = Apr 18 2025 15:47:50
** Punta Trinidad
** 4/18/2025
** 1700 UTC
** 27 48.029N
** 112 41.465'W
** ~60 m water depth
# nquan = 18
# nvalues = 2023                                  
# units = specified
# name 0 = timeS: Time, Elapsed [seconds]
# name 1 = prdM: Pressure, Strain Gauge [db]
# name 2 = c0S/m: Conductivity [S/m]
# name 3 = sbeox0V: Oxygen raw, SBE 43 [V]
# name 4 = flECO-AFL: Fluorescence, WET Labs ECO-AFL/FL [mg/m^3]
# name 5 = depSM: Depth [salt water, m], lat = 0.00
# name 6 = sigma-t00: Density [sigma-t, kg/m^3 ]
# name 7 = sigma-100: Density [sigma-1, kg/m^3 ]
# name 8 = tv268C: Temperature [IPTS-68, deg C]
# name 9 = tv290C: Temperature [ITS-90, deg C]
# name 10 = svCF: Sound Velocity [Chen-Millero, ft/s]
# name 11 = sal00: Salinity, Practical [PSU]
# name 12 = sbeox0ML/L: Oxygen, SBE 43 [ml/l]
# name 13 = sbeox0Mg/L: Oxygen, SBE 43 [mg/l]
# name 14 = sbeox0PS: Oxygen, SBE 43 [% saturation]
# name 15 = sbeox0Mm/L: Oxygen, SBE 43 [umol/l]
# name 16 = ph: pH
# name 17 = flag:  0.000e+00
# span 0 =      0.000,    505.500                 
# span 1 =     -0.125,     61.336                 
# span 2 =  -0.000048,   4.466911                 
# span 3 =     1.4076,     3.0057                 
# span 4 =    -0.1694,     3.0640                 
# span 5 =     -0.125,     60.990                 
# span 6 =    -1.9210,    26.3928                 
# span 7 =     2.5666,    30.7279                 
# span 8 =    14.2061,    20.6078                 
# span 9 =    14.2027,    20.6028                 
# span 10 =    4818.64,    4965.52                
# span 11 =     0.0000,    35.7998                
# span 12 =     2.7342,     8.0787                
# span 13 =     3.9075,    11.5452                
# span 14 =     47.281,    133.989                
# span 15 =    122.110,    360.793                
# span 16 =      6.806,      8.116                
# span 17 = 0.0000e+00, 0.0000e+00                
# interval = seconds: 0.25
# start_time = Apr 18 2025 10:36:44 [Instrument's time stamp, header]
# bad_flag = -9.990e-29
*END*
[from data line 1126]
    281.500      2.762   4.381409     2.1298     0.0072      2.746    25.8935    30.2349    15.7742    15.7705    4951.67    35.1216     4.7981     6.8570     85.644    214.284      7.897  0.000e+00
    281.750      2.731   4.381464     2.1295    -0.0166      2.716    25.8938    30.2352    15.7743    15.7705    4951.67    35.1220     4.7977     6.8564     85.636    214.264      7.897  0.000e+00
    282.000      2.706   4.381437     2.1296    -0.0305      2.691    25.8935    30.2349    15.7745    15.7707    4951.67    35.1217     4.7988     6.8580     85.657    214.316      7.895  0.000e+00
    282.250      2.669   4.381464     2.1299    -0.0166      2.654    25.8936    30.2349    15.7747    15.7709    4951.67    35.1218     4.8004     6.8602     85.685    214.386      7.895  0.000e+00
    282.500      2.601   4.381526     2.1318    -0.0166      2.586    25.8940    30.2353    15.7747    15.7709    4951.67    35.1224     4.8077     6.8707     85.817    214.713      7.895  0.000e+00
    282.750      2.520   4.381437     2.1321    -0.0484      2.506    25.8931    30.2345    15.7750    15.7712    4951.67    35.1213     4.8092     6.8728     85.843    214.779      7.896  0.000e+00
    283.000      2.403   4.381499     2.1318    -0.0543      2.389    25.8937    30.2351    15.7748    15.7710    4951.66    35.1220     4.8083     6.8715     85.827    214.739      7.895  0.000e+00
    283.250      2.279   4.381699     2.1300    -0.0524      2.266    25.8948    30.2361    15.7752    15.7714    4951.67    35.1235     4.8003     6.8601     85.685    214.381      7.896  0.000e+00
    283.500      2.112   4.381830     2.1301    -0.0643      2.100    25.8951    30.2364    15.7759    15.7721    4951.67    35.1242     4.7983     6.8573     85.652    214.294      7.896  0.000e+00
    283.750      1.969   4.381906     2.1300    -0.0643      1.958    25.8945    30.2358    15.7772    15.7734    4951.67    35.1238     4.7968     6.8550     85.626    214.223      7.895  0.000e+00
    284.000      1.845   4.381920     2.1291    -0.0603      1.835    25.8938    30.2350    15.7782    15.7744    4951.67    35.1231     4.7916     6.8476     85.534    213.991      7.894  0.000e+00
    284.250      1.752   4.381920     2.1293    -0.0543      1.743    25.8933    30.2345    15.7787    15.7749    4951.67    35.1226     4.7902     6.8457     85.511    213.931      7.897  0.000e+00
    284.500      1.715   4.382009     2.1285    -0.0563      1.706    25.8935    30.2347    15.7792    15.7754    4951.67    35.1230     4.7853     6.8387     85.425    213.713      7.895  0.000e+00
    284.750      1.709   4.382099     2.1276    -0.0524      1.700    25.8936    30.2348    15.7798    15.7760    4951.68    35.1233     4.7818     6.8336     85.363    213.554      7.895  0.000e+00
    285.000      1.703   4.382610     2.1286    -0.0603      1.693    25.8964    30.2376    15.7805    15.7767    4951.70    35.1272     4.7862     6.8399     85.444    213.750      7.895  0.000e+00
    285.250      1.672   4.382672     2.1298    -0.0524      1.663    25.8950    30.2361    15.7825    15.7788    4951.72    35.1260     4.7921     6.8485     85.554    214.017      7.895  0.000e+00
    285.500      1.659   4.382610     2.1298    -0.0464      1.650    25.8927    30.2338    15.7847    15.7809    4951.73    35.1235     4.7933     6.8501     85.576    214.069      7.897  0.000e+00
    285.750      1.653   4.382610     2.1306    -0.0543      1.644    25.8918    30.2329    15.7856    15.7819    4951.73    35.1227     4.7979     6.8566     85.659    214.273      7.895  0.000e+00
    286.000      1.659   4.382734     2.1319    -0.0623      1.650    25.8921    30.2332    15.7862    15.7824    4951.74    35.1233     4.8047     6.8664     85.783    214.580      7.896  0.000e+00
    286.250      1.684   4.382796     2.1347    -0.0464      1.675    25.8919    30.2330    15.7869    15.7831    4951.75    35.1232     4.8169     6.8839     86.002    215.123      7.897  0.000e+00
    286.500      1.721   4.382886     2.1376    -0.0524      1.712    25.8920    30.2331    15.7874    15.7836    4951.76    35.1235     4.8311     6.9041     86.255    215.756      7.895  0.000e+00
    286.750      1.759   4.383059     2.1388    -0.0444      1.749    25.8925    30.2336    15.7882    15.7844    4951.77    35.1244     4.8386     6.9148     86.391    216.090      7.895  0.000e+00
    287.000      1.883   4.383093     2.1394    -0.0623      1.872    25.8917    30.2327    15.7893    15.7855    4951.79    35.1237     4.8417     6.9192     86.448    216.229      7.895  0.000e+00
    287.250      2.081   4.382582     2.1397    -0.0603      2.070    25.8875    30.2286    15.7900    15.7862    4951.78    35.1184     4.8430     6.9211     86.469    216.287      7.898  0.000e+00
    287.500      2.285   4.382251     2.1405    -0.0623      2.273    25.8860    30.2272    15.7890    15.7852    4951.78    35.1162     4.8455     6.9247     86.512    216.401      7.897  0.000e+00
    287.750      2.465   4.382341     2.1404    -0.0464      2.451    25.8888    30.2299    15.7866    15.7828    4951.77    35.1191     4.8427     6.9207     86.459    216.275      7.895  0.000e+00
    288.000      2.620   4.382493     2.1419    -0.0603      2.605    25.8913    30.2325    15.7849    15.7811    4951.78    35.1219     4.8447     6.9236     86.495    216.366      7.897  0.000e+00
    288.250      2.769   4.382369     2.1423    -0.0543      2.753    25.8908    30.2320    15.7845    15.7807    4951.78    35.1211     4.8426     6.9206     86.456    216.272      7.897  0.000e+00
    288.500      2.942   4.382403     2.1424    -0.0623      2.926    25.8912    30.2324    15.7843    15.7805    4951.79    35.1215     4.8404     6.9174     86.415    216.170      7.896  0.000e+00
    288.750      3.109   4.382673     2.1420    -0.0524      3.092    25.8931    30.2343    15.7842    15.7804    4951.80    35.1240     4.8377     6.9136     86.369    216.053      7.900  0.000e+00
    289.000      3.277   4.382466     2.1400    -0.0464      3.259    25.8912    30.2323    15.7847    15.7809    4951.81    35.1216     4.8291     6.9012     86.214    215.666      7.902  0.000e+00
    289.250      3.419   4.382479     2.1389    -0.0682      3.401    25.8911    30.2322    15.7848    15.7810    4951.82    35.1215     4.8223     6.8915     86.093    215.363      7.894  0.000e+00
    289.500      3.562   4.382555     2.1405    -0.0623      3.542    25.8917    30.2329    15.7847    15.7809    4951.83    35.1223     4.8255     6.8962     86.151    215.509      7.896  0.000e+00
    289.750      3.723   4.382279     2.1381    -0.0464      3.702    25.8898    30.2310    15.7846    15.7808    4951.82    35.1198     4.8157     6.8822     85.975    215.070      7.896  0.000e+00
    290.000      3.890   4.381769     2.1386    -0.0524      3.869    25.8867    30.2280    15.7840    15.7802    4951.81    35.1157     4.8152     6.8814     85.962    215.047      7.896  0.000e+00
    290.250      4.014   4.381831     2.1370    -0.0285      3.992    25.8893    30.2306    15.7817    15.7779    4951.80    35.1183     4.8094     6.8732     85.857    214.789      7.896  0.000e+00
    290.500      4.169   4.381831     2.1373    -0.0226      4.146    25.8912    30.2326    15.7795    15.7757    4951.80    35.1202     4.8106     6.8748     85.874    214.839      7.896  0.000e+00
    290.750      4.336   4.380202     2.1360    -0.0246      4.312    25.8812    30.2226    15.7781    15.7743    4951.74    35.1067     4.8075     6.8704     85.811    214.704      7.898  0.000e+00
    291.000      4.497   4.379601     2.1363    -0.0226      4.473    25.8816    30.2232    15.7730    15.7692    4951.70    35.1058     4.8108     6.8752     85.860    214.851      7.896  0.000e+00
    291.250      4.664   4.379477     2.1360    -0.0206      4.639    25.8876    30.2293    15.7655    15.7617    4951.65    35.1113     4.8110     6.8754     85.853    214.858      7.894  0.000e+00
    291.500      4.850   4.379629     2.1361     0.0091      4.824    25.8934    30.2351    15.7602    15.7564    4951.63    35.1173     4.8117     6.8764     85.861    214.891      7.896  0.000e+00
    291.750      5.049   4.378912     2.1347     0.0171      5.021    25.8907    30.2325    15.7576    15.7539    4951.60    35.1130     4.8093     6.8729     85.810    214.781      7.898  0.000e+00
    292.000      5.272   4.377925     2.1348     0.0091      5.243    25.8867    30.2286    15.7545    15.7507    4951.55    35.1069     4.8100     6.8740     85.816    214.816      7.898  0.000e+00
    292.250      5.507   4.378429     2.1349    -0.0067      5.477    25.8959    30.2379    15.7481    15.7443    4951.54    35.1170     4.8119     6.8767     85.844    214.901      7.896  0.000e+00
    292.500      5.730   4.377766     2.1327     0.0647      5.699    25.8947    30.2367    15.7444    15.7406    4951.50    35.1143     4.8043     6.8659     85.701    214.562      7.894  0.000e+00
    292.750      5.953   4.376800     2.1322     0.0647      5.920    25.8904    30.2326    15.7416    15.7378    4951.46    35.1080     4.8028     6.8637     85.666    214.493      7.894  0.000e+00
    293.000      6.139   4.377042     2.1321     0.0706      6.105    25.8971    30.2393    15.7361    15.7323    4951.45    35.1150     4.8016     6.8620     85.639    214.439      7.894  0.000e+00
    293.250      6.294   4.377705     2.1309     0.0865      6.259    25.9050    30.2472    15.7324    15.7287    4951.45    35.1241     4.7974     6.8560     85.562    214.252      7.895  0.000e+00
    293.500      6.436   4.377587     2.1301     0.0706      6.401    25.9037    30.2459    15.7329    15.7291    4951.46    35.1226     4.7941     6.8513     85.504    214.106      7.896  0.000e+00
    293.750      6.529   4.377408     2.1276     0.0409      6.493    25.9014    30.2437    15.7340    15.7302    4951.46    35.1200     4.7853     6.8386     85.346    213.709      7.896  0.000e+00
    294.000      6.622   4.377525     2.1274     0.0409      6.586    25.9023    30.2445    15.7339    15.7301    4951.47    35.1211     4.7832     6.8356     85.309    213.616      7.895  0.000e+00
    294.250      6.715   4.377525     2.1261     0.0548      6.678    25.9021    30.2443    15.7341    15.7303    4951.48    35.1209     4.7784     6.8289     85.225    213.405      7.893  0.000e+00
    294.500      6.814   4.377374     2.1244     0.0488      6.777    25.9010    30.2433    15.7341    15.7303    4951.48    35.1195     4.7728     6.8208     85.124    213.154      7.893  0.000e+00
    294.750      6.951   4.377463     2.1212     0.0706      6.913    25.9020    30.2442    15.7336    15.7299    4951.49    35.1206     4.7600     6.8025     84.895    212.581      7.898  0.000e+00
    295.000      7.069   4.377588     2.1206     0.0806      7.030    25.9030    30.2452    15.7335    15.7297    4951.50    35.1218     4.7564     6.7973     84.831    212.419      7.894  0.000e+00
    295.250      7.248   4.377498     2.1209     0.0706      7.208    25.9020    30.2442    15.7338    15.7300    4951.50    35.1207     4.7581     6.7998     84.862    212.497      7.895  0.000e+00
    295.500      7.422   4.379272     2.1204     0.0726      7.381    25.9143    30.2564    15.7337    15.7300    4951.57    35.1366     4.7579     6.7995     84.866    212.487      7.893  0.000e+00
    295.750      7.614   4.377526     2.1202     0.1361      7.572    25.8966    30.2388    15.7397    15.7360    4951.56    35.1155     4.7600     6.8025     84.903    212.581      7.897  0.000e+00
    296.000      7.837   4.375573     2.1198     0.1301      7.794    25.8828    30.2251    15.7401    15.7363    4951.51    35.0976     4.7613     6.8044     84.917    212.640      7.895  0.000e+00
    296.250      8.085   4.374124     2.1202     0.1401      8.040    25.8806    30.2231    15.7314    15.7276    4951.42    35.0922     4.7675     6.8133     85.011    212.918      7.897  0.000e+00
    296.500      8.320   4.373828     2.1196     0.1341      8.274    25.8903    30.2330    15.7184    15.7147    4951.33    35.1010     4.7699     6.8167     85.037    213.025      7.895  0.000e+00
    296.750      8.580   4.372593     2.1200     0.1202      8.533    25.8908    30.2337    15.7085    15.7047    4951.24    35.0986     4.7757     6.8249     85.122    213.283      7.896  0.000e+00
    297.000      8.816   4.371525     2.1203     0.1242      8.767    25.8923    30.2353    15.6986    15.6949    4951.14    35.0977     4.7787     6.8293     85.159    213.418      7.896  0.000e+00
    297.250      9.045   4.370463     2.1208     0.1401      8.995    25.8939    30.2371    15.6887    15.6850    4951.05    35.0969     4.7821     6.8341     85.203    213.570      7.895  0.000e+00
    297.500      9.237   4.370160     2.1189     0.1301      9.186    25.9010    30.2444    15.6786    15.6748    4950.98    35.1031     4.7772     6.8270     85.100    213.348      7.896  0.000e+00
    297.750      9.417   4.369380     2.1164     0.1361      9.365    25.9028    30.2463    15.6706    15.6669    4950.91    35.1031     4.7678     6.8137     84.921    212.932      7.894  0.000e+00
    298.000      9.590   4.368994     2.1136     0.2135      9.537    25.9063    30.2500    15.6637    15.6600    4950.86    35.1057     4.7556     6.7962     84.693    212.385      7.894  0.000e+00
    298.250      9.726   4.368029     2.1112     0.1976      9.673    25.9053    30.2491    15.6575    15.6537    4950.79    35.1025     4.7435     6.7789     84.465    211.845      7.893  0.000e+00
    298.500      9.832   4.368664     2.1062     0.2035      9.778    25.9148    30.2586    15.6519    15.6481    4950.78    35.1132     4.7214     6.7474     84.068    210.858      7.894  0.000e+00
    298.750      9.925   4.368905     2.1013     0.1936      9.870    25.9191    30.2629    15.6490    15.6452    4950.78    35.1179     4.6975     6.7132     83.641    209.792      7.893  0.000e+00
    299.000     10.005   4.368933     2.1002     0.1877      9.950    25.9194    30.2633    15.6488    15.6451    4950.78    35.1183     4.6881     6.6998     83.474    209.373      7.896  0.000e+00
    299.250     10.061   4.369022     2.0975     0.1778     10.006    25.9196    30.2635    15.6492    15.6455    4950.79    35.1187     4.6764     6.6830     83.265    208.847      7.894  0.000e+00
    299.500     10.148   4.368905     2.0961     0.1718     10.092    25.9182    30.2621    15.6499    15.6461    4950.79    35.1170     4.6725     6.6774     83.196    208.673      7.892  0.000e+00
    299.750     10.253   4.368905     2.0951     0.1718     10.197    25.9180    30.2619    15.6500    15.6463    4950.80    35.1169     4.6725     6.6774     83.196    208.672      7.892  0.000e+00
    300.000     10.402   4.368933     2.0935     0.1599     10.345    25.9184    30.2622    15.6498    15.6460    4950.81    35.1173     4.6717     6.6763     83.182    208.638      7.894  0.000e+00
    300.250     10.613   4.368664     2.0925     0.2135     10.554    25.9166    30.2605    15.6496    15.6459    4950.81    35.1149     4.6739     6.6795     83.220    208.737      7.893  0.000e+00
    300.500     10.861   4.368216     2.0924     0.1936     10.801    25.9141    30.2581    15.6488    15.6451    4950.80    35.1115     4.6808     6.6894     83.340    209.046      7.892  0.000e+00
    300.750     11.121   4.368423     2.0921     0.1916     11.059    25.9175    30.2615    15.6466    15.6429    4950.81    35.1152     4.6855     6.6960     83.421    209.254      7.893  0.000e+00
    301.000     11.362   4.367761     2.0930     0.1996     11.300    25.9140    30.2581    15.6453    15.6416    4950.79    35.1103     4.6925     6.7061     83.542    209.568      7.890  0.000e+00
    301.250     11.629   4.367823     2.0912     0.2571     11.565    25.9165    30.2606    15.6430    15.6392    4950.79    35.1129     4.6902     6.7027     83.498    209.464      7.893  0.000e+00
