cruises/baja2025/cnv/20250418_cast1.cnv
* Sea-Bird SBE19plus Data File:
* FileName = C:\Users\ScienceTech\OneDrive - Western Flyer Foundation\Desktop\ProfilingCTD\data\20250418-SanLucasCove_cast4.hex
* Software Version 1.59
* Temperature SN =  8289
* Conductivity SN =  8289
* System UpLoad Time = Apr 18 2025 15:36:44
** North of San Lucas Cove
** 4/18/2025
** 0250 UTC
** 27 14.834'N
** 112 8.743'W
** ~290 m
# nquan = 18
# nvalues = 4901                                  
# units = specified
# name 0 = timeS: Time, Elapsed [seconds]
# name 1 = prdM: Pressure, Strain Gauge [db]
# name 2 = c0S/m: Conductivity [S/m]
# name 3 = sbeox0V: Oxygen raw, SBE 43 [V]
# name 4 = flECO-AFL: Fluorescence, WET Labs ECO-AFL/FL [mg/m^3]
# name 5 = depSM: Depth [salt water, m], lat = 0.00
# name 6 = sigma-t00: Density [sigma-t, kg/m^3 ]
# name 7 = sigma-100: Density [sigma-1, kg/m^3 ]
# name 8 = tv268C: Temperature [IPTS-68, deg C]
# name 9 = tv290C: Temperature [ITS-90, deg C]
# name 10 = svCF: Sound Velocity [Chen-Millero, ft/s]
# name 11 = sal00: Salinity, Practical [PSU]
# name 12 = sbeox0ML/L: Oxygen, SBE 43 [ml/l]
# name 13 = sbeox0Mg/L: Oxygen, SBE 43 [mg/l]
# name 14 = sbeox0PS: Oxygen, SBE 43 [% saturation]
# name 15 = sbeox0Mm/L: Oxygen, SBE 43 [umol/l]
# name 16 = ph: pH
# name 17 = flag:  0.000e+00
# span 0 =      0.000,   1225.000                 
# span 1 =     -0.146,    307.939                 
# span 2 =  -0.000054,   4.866096                 
# span 3 =     0.7249,     3.6370                 
# span 4 =    -0.1615,     5.8035                 
# span 5 =     -0.145,    306.020                 
# span 6 =    -1.9962,    26.6901                 
# span 7 =     2.4850,    31.1352                 
# span 8 =    10.5179,    20.9583                 
# span 9 =    10.5153,    20.9533                 
# span 10 =    4858.90,    4996.73                
# span 11 =     0.0000,    35.6497                
# span 12 =     0.6839,     8.9285                
# span 13 =     0.9774,    12.7597                
# span 14 =     10.937,    173.306                
# span 15 =     30.543,    398.747                
# span 16 =      7.516,      8.222                
# span 17 = 0.0000e+00, 0.0000e+00                
# interval = seconds: 0.25
# start_time = Apr 17 2025 19:48:52 [Instrument's time stamp, header]
# bad_flag = -9.990e-29
*END*
[from data line 242]
     60.500      6.229   4.847906     2.3784     3.8654      6.194    25.0052    29.2733    20.1217    20.1169    4994.44    35.3596     4.9506     7.0749     96.075    221.093      8.207  0.000e+00
     60.750      6.229   4.846991     2.3675     3.8773      6.194    25.0001    29.2682    20.1211    20.1162    4994.40    35.3527     4.9214     7.0332     95.504    219.791      8.204  0.000e+00
     61.000      6.216   4.846242     2.3568     3.7127      6.182    24.9940    29.2622    20.1226    20.1177    4994.39    35.3453     4.8933     6.9930     94.956    218.533      8.207  0.000e+00
     61.250      6.173   4.846142     2.3499     3.7246      6.139    24.9895    29.2576    20.1269    20.1221    4994.41    35.3409     4.8767     6.9693     94.640    217.795      8.204  0.000e+00
     61.500      6.105   4.847027     2.3446     3.7146      6.071    24.9916    29.2596    20.1307    20.1258    4994.46    35.3450     4.8673     6.9558     94.465    217.372      8.206  0.000e+00
     61.750      6.031   4.847711     2.3408     3.7027      5.997    24.9954    29.2634    20.1312    20.1264    4994.48    35.3501     4.8638     6.9509     94.402    217.218      8.203  0.000e+00
     62.000      5.962   4.848006     2.3395     4.1193      5.930    24.9968    29.2648    20.1317    20.1269    4994.48    35.3522     4.8716     6.9621     94.556    217.567      8.203  0.000e+00
     62.250      5.901   4.848265     2.3457     4.1272      5.868    24.9986    29.2666    20.1315    20.1267    4994.49    35.3545     4.9068     7.0123     95.240    219.138      8.202  0.000e+00
     62.500      5.857   4.848100     2.3638     4.1193      5.825    25.0010    29.2690    20.1278    20.1229    4994.46    35.3563     4.9872     7.1272     96.794    222.728      8.202  0.000e+00
     62.750      5.851   4.847841     2.3919     4.1094      5.819    25.0143    29.2825    20.1113    20.1065    4994.35    35.3680     5.1083     7.3003     99.122    228.138      8.206  0.000e+00
     63.000      5.882   4.847611     2.4234     3.6889      5.850    25.0356    29.3040    20.0863    20.0814    4994.20    35.3872     5.2489     7.5012    101.815    234.415      8.205  0.000e+00
     63.250      5.919   4.847741     2.4481     3.6908      5.887    25.0525    29.3211    20.0685    20.0636    4994.10    35.4032     5.3687     7.6724    104.115    239.766      8.204  0.000e+00
     63.500      5.987   4.847878     2.4683     3.6750      5.954    25.0606    29.3293    20.0605    20.0556    4994.06    35.4110     5.4681     7.8145    106.032    244.206      8.207  0.000e+00
     63.750      6.068   4.847352     2.4855     3.6750      6.034    25.0651    29.3340    20.0518    20.0470    4993.99    35.4140     5.5478     7.9284    107.563    247.767      8.206  0.000e+00
     64.000      6.117   4.846402     2.4974     3.6730      6.084    25.0679    29.3369    20.0422    20.0374    4993.91    35.4142     5.5954     7.9963    108.466    249.889      8.207  0.000e+00
     64.250      6.173   4.845552     2.5041     3.4687      6.139    25.0542    29.3231    20.0514    20.0466    4993.94    35.3995     5.6050     8.0101    108.661    250.319      8.204  0.000e+00
     64.500      6.204   4.845163     2.5071     3.4667      6.170    25.0337    29.3025    20.0713    20.0665    4994.05    35.3796     5.5844     7.9807    108.289    249.400      8.206  0.000e+00
     64.750      6.217   4.845098     2.5151     3.4587      6.182    25.0207    29.2893    20.0852    20.0804    4994.13    35.3673     5.5716     7.9623    108.059    248.826      8.208  0.000e+00
     65.000      6.204   4.845321     2.5353     3.4687      6.170    25.0166    29.2852    20.0913    20.0864    4994.18    35.3641     5.6040     8.0087    108.699    250.276      8.205  0.000e+00
     65.250      6.173   4.846336     2.5666     3.7801      6.139    25.0199    29.2883    20.0946    20.0898    4994.22    35.3696     5.6888     8.1299    110.354    254.063      8.204  0.000e+00
     65.500      6.124   4.846603     2.6030     3.7742      6.090    25.0192    29.2876    20.0973    20.0925    4994.25    35.3695     5.8080     8.3003    112.672    259.387      8.205  0.000e+00
     65.750      6.099   4.846502     2.6377     3.7742      6.065    25.0169    29.2853    20.0991    20.0943    4994.25    35.3672     5.9360     8.4832    115.157    265.103      8.205  0.000e+00
     66.000      6.055   4.846466     2.6667     3.7702      6.022    25.0171    29.2855    20.0987    20.0939    4994.25    35.3673     6.0537     8.6514    117.439    270.359      8.203  0.000e+00
     66.250      6.024   4.846372     2.6918     4.2244      5.991    25.0168    29.2852    20.0983    20.0935    4994.24    35.3668     6.1574     8.7996    119.450    274.990      8.204  0.000e+00
     66.500      6.018   4.846466     2.7093     4.2145      5.985    25.0190    29.2875    20.0965    20.0917    4994.23    35.3691     6.2259     8.8975    120.777    278.050      8.202  0.000e+00
     66.750      6.018   4.846639     2.7166     4.2086      5.985    25.0252    29.2936    20.0910    20.0862    4994.20    35.3752     6.2417     8.9200    121.075    278.754      8.203  0.000e+00
     67.000      6.000   4.846797     2.7147     4.2264      5.967    25.0292    29.2977    20.0876    20.0828    4994.19    35.3793     6.2039     8.8660    120.337    277.065      8.202  0.000e+00
     67.250      6.012   4.846761     2.7040     4.2145      5.979    25.0306    29.2991    20.0858    20.0810    4994.18    35.3805     6.1196     8.7455    118.699    273.301      8.205  0.000e+00
     67.500      6.006   4.846668     2.6902     4.2086      5.973    25.0315    29.3000    20.0842    20.0794    4994.16    35.3811     6.0158     8.5972    116.682    268.665      8.205  0.000e+00
     67.750      5.994   4.846632     2.6731     4.2086      5.961    25.0320    29.3005    20.0834    20.0786    4994.16    35.3815     5.9016     8.4339    114.465    263.564      8.204  0.000e+00
     68.000      6.000   4.846797     2.6541     4.2125      5.967    25.0313    29.2998    20.0853    20.0805    4994.17    35.3812     5.7862     8.2691    112.232    258.412      8.204  0.000e+00
     68.250      6.000   4.847056     2.6349     4.2046      5.967    25.0304    29.2989    20.0881    20.0832    4994.20    35.3811     5.6786     8.1153    110.149    253.605      8.201  0.000e+00
     68.500      6.000   4.847352     2.6165     3.8396      5.967    25.0306    29.2990    20.0899    20.0851    4994.22    35.3819     5.5861     7.9831    108.360    249.476      8.205  0.000e+00
     68.750      6.006   4.847452     2.6005     3.8495      5.973    25.0305    29.2989    20.0907    20.0859    4994.23    35.3821     5.5164     7.8834    107.009    246.360      8.200  0.000e+00
     69.000      6.031   4.847316     2.5887     3.8337      5.998    25.0290    29.2974    20.0914    20.0866    4994.23    35.3803     5.4735     7.8221    106.177    244.445      8.202  0.000e+00
     69.250      6.068   4.847265     2.5802     3.8495      6.035    25.0276    29.2960    20.0926    20.0878    4994.23    35.3789     5.4531     7.7930    105.783    243.534      8.205  0.000e+00
     69.500      6.111   4.847452     2.5797     3.6928      6.078    25.0291    29.2975    20.0922    20.0874    4994.24    35.3808     5.4669     7.8128    106.052    244.153      8.203  0.000e+00
     69.750      6.149   4.847517     2.5773     3.6750      6.115    25.0298    29.2982    20.0919    20.0871    4994.24    35.3815     5.4830     7.8358    106.364    244.871      8.202  0.000e+00
     70.000      6.173   4.847157     2.5748     3.6869      6.139    25.0271    29.2955    20.0924    20.0876    4994.24    35.3782     5.5014     7.8621    106.720    245.694      8.199  0.000e+00
     70.250      6.192   4.846696     2.5688     3.6730      6.158    25.0237    29.2921    20.0930    20.0881    4994.23    35.3739     5.5072     7.8704    106.831    245.954      8.202  0.000e+00
     70.500      6.192   4.846372     2.5574     3.6789      6.158    25.0183    29.2867    20.0966    20.0918    4994.24    35.3682     5.4888     7.8441    106.477    245.131      8.201  0.000e+00
     70.750      6.173   4.846272     2.5436     3.6174      6.139    25.0124    29.2808    20.1025    20.0977    4994.27    35.3624     5.4526     7.7923    105.783    243.514      8.201  0.000e+00
     71.000      6.124   4.846732     2.5269     3.6333      6.090    25.0103    29.2785    20.1080    20.1032    4994.31    35.3616     5.3967     7.7124    104.708    241.016      8.202  0.000e+00
     71.250      6.080   4.847092     2.5115     3.6135      6.047    25.0100    29.2782    20.1109    20.1060    4994.34    35.3622     5.3371     7.6273    103.558    238.355      8.205  0.000e+00
     71.500      6.050   4.847027     2.5019     3.6274      6.016    25.0078    29.2760    20.1128    20.1080    4994.35    35.3600     5.2933     7.5646    102.709    236.398      8.202  0.000e+00
     71.750      6.006   4.847027     2.5005     3.9190      5.973    25.0072    29.2754    20.1135    20.1087    4994.35    35.3594     5.2827     7.5495    102.504    235.924      8.204  0.000e+00
     72.000      5.988   4.846991     2.5125     3.9269      5.955    25.0079    29.2761    20.1125    20.1076    4994.34    35.3600     5.3271     7.6130    103.366    237.910      8.207  0.000e+00
     72.250      5.981   4.846991     2.5326     3.9328      5.949    25.0089    29.2772    20.1113    20.1065    4994.33    35.3610     5.4149     7.7385    105.068    241.831      8.205  0.000e+00
     72.500      5.969   4.847092     2.5517     3.9527      5.936    25.0114    29.2797    20.1093    20.1044    4994.32    35.3635     5.5139     7.8799    106.985    246.249      8.206  0.000e+00
     72.750      5.975   4.845228     2.5633     3.6968      5.942    25.0030    29.2714    20.1057    20.1009    4994.25    35.3513     5.5941     7.9945    108.526    249.830      8.205  0.000e+00
     73.000      5.981   4.833255     2.5659     3.6789      5.948    24.9379    29.2069    20.0950    20.0902    4993.82    35.2621     5.6428     8.0642    109.393    252.010      8.205  0.000e+00
     73.250      5.994   4.839053     2.5830     3.6869      5.961    25.0081    29.2773    20.0574    20.0526    4993.77    35.3412     5.7231     8.1789    110.925    255.593      8.204  0.000e+00
     73.500      6.019   4.841896     2.6630     3.6948      5.986    25.0441    29.3133    20.0374    20.0326    4993.74    35.3813     6.0047     8.5813    116.367    268.169      8.203  0.000e+00
     73.750      6.050   4.845034     2.8065     3.6730      6.016    25.0619    29.3310    20.0394    20.0346    4993.85    35.4054     6.5173     9.3139    126.324    291.063      8.207  0.000e+00
     74.000      6.093   4.849311     2.9557     3.1414      6.059    25.0751    29.3438    20.0543    20.0495    4994.07    35.4279     7.0883    10.1299    137.448    316.563      8.207  0.000e+00
     74.250      6.136   4.851608     3.0917     3.1215      6.102    25.0671    29.3354    20.0790    20.0742    4994.29    35.4259     7.6455    10.9263    148.318    341.450      8.206  0.000e+00
     74.500      6.161   4.850981     3.2059     3.1255      6.127    25.0401    29.3082    20.1045    20.0996    4994.42    35.3994     8.1395    11.6322    157.949    363.510      8.212  0.000e+00
     74.750      6.174   4.851506     3.2973     3.1295      6.140    25.0280    29.2959    20.1213    20.1165    4994.54    35.3895     8.5381    12.2017    165.725    381.310      8.206  0.000e+00
     75.000      6.161   4.850916     3.3641     3.2048      6.127    25.0156    29.2835    20.1310    20.1261    4994.58    35.3766     8.8045    12.5826    170.914    393.211      8.208  0.000e+00
     75.250      6.136   4.848237     3.4124     3.2167      6.103    24.9958    29.2638    20.1344    20.1295    4994.52    35.3518     8.9285    12.7597    173.306    398.747      8.206  0.000e+00
     75.500      6.112   4.843759     3.4482     3.2167      6.078    24.9741    29.2423    20.1275    20.1226    4994.34    35.3209     8.9234    12.7525    173.154    398.521      8.206  0.000e+00
     75.750      6.075   4.840851     3.4772     3.2167      6.041    24.9746    29.2432    20.1068    20.1020    4994.13    35.3144     8.8463    12.6423    171.586    395.076      8.207  0.000e+00
     76.000      6.031   4.841406     3.4984     3.2128      5.998    25.0015    29.2703    20.0810    20.0762    4993.99    35.3407     8.7450    12.4975    169.568    390.552      8.208  0.000e+00
     76.250      5.982   4.841370     3.5128     3.5004      5.949    25.0168    29.2858    20.0638    20.0590    4993.88    35.3548     8.6412    12.3492    167.517    385.917      8.204  0.000e+00
     76.500      5.988   4.840751     3.5221     3.4945      5.955    25.0199    29.2890    20.0561    20.0513    4993.82    35.3562     8.5475    12.2153    165.679    381.733      8.208  0.000e+00
     76.750      5.982   4.840687     3.5283     3.4925      5.949    25.0255    29.2947    20.0495    20.0447    4993.78    35.3612     8.4709    12.1058    164.179    378.312      8.209  0.000e+00
     77.000      6.006   4.840557     3.5363     3.4945      5.973    25.0286    29.2978    20.0452    20.0404    4993.75    35.3638     8.4255    12.0408    163.287    376.281      8.207  0.000e+00
     77.250      6.037   4.840363     3.5426     3.8019      6.004    25.0291    29.2983    20.0433    20.0385    4993.73    35.3638     8.3939    11.9958    162.670    374.873      8.209  0.000e+00
     77.500      6.062   4.842616     3.5444     3.8099      6.029    25.0452    29.3144    20.0411    20.0363    4993.79    35.3841     8.3605    11.9480    162.035    373.379      8.206  0.000e+00
     77.750      6.081   4.844869     3.5457     3.8059      6.047    25.0546    29.3236    20.0462    20.0414    4993.89    35.3983     8.3329    11.9085    161.528    372.145      8.210  0.000e+00
     78.000      6.099   4.846265     3.5492     3.8237      6.066    25.0517    29.3205    20.0591    20.0543    4994.01    35.3989     8.3204    11.8907    161.325    371.589      8.208  0.000e+00
     78.250      6.087   4.845098     3.5515     3.4072      6.053    25.0322    29.3009    20.0726    20.0678    4994.05    35.3780     8.3124    11.8792    161.190    371.231      8.208  0.000e+00
     78.500      6.093   4.844407     3.5502     3.3953      6.060    25.0206    29.2893    20.0806    20.0758    4994.08    35.3656     8.2973    11.8577    160.909    370.558      8.210  0.000e+00
     78.750      6.068   4.843198     3.5494     3.3953      6.035    25.0136    29.2824    20.0799    20.0751    4994.04    35.3562     8.2860    11.8415    160.678    370.051      8.208  0.000e+00
     79.000      6.062   4.842809     3.5494     3.3973      6.029    25.0156    29.2844    20.0751    20.0702    4994.00    35.3572     8.2775    11.8294    160.501    369.673      8.211  0.000e+00
     79.250      6.056   4.843198     3.5535     3.3933      6.023    25.0233    29.2921    20.0693    20.0645    4993.97    35.3652     8.2857    11.8411    160.651    370.040      8.211  0.000e+00
     79.500      6.044   4.843105     3.5565     3.7384      6.010    25.0253    29.2941    20.0665    20.0617    4993.95    35.3668     8.2947    11.8540    160.818    370.442      8.210  0.000e+00
     79.750      6.043   4.840586     3.5588     3.7464      6.010    25.0110    29.2801    20.0648    20.0600    4993.87    35.3476     8.3034    11.8663    160.963    370.828      8.208  0.000e+00
     80.000      6.025   4.839118     3.5589     3.7563      5.992    25.0089    29.2780    20.0571    20.0523    4993.78    35.3420     8.3051    11.8688    160.968    370.905      8.208  0.000e+00
