cruises/baja2025/cnv/20250424_cast1.cnv
* Sea-Bird SBE19plus Data File:
* FileName = C:\Users\ScienceTech\OneDrive - Western Flyer Foundation\Desktop\ProfilingCTD\data\20250424_SantaCatalina_cast12.hex
* Software Version 1.59
* Temperature SN =  8289
* Conductivity SN =  8289
* System UpLoad Time = Apr 24 2025 09:02:33
** Seamount south of Isla Santa Catlalina
** 4/24/2025 0520 UTC
** 25 30.497'N
** 110 47.192'W
** ~320 m water depth
# nquan = 18
# nvalues = 5903                                  
# units = specified
# name 0 = timeS: Time, Elapsed [seconds]
# name 1 = prdM: Pressure, Strain Gauge [db]
# name 2 = c0S/m: Conductivity [S/m]
# name 3 = sbeox0V: Oxygen raw, SBE 43 [V]
# name 4 = flECO-AFL: Fluorescence, WET Labs ECO-AFL/FL [mg/m^3]
# name 5 = depSM: Depth [salt water, m], lat = 0.00
# name 6 = sigma-t00: Density [sigma-t, kg/m^3 ]
# name 7 = sigma-100: Density [sigma-1, kg/m^3 ]
# name 8 = tv268C: Temperature [IPTS-68, deg C]
# name 9 = tv290C: Temperature [ITS-90, deg C]
# name 10 = svCF: Sound Velocity [Chen-Millero, ft/s]
# name 11 = sal00: Salinity, Practical [PSU]
# name 12 = sbeox0ML/L: Oxygen, SBE 43 [ml/l]
# name 13 = sbeox0Mg/L: Oxygen, SBE 43 [mg/l]
# name 14 = sbeox0PS: Oxygen, SBE 43 [% saturation]
# name 15 = sbeox0Mm/L: Oxygen, SBE 43 [umol/l]
# name 16 = ph: pH
# name 17 = flag:  0.000e+00
# span 0 =      0.000,   1475.500                 
# span 1 =     -0.155,    313.698                 
# span 2 =  -0.000021,   5.102545                 
# span 3 =     0.5420,     3.1474                 
# span 4 =    -0.1337,   128.7079                 
# span 5 =     -0.154,    311.738                 
# span 6 =    -2.4487,    26.6345                 
# span 7 =     1.9973,    31.0896                 
# span 8 =    10.4399,    22.9574                 
# span 9 =    10.4374,    22.9519                 
# span 10 =    4877.79,    5015.09                
# span 11 =     0.0000,    35.5932                
# span 12 =     0.0429,     7.9287                
# span 13 =     0.0614,    11.3309                
# span 14 =      0.685,    141.643                
# span 15 =      1.917,    354.096                
# span 16 =      7.350,      8.164                
# span 17 = 0.0000e+00, 0.0000e+00                
# interval = seconds: 0.25
# start_time = Apr 23 2025 22:18:59 [Instrument's time stamp, header]
# bad_flag = -9.990e-29
*END*
[from data line 81]
     20.250     -0.111  -0.000015     2.9295    -0.0722     -0.111    -2.4473     1.9989    22.9513    22.9458    4891.89     0.0000     7.5967    10.8565    126.432    339.269      7.356  0.000e+00
     20.500     -0.124  -0.000021     2.9312    -0.0543     -0.123    -2.4473     1.9989    22.9511    22.9456    4891.89     0.0000     7.6033    10.8659    126.541    339.563      7.356  0.000e+00
     20.750     -0.130  -0.000015     2.9305    -0.0702     -0.129    -2.4473     1.9989    22.9511    22.9456    4891.89     0.0000     7.6010    10.8627    126.503    339.463      7.357  0.000e+00
     21.000     -0.124  -0.000015     2.9300    -0.0722     -0.123    -2.4472     1.9989    22.9510    22.9455    4891.89     0.0000     7.5987    10.8592    126.463    339.356      7.353  0.000e+00
     21.250     -0.124  -0.000015     2.9302    -0.0682     -0.123    -2.4472     1.9989    22.9510    22.9455    4891.89     0.0000     7.5995    10.8604    126.477    339.393      7.356  0.000e+00
     21.500     -0.124  -0.000015     2.9307    -0.0722     -0.123    -2.4472     1.9990    22.9508    22.9453    4891.88     0.0000     7.6021    10.8642    126.521    339.512      7.355  0.000e+00
     21.750     -0.124  -0.000021     2.9307    -0.0623     -0.123    -2.4471     1.9990    22.9506    22.9451    4891.88     0.0000     7.6023    10.8645    126.524    339.521      7.356  0.000e+00
     22.000     -0.124  -0.000015     2.9309    -0.0801     -0.123    -2.4472     1.9990    22.9507    22.9452    4891.88     0.0000     7.6026    10.8649    126.529    339.534      7.354  0.000e+00
     22.250     -0.124  -0.000015     2.9305    -0.0781     -0.123    -2.4472     1.9990    22.9507    22.9452    4891.88     0.0000     7.6018    10.8638    126.515    339.498      7.357  0.000e+00
     22.500     -0.130  -0.000015     2.9305    -0.0801     -0.129    -2.4472     1.9990    22.9507    22.9452    4891.88     0.0000     7.6011    10.8627    126.503    339.464      7.356  0.000e+00
     22.750     -0.117  -0.000021     2.9306    -0.0801     -0.117    -2.4471     1.9991    22.9504    22.9449    4891.88     0.0000     7.6022    10.8642    126.520    339.512      7.355  0.000e+00
     23.000     -0.117  -0.000015     2.9302    -0.0702     -0.117    -2.4471     1.9991    22.9504    22.9449    4891.88     0.0000     7.6005    10.8619    126.492    339.438      7.356  0.000e+00
     23.250     -0.130  -0.000015     2.9306    -0.0801     -0.129    -2.4471     1.9991    22.9504    22.9449    4891.88     0.0000     7.6013    10.8631    126.506    339.475      7.356  0.000e+00
     23.500     -0.117  -0.000021     2.9299    -0.0722     -0.117    -2.4471     1.9991    22.9503    22.9448    4891.88     0.0000     7.5985    10.8590    126.459    339.348      7.357  0.000e+00
     23.750     -0.123  -0.000021     2.9302    -0.0682     -0.123    -2.4471     1.9991    22.9504    22.9449    4891.88     0.0000     7.5994    10.8603    126.474    339.389      7.359  0.000e+00
     24.000     -0.129  -0.000015     2.9303    -0.0781     -0.129    -2.4470     1.9991    22.9502    22.9447    4891.88     0.0000     7.6000    10.8612    126.484    339.418      7.360  0.000e+00
     24.250     -0.117  -0.000015     2.9310    -0.0801     -0.116    -2.4470     1.9991    22.9502    22.9447    4891.88     0.0000     7.6030    10.8654    126.533    339.550      7.359  0.000e+00
     24.500     -0.111  -0.000021     2.9303    -0.0801     -0.110    -2.4470     1.9992    22.9500    22.9445    4891.88     0.0000     7.6009    10.8624    126.497    339.455      7.357  0.000e+00
     24.750     -0.129  -0.000021     2.9305    -0.0841     -0.129    -2.4469     1.9993    22.9498    22.9443    4891.87     0.0000     7.6015    10.8633    126.507    339.482      7.356  0.000e+00
     25.000     -0.123  -0.000015     2.9310    -0.0781     -0.122    -2.4470     1.9992    22.9500    22.9445    4891.88     0.0000     7.6037    10.8665    126.545    339.583      7.356  0.000e+00
     25.250     -0.123  -0.000015     2.9315    -0.0702     -0.123    -2.4469     1.9993    22.9498    22.9443    4891.87     0.0000     7.6057    10.8693    126.577    339.669      7.357  0.000e+00
     25.500     -0.136  -0.000010     2.9303    -0.0841     -0.135    -2.4469     1.9993    22.9497    22.9442    4891.87     0.0000     7.6019    10.8638    126.513    339.499      7.355  0.000e+00
     25.750     -0.123  -0.000015     2.9298    -0.0781     -0.122    -2.4469     1.9993    22.9498    22.9443    4891.87     0.0000     7.5991    10.8599    126.468    339.377      7.357  0.000e+00
     26.000     -0.117  -0.000015     2.9306    -0.0920     -0.116    -2.4469     1.9993    22.9496    22.9440    4891.87     0.0000     7.6013    10.8630    126.504    339.474      7.355  0.000e+00
     26.250     -0.129  -0.000021     2.9300    -0.0722     -0.128    -2.4469     1.9993    22.9494    22.9439    4891.87     0.0000     7.5990    10.8598    126.466    339.373      7.357  0.000e+00
     26.500     -0.123  -0.000015     2.9306    -0.0722     -0.122    -2.4469     1.9993    22.9496    22.9440    4891.87     0.0000     7.6011    10.8627    126.500    339.464      7.357  0.000e+00
     26.750     -0.123  -0.000015     2.9302    -0.0722     -0.122    -2.4468     1.9994    22.9492    22.9437    4891.87     0.0000     7.5996    10.8605    126.474    339.397      7.354  0.000e+00
     27.000     -0.123  -0.000015     2.9303    -0.0920     -0.122    -2.4468     1.9994    22.9493    22.9438    4891.87     0.0000     7.5996    10.8606    126.476    339.400      7.358  0.000e+00
     27.250     -0.117  -0.000021     2.9307    -0.0702     -0.116    -2.4468     1.9994    22.9493    22.9438    4891.87     0.0000     7.6017    10.8636    126.510    339.491      7.356  0.000e+00
     27.500     -0.123  -0.000015     2.9306    -0.0702     -0.122    -2.4468     1.9994    22.9492    22.9437    4891.87     0.0000     7.6024    10.8646    126.522    339.524      7.355  0.000e+00
     27.750     -0.123  -0.000015     2.9303    -0.0722     -0.122    -2.4468     1.9994    22.9491    22.9436    4891.87     0.0000     7.6012    10.8628    126.501    339.468      7.356  0.000e+00
     28.000     -0.129  -0.000015     2.9310    -0.0762     -0.129    -2.4468     1.9994    22.9491    22.9436    4891.87     0.0000     7.6036    10.8663    126.541    339.576      7.355  0.000e+00
     28.250     -0.123  -0.000015     2.9304    -0.0702     -0.123    -2.4468     1.9994    22.9490    22.9435    4891.87     0.0000     7.6017    10.8636    126.509    339.493      7.358  0.000e+00
     28.500     -0.123  -0.000015     2.9309    -0.0643     -0.123    -2.4467     1.9995    22.9489    22.9434    4891.87     0.0000     7.6031    10.8656    126.532    339.555      7.357  0.000e+00
     28.750     -0.130  -0.000015     2.9313    -0.0702     -0.129    -2.4467     1.9995    22.9489    22.9434    4891.87     0.0000     7.6051    10.8684    126.565    339.642      7.352  0.000e+00
     29.000     -0.124  -0.000021     2.9299    -0.0841     -0.123    -2.4467     1.9995    22.9488    22.9433    4891.87     0.0000     7.5997    10.8607    126.475    339.401      7.356  0.000e+00
     29.250     -0.117  -0.000015     2.9299    -0.0563     -0.117    -2.4467     1.9995    22.9487    22.9432    4891.86     0.0000     7.5989    10.8597    126.463    339.369      7.356  0.000e+00
     29.500     -0.117  -0.000015     2.9295    -0.0762     -0.117    -2.4466     1.9996    22.9484    22.9429    4891.86     0.0000     7.5972    10.8572    126.433    339.293      7.356  0.000e+00
     29.750     -0.124  -0.000021     2.9300    -0.0762     -0.123    -2.4466     1.9996    22.9483    22.9428    4891.86     0.0000     7.5989    10.8595    126.460    339.366      7.354  0.000e+00
     30.000     -0.118  -0.000015     2.9302    -0.0801     -0.117    -2.4466     1.9996    22.9485    22.9430    4891.86     0.0000     7.5991    10.8599    126.465    339.378      7.354  0.000e+00
     30.250     -0.118  -0.000015     2.9305    -0.0722     -0.117    -2.4466     1.9996    22.9483    22.9428    4891.86     0.0000     7.6008    10.8623    126.492    339.451      7.356  0.000e+00
     30.500     -0.130  -0.000015     2.9304    -0.0781     -0.129    -2.4466     1.9996    22.9483    22.9428    4891.86     0.0000     7.6007    10.8622    126.491    339.448      7.354  0.000e+00
     30.750     -0.118  -0.000015     2.9298    -0.0702     -0.117    -2.4466     1.9996    22.9482    22.9427    4891.86     0.0000     7.5990    10.8597    126.462    339.370      7.355  0.000e+00
     31.000     -0.117  -0.000015     2.9310    -0.0801     -0.117    -2.4466     1.9996    22.9482    22.9427    4891.86     0.0000     7.6043    10.8673    126.551    339.608      7.356  0.000e+00
     31.250     -0.124  -0.000021     2.9305    -0.0722     -0.123    -2.4465     1.9997    22.9481    22.9426    4891.86     0.0000     7.6027    10.8649    126.523    339.534      7.355  0.000e+00
     31.500     -0.124  -0.000021     2.9296    -0.0702     -0.123    -2.4465     1.9997    22.9481    22.9426    4891.86     0.0000     7.5991    10.8599    126.463    339.375      7.357  0.000e+00
     31.750     -0.142  -0.000021     2.9310    -0.0801     -0.142    -2.4465     1.9997    22.9479    22.9424    4891.86     0.0000     7.6034    10.8660    126.535    339.569      7.354  0.000e+00
     32.000     -0.130  -0.000021     2.9300    -0.0722     -0.129    -2.4464     1.9998    22.9476    22.9421    4891.85     0.0000     7.5999    10.8610    126.475    339.410      7.357  0.000e+00
     32.250     -0.117  -0.000021     2.9305    -0.0643     -0.117    -2.4465     1.9998    22.9478    22.9423    4891.86     0.0000     7.6015    10.8634    126.503    339.484      7.357  0.000e+00
     32.500     -0.117  -0.000021     2.9295    -0.0781     -0.117    -2.4464     1.9998    22.9476    22.9421    4891.85     0.0000     7.5980    10.8583    126.444    339.326      7.357  0.000e+00
     32.750     -0.117  -0.000015     2.9299    -0.0781     -0.117    -2.4464     1.9998    22.9476    22.9421    4891.85     0.0000     7.5991    10.8599    126.462    339.376      7.354  0.000e+00
     33.000     -0.130  -0.000021     2.9296    -0.0861     -0.129    -2.4464     1.9998    22.9475    22.9420    4891.85     0.0000     7.5974    10.8575    126.434    339.302      7.354  0.000e+00
     33.250     -0.130  -0.000015     2.9308    -0.0801     -0.129    -2.4464     1.9999    22.9473    22.9418    4891.85     0.0000     7.6024    10.8646    126.517    339.525      7.354  0.000e+00
     33.500     -0.130  -0.000021     2.9306    -0.0702     -0.129    -2.4464     1.9999    22.9473    22.9418    4891.85     0.0000     7.6023    10.8644    126.514    339.518      7.354  0.000e+00
     33.750     -0.130  -0.000021     2.9294    -0.0722     -0.129    -2.4464     1.9999    22.9473    22.9418    4891.85     0.0000     7.5977    10.8579    126.439    339.315      7.356  0.000e+00
     34.000     -0.124  -0.000021     2.9302    -0.0920     -0.123    -2.4464     1.9998    22.9475    22.9420    4891.85     0.0000     7.6008    10.8623    126.491    339.453      7.355  0.000e+00
     34.250     -0.124  -0.000021     2.9297    -0.0682     -0.123    -2.4463     2.0000    22.9470    22.9414    4891.85     0.0000     7.5992    10.8600    126.462    339.380      7.354  0.000e+00
     34.500     -0.124  -0.000015     2.9304    -0.0801     -0.123    -2.4463     2.0000    22.9470    22.9414    4891.85     0.0000     7.6020    10.8640    126.509    339.505      7.352  0.000e+00
     34.750     -0.117  -0.000015     2.9308    -0.0781     -0.117    -2.4463     2.0000    22.9470    22.9414    4891.85     0.0000     7.6033    10.8659    126.531    339.564      7.355  0.000e+00
     35.000     -0.130  -0.000015     2.9302    -0.0960     -0.129    -2.4463     1.9999    22.9471    22.9415    4891.85     0.0000     7.6011    10.8628    126.495    339.467      7.356  0.000e+00
     35.250     -0.117  -0.000021     2.9306    -0.0781     -0.117    -2.4463     1.9999    22.9471    22.9415    4891.85     0.0000     7.6021    10.8642    126.511    339.511      7.355  0.000e+00
     35.500     -0.117  -0.000021     2.9311    -0.0643     -0.117    -2.4462     2.0000    22.9467    22.9412    4891.85     0.0000     7.6048    10.8680    126.555    339.630      7.356  0.000e+00
     35.750     -0.117  -0.000021     2.9306    -0.0702     -0.117    -2.4462     2.0000    22.9467    22.9412    4891.85     0.0000     7.6037    10.8665    126.537    339.582      7.359  0.000e+00
     36.000     -0.124  -0.000021     2.9302    -0.0702     -0.123    -2.4462     2.0001    22.9465    22.9410    4891.84     0.0000     7.6015    10.8633    126.499    339.482      7.355  0.000e+00
     36.250     -0.117  -0.000015     2.9306    -0.0801     -0.117    -2.4462     2.0001    22.9464    22.9409    4891.84     0.0000     7.6029    10.8653    126.523    339.545      7.354  0.000e+00
     36.500     -0.111  -0.000015     2.9296    -0.0702     -0.110    -2.4462     2.0000    22.9467    22.9412    4891.85     0.0000     7.5983    10.8587    126.447    339.340      7.356  0.000e+00
     36.750     -0.117  -0.000015     2.9304    -0.0643     -0.117    -2.4461     2.0001    22.9463    22.9408    4891.84     0.0000     7.6010    10.8625    126.490    339.459      7.358  0.000e+00
     37.000     -0.124  -0.000015     2.9303    -0.0781     -0.123    -2.4462     2.0001    22.9464    22.9409    4891.84     0.0000     7.6006    10.8620    126.484    339.443      7.361  0.000e+00
     37.250     -0.130  -0.000015     2.9300    -0.0781     -0.129    -2.4461     2.0001    22.9463    22.9408    4891.84     0.0000     7.5995    10.8604    126.466    339.393      7.359  0.000e+00
     37.500     -0.123  -0.000015     2.9304    -0.0722     -0.123    -2.4461     2.0002    22.9461    22.9406    4891.84     0.0000     7.6009    10.8624    126.489    339.456      7.359  0.000e+00
     37.750     -0.123  -0.000015     2.9315    -0.0841     -0.123    -2.4461     2.0001    22.9462    22.9407    4891.84     0.0000     7.6056    10.8691    126.567    339.665      7.362  0.000e+00
     38.000     -0.123  -0.000021     2.9306    -0.0722     -0.123    -2.4461     2.0002    22.9460    22.9405    4891.84     0.0000     7.6030    10.8654    126.523    339.550      7.358  0.000e+00
     38.250     -0.123  -0.000010     2.9307    -0.0682     -0.123    -2.4460     2.0003    22.9458    22.9403    4891.84     0.0000     7.6035    10.8662    126.532    339.575      7.357  0.000e+00
     38.500     -0.117  -0.000015     2.9295    -0.0702     -0.116    -2.4460     2.0003    22.9458    22.9403    4891.84     0.0000     7.5992    10.8601    126.460    339.381      7.359  0.000e+00
     38.750     -0.117  -0.000010     2.9298    -0.0781     -0.116    -2.4460     2.0003    22.9458    22.9403    4891.84     0.0000     7.5993    10.8601    126.461    339.383      7.361  0.000e+00
     39.000     -0.123  -0.000015     2.9306    -0.0623     -0.123    -2.4460     2.0003    22.9457    22.9402    4891.84     0.0000     7.6019    10.8638    126.504    339.499      7.358  0.000e+00
     39.250     -0.129  -0.000021     2.9297    -0.0643     -0.129    -2.4460     2.0003    22.9456    22.9401    4891.83     0.0000     7.5987    10.8593    126.451    339.359      7.357  0.000e+00
     39.500     -0.123  -0.000015     2.9304    -0.0702     -0.123    -2.4460     2.0003    22.9457    22.9402    4891.84     0.0000     7.6007    10.8622    126.485    339.448      7.360  0.000e+00
     39.750     -0.123  -0.000010     2.9302    -0.0841     -0.123    -2.4459     2.0004    22.9454    22.9399    4891.83     0.0000     7.6000    10.8611    126.472    339.415      7.360  0.000e+00
