cruises/baja2025/cnv/20250506_cast1.cnv
* Sea-Bird SBE19plus Data File:
* FileName = C:\Users\ScienceTech\OneDrive - Western Flyer Foundation\Desktop\ProfilingCTD\data\2025\Gulf of California\Leg 3\raw data\20250506_PP40_cast1.hex
* Software Version 1.59
* Temperature SN =  8289
* Conductivity SN =  8289
* System UpLoad Time = May 07 2025 17:04:29
** "PP40"
** 27-30.38'N
** 112-19.27'W
** Depth 47m
# nquan = 18
# nvalues = 2236                                  
# units = specified
# name 0 = timeS: Time, Elapsed [seconds]
# name 1 = prdM: Pressure, Strain Gauge [db]
# name 2 = c0S/m: Conductivity [S/m]
# name 3 = sbeox0V: Oxygen raw, SBE 43 [V]
# name 4 = flECO-AFL: Fluorescence, WET Labs ECO-AFL/FL [mg/m^3]
# name 5 = depSM: Depth [salt water, m], lat = 0.00
# name 6 = sigma-t00: Density [sigma-t, kg/m^3 ]
# name 7 = sigma-100: Density [sigma-1, kg/m^3 ]
# name 8 = tv268C: Temperature [IPTS-68, deg C]
# name 9 = tv290C: Temperature [ITS-90, deg C]
# name 10 = svCF: Sound Velocity [Chen-Millero, ft/s]
# name 11 = sal00: Salinity, Practical [PSU]
# name 12 = sbeox0ML/L: Oxygen, SBE 43 [ml/l]
# name 13 = sbeox0Mg/L: Oxygen, SBE 43 [mg/l]
# name 14 = sbeox0PS: Oxygen, SBE 43 [% saturation]
# name 15 = sbeox0Mm/L: Oxygen, SBE 43 [umol/l]
# name 16 = ph: pH
# name 17 = flag:  0.000e+00
# span 0 =      0.000,    558.750                 
# span 1 =     -0.143,     54.082                 
# span 2 =  -0.126669,   4.824349                 
# span 3 =     1.7668,     2.7790                 
# span 4 =    -0.1000,   128.7376                 
# span 5 =     -0.142,     53.778                 
# span 6 =    -2.9992,    26.0247                 
# span 7 =     1.4104,    30.3110                 
# span 8 =    16.2593,    25.2086                 
# span 9 =    16.2554,    25.2025                 
# span 10 =    4859.43,    4989.69                
# span 11 =     0.0000,    36.2290                
# span 12 =     3.4173,     6.8570                
# span 13 =     4.8836,     9.7993                
# span 14 =     65.341,    122.915                
# span 15 =    152.616,    306.233                
# span 16 =      7.290,      8.141                
# span 17 = 0.0000e+00, 0.0000e+00                
# interval = seconds: 0.25
# start_time = May 06 2025 11:19:59 [Instrument's time stamp, header]
# bad_flag = -9.990e-29
*END*
[from data line 724]
    181.000      6.210   4.668259     2.5913     0.2928      6.175    25.3963    29.6915    18.4295    18.4250    4978.56    35.3003     5.8383     8.3435    109.771    260.738      8.116  0.000e+00
    181.250      6.210   4.668259     2.5910     0.1817      6.175    25.3966    29.6918    18.4292    18.4248    4978.56    35.3006     5.8377     8.3426    109.759    260.710      8.115  0.000e+00
    181.500      6.197   4.668231     2.5895     0.1778      6.163    25.3968    29.6920    18.4288    18.4243    4978.56    35.3007     5.8315     8.3338    109.642    260.434      8.113  0.000e+00
    181.750      6.191   4.668294     2.5879     0.1976      6.157    25.3975    29.6927    18.4285    18.4241    4978.56    35.3015     5.8233     8.3221    109.488    260.068      8.116  0.000e+00
    182.000      6.148   4.668387     2.5890     0.1837      6.114    25.3977    29.6930    18.4288    18.4244    4978.56    35.3020     5.8237     8.3227    109.497    260.087      8.116  0.000e+00
    182.250      6.130   4.668514     2.5899     0.1619      6.096    25.3985    29.6937    18.4289    18.4245    4978.56    35.3030     5.8260     8.3260    109.542    260.191      8.116  0.000e+00
    182.500      6.111   4.668259     2.5907     0.1500      6.077    25.3960    29.6912    18.4298    18.4254    4978.56    35.3001     5.8302     8.3319    109.619    260.376      8.115  0.000e+00
    182.750      6.080   4.668358     2.5918     0.1500      6.047    25.3969    29.6921    18.4296    18.4251    4978.56    35.3011     5.8369     8.3415    109.745    260.675      8.117  0.000e+00
    183.000      6.055   4.668571     2.5925     0.1619      6.022    25.3986    29.6938    18.4293    18.4249    4978.56    35.3032     5.8431     8.3504    109.863    260.953      8.115  0.000e+00
    183.250      6.043   4.668670     2.5930     0.1659      6.010    25.3985    29.6937    18.4301    18.4257    4978.57    35.3033     5.8469     8.3558    109.936    261.122      8.115  0.000e+00
    183.500      6.049   4.668790     2.5931     0.2293      6.016    25.3985    29.6936    18.4310    18.4266    4978.58    35.3036     5.8494     8.3593    109.985    261.232      8.116  0.000e+00
    183.750      6.037   4.668918     2.5924     0.2194      6.004    25.3982    29.6934    18.4321    18.4277    4978.59    35.3037     5.8472     8.3562    109.946    261.136      8.119  0.000e+00
    184.000      6.043   4.668854     2.5928     0.2392      6.010    25.3968    29.6919    18.4333    18.4289    4978.60    35.3022     5.8462     8.3549    109.930    261.093      8.116  0.000e+00
    184.250      6.037   4.668854     2.5942     0.2154      6.004    25.3963    29.6914    18.4338    18.4294    4978.60    35.3017     5.8497     8.3598    109.995    261.247      8.114  0.000e+00
    184.500      6.056   4.668790     2.5950     0.1936      6.022    25.3958    29.6909    18.4339    18.4295    4978.60    35.3011     5.8520     8.3630    110.038    261.349      8.118  0.000e+00
    184.750      6.062   4.668698     2.5952     0.1996      6.029    25.3950    29.6902    18.4341    18.4297    4978.60    35.3001     5.8522     8.3633    110.042    261.358      8.115  0.000e+00
    185.000      6.068   4.668606     2.5910     0.1976      6.035    25.3951    29.6903    18.4333    18.4289    4978.59    35.3000     5.8374     8.3422    109.762    260.698      8.118  0.000e+00
    185.250      6.081   4.668542     2.5892     0.2035      6.047    25.3952    29.6904    18.4328    18.4283    4978.59    35.3000     5.8288     8.3299    109.599    260.312      8.115  0.000e+00
    185.500      6.112   4.668698     2.5889     0.2512      6.078    25.3969    29.6921    18.4320    18.4275    4978.59    35.3020     5.8252     8.3248    109.531    260.153      8.116  0.000e+00
    185.750      6.137   4.671257     2.5872     0.2353      6.103    25.4136    29.7087    18.4319    18.4274    4978.67    35.3237     5.8166     8.3125    109.384    259.771      8.117  0.000e+00
    186.000      6.161   4.668323     2.5851     0.2194      6.128    25.3880    29.6831    18.4391    18.4347    4978.62    35.2926     5.8069     8.2987    109.197    259.338      8.116  0.000e+00
    186.250      6.186   4.669357     2.5850     0.2194      6.152    25.3942    29.6893    18.4396    18.4352    4978.66    35.3009     5.8035     8.2939    109.139    259.186      8.116  0.000e+00
    186.500      6.199   4.669542     2.5864     0.2135      6.164    25.3963    29.6914    18.4386    18.4342    4978.66    35.3033     5.8087     8.3013    109.236    259.419      8.112  0.000e+00
    186.750      6.205   4.669138     2.5880     0.1936      6.171    25.3927    29.6878    18.4397    18.4353    4978.65    35.2990     5.8176     8.3140    109.403    259.815      8.115  0.000e+00
    187.000      6.193   4.668982     2.5876     0.1837      6.158    25.3925    29.6875    18.4389    18.4345    4978.64    35.2984     5.8221     8.3203    109.484    260.013      8.119  0.000e+00
    187.250      6.180   4.668670     2.5889     0.1996      6.146    25.3920    29.6871    18.4372    18.4328    4978.62    35.2972     5.8296     8.3311    109.622    260.352      8.117  0.000e+00
    187.500      6.149   4.668542     2.5895     0.1976      6.116    25.3928    29.6879    18.4354    18.4310    4978.61    35.2976     5.8349     8.3387    109.718    260.587      8.118  0.000e+00
    187.750      6.106   4.668762     2.5909     0.1718      6.072    25.3960    29.6911    18.4335    18.4290    4978.60    35.3012     5.8427     8.3497    109.862    260.933      8.117  0.000e+00
    188.000      6.081   4.668790     2.5902     0.1599      6.048    25.3967    29.6919    18.4328    18.4284    4978.59    35.3020     5.8422     8.3491    109.853    260.912      8.114  0.000e+00
    188.250      6.056   4.669010     2.5882     0.1718      6.023    25.3980    29.6931    18.4330    18.4286    4978.60    35.3037     5.8339     8.3372    109.698    260.541      8.115  0.000e+00
    188.500      6.032   4.669258     2.5862     0.1619      5.998    25.3990    29.6941    18.4337    18.4293    4978.61    35.3052     5.8237     8.3226    109.508    260.084      8.116  0.000e+00
    188.750      6.025   4.669386     2.5856     0.2135      5.992    25.3982    29.6933    18.4355    18.4311    4978.63    35.3048     5.8179     8.3144    109.403    259.828      8.116  0.000e+00
    189.000      6.025   4.669322     2.5844     0.2293      5.992    25.3962    29.6913    18.4372    18.4328    4978.64    35.3028     5.8112     8.3048    109.279    259.528      8.117  0.000e+00
    189.250      6.038   4.669201     2.5844     0.2154      6.005    25.3946    29.6896    18.4382    18.4338    4978.64    35.3009     5.8083     8.3007    109.226    259.401      8.117  0.000e+00
    189.500      6.050   4.669010     2.5841     0.2234      6.017    25.3934    29.6885    18.4381    18.4337    4978.63    35.2993     5.8065     8.2980    109.190    259.317      8.115  0.000e+00
    189.750      6.075   4.668826     2.5842     0.2035      6.042    25.3926    29.6877    18.4377    18.4332    4978.62    35.2981     5.8070     8.2988    109.198    259.340      8.114  0.000e+00
    190.000      6.106   4.668727     2.5844     0.1996      6.072    25.3932    29.6883    18.4363    18.4319    4978.61    35.2984     5.8103     8.3035    109.258    259.489      8.117  0.000e+00
    190.250      6.131   4.668698     2.5866     0.2035      6.097    25.3944    29.6895    18.4348    18.4304    4978.61    35.2995     5.8211     8.3189    109.458    259.970      8.116  0.000e+00
    190.500      6.131   4.668826     2.5895     0.1877      6.097    25.3962    29.6914    18.4337    18.4292    4978.60    35.3016     5.8348     8.3385    109.715    260.582      8.116  0.000e+00
    190.750      6.143   4.669102     2.5905     0.1936      6.110    25.3983    29.6935    18.4333    18.4289    4978.61    35.3042     5.8420     8.3488    109.851    260.903      8.114  0.000e+00
    191.000      6.168   4.669357     2.5913     0.2095      6.134    25.3989    29.6940    18.4345    18.4300    4978.63    35.3054     5.8474     8.3566    109.957    261.146      8.118  0.000e+00
    191.250      6.181   4.669294     2.5905     0.1996      6.147    25.3969    29.6920    18.4362    18.4318    4978.64    35.3033     5.8459     8.3544    109.931    261.080      8.115  0.000e+00
    191.500      6.181   4.669386     2.5886     0.2075      6.147    25.3967    29.6918    18.4371    18.4327    4978.64    35.3033     5.8388     8.3442    109.799    260.761      8.115  0.000e+00
    191.750      6.162   4.669606     2.5874     0.1936      6.128    25.3975    29.6925    18.4378    18.4334    4978.66    35.3046     5.8317     8.3342    109.668    260.446      8.116  0.000e+00
    192.000      6.150   4.669542     2.5869     0.1718      6.116    25.3959    29.6910    18.4391    18.4347    4978.66    35.3030     5.8258     8.3256    109.558    260.180      8.113  0.000e+00
    192.250      6.131   4.670010     2.5870     0.1718      6.097    25.3982    29.6932    18.4400    18.4355    4978.68    35.3062     5.8212     8.3191    109.476    259.975      8.114  0.000e+00
    192.500      6.113   4.669981     2.5883     0.1599      6.079    25.3965    29.6915    18.4416    18.4372    4978.69    35.3046     5.8225     8.3210    109.503    260.034      8.114  0.000e+00
    192.750      6.069   4.669882     2.5890     0.1659      6.036    25.3941    29.6891    18.4435    18.4391    4978.69    35.3021     5.8251     8.3247    109.554    260.150      8.116  0.000e+00
    193.000      6.063   4.670073     2.5877     0.1837      6.030    25.3950    29.6899    18.4440    18.4396    4978.70    35.3033     5.8221     8.3203    109.498    260.013      8.116  0.000e+00
    193.250      6.032   4.669917     2.5881     0.1976      5.999    25.3936    29.6885    18.4444    18.4400    4978.70    35.3016     5.8253     8.3249    109.558    260.157      8.116  0.000e+00
    193.500      6.020   4.670038     2.5883     0.1916      5.987    25.3942    29.6891    18.4446    18.4402    4978.70    35.3025     5.8278     8.3285    109.607    260.270      8.117  0.000e+00
    193.750      6.013   4.669946     2.5867     0.2035      5.980    25.3931    29.6880    18.4451    18.4407    4978.70    35.3012     5.8233     8.3220    109.521    260.067      8.114  0.000e+00
    194.000      6.001   4.670102     2.5873     0.1817      5.968    25.3937    29.6886    18.4456    18.4412    4978.71    35.3022     5.8244     8.3236    109.544    260.117      8.117  0.000e+00
    194.250      6.014   4.670165     2.5900     0.2551      5.980    25.3941    29.6890    18.4456    18.4412    4978.71    35.3027     5.8329     8.3357    109.704    260.495      8.114  0.000e+00
    194.500      6.045   4.670229     2.5896     0.2730      6.011    25.3944    29.6893    18.4458    18.4413    4978.72    35.3031     5.8319     8.3344    109.687    260.454      8.115  0.000e+00
    194.750      6.063   4.671037     2.5910     0.2571      6.030    25.3990    29.6939    18.4464    18.4420    4978.75    35.3094     5.8373     8.3421    109.794    260.695      8.117  0.000e+00
    195.000      6.113   4.670385     2.5907     0.2611      6.079    25.3922    29.6871    18.4492    18.4448    4978.75    35.3014     5.8382     8.3434    109.811    260.735      8.114  0.000e+00
    195.250      6.156   4.670009     2.5889     0.1500      6.122    25.3880    29.6828    18.4512    18.4468    4978.75    35.2965     5.8323     8.3350    109.701    260.471      8.115  0.000e+00
    195.500      6.187   4.671413     2.5865     0.1659      6.153    25.3991    29.6939    18.4490    18.4445    4978.78    35.3103     5.8227     8.3212    109.525    260.042      8.115  0.000e+00
    195.750      6.212   4.669726     2.5858     0.1718      6.178    25.3871    29.6820    18.4501    18.4457    4978.74    35.2950     5.8186     8.3154    109.440    259.859      8.114  0.000e+00
    196.000      6.249   4.668386     2.5861     0.1559      6.215    25.3781    29.6730    18.4505    18.4461    4978.70    35.2833     5.8166     8.3125    109.395    259.768      8.115  0.000e+00
    196.250      6.262   4.668826     2.5866     0.1718      6.227    25.3863    29.6813    18.4445    18.4401    4978.68    35.2922     5.8160     8.3116    109.377    259.742      8.116  0.000e+00
    196.500      6.243   4.668542     2.5880     0.1718      6.209    25.3894    29.6845    18.4391    18.4347    4978.63    35.2945     5.8219     8.3200    109.478    260.005      8.116  0.000e+00
    196.750      6.225   4.668698     2.5883     0.1500      6.190    25.3936    29.6887    18.4356    18.4312    4978.62    35.2988     5.8244     8.3237    109.522    260.119      8.116  0.000e+00
    197.000      6.187   4.668890     2.5868     0.1659      6.153    25.3962    29.6914    18.4341    18.4297    4978.61    35.3017     5.8220     8.3202    109.475    260.009      8.115  0.000e+00
    197.250      6.144   4.668571     2.5877     0.1500      6.110    25.3947    29.6899    18.4335    18.4290    4978.59    35.2996     5.8276     8.3282    109.578    260.261      8.114  0.000e+00
    197.500      6.107   4.668514     2.5892     0.1301      6.073    25.3948    29.6899    18.4330    18.4286    4978.59    35.2995     5.8349     8.3387    109.715    260.589      8.117  0.000e+00
    197.750      6.070   4.669478     2.5903     0.1341      6.037    25.4021    29.6972    18.4319    18.4274    4978.61    35.3087     5.8393     8.3449    109.800    260.783      8.116  0.000e+00
    198.000      6.027   4.669981     2.5907     0.1182      5.993    25.4034    29.6985    18.4340    18.4296    4978.64    35.3111     5.8405     8.3467    109.829    260.837      8.118  0.000e+00
    198.250      5.996   4.670293     2.5918     0.1341      5.963    25.4019    29.6969    18.4379    18.4335    4978.67    35.3104     5.8440     8.3517    109.903    260.993      8.118  0.000e+00
    198.500      5.996   4.670258     2.5923     0.2194      5.963    25.3980    29.6930    18.4419    18.4375    4978.69    35.3066     5.8454     8.3536    109.934    261.055      8.115  0.000e+00
    198.750      5.977   4.670321     2.5933     0.2353      5.945    25.3958    29.6907    18.4449    18.4404    4978.71    35.3047     5.8493     8.3592    110.013    261.230      8.116  0.000e+00
    199.000      5.990   4.670321     2.5945     0.2313      5.957    25.3942    29.6891    18.4467    18.4422    4978.72    35.3031     5.8542     8.3663    110.108    261.449      8.116  0.000e+00
    199.250      5.990   4.669853     2.5963     0.2254      5.957    25.3904    29.6853    18.4475    18.4430    4978.71    35.2985     5.8597     8.3741    110.209    261.693      8.114  0.000e+00
    199.500      6.027   4.670449     2.5965     0.1659      5.994    25.3949    29.6898    18.4467    18.4423    4978.73    35.3041     5.8600     8.3745    110.217    261.705      8.113  0.000e+00
    199.750      6.077   4.670945     2.5953     0.1619      6.043    25.3983    29.6932    18.4466    18.4421    4978.75    35.3085     5.8553     8.3678    110.132    261.499      8.117  0.000e+00
    200.000      6.138   4.668542     2.5949     0.1559      6.105    25.3827    29.6778    18.4465    18.4421    4978.67    35.2881     5.8530     8.3646    110.076    261.397      8.117  0.000e+00
    200.250      6.188   4.667826     2.5944     0.1619      6.154    25.3816    29.6767    18.4426    18.4381    4978.63    35.2854     5.8495     8.3596    110.000    261.240      8.117  0.000e+00
    200.500      6.232   4.667387     2.5965     0.1976      6.197    25.3850    29.6802    18.4357    18.4313    4978.58    35.2876     5.8556     8.3683    110.102    261.513      8.118  0.000e+00
    200.750      6.256   4.667359     2.5953     0.1778      6.222    25.3908    29.6861    18.4291    18.4247    4978.53    35.2930     5.8511     8.3618    110.006    261.309      8.119  0.000e+00
