cruises/baja2025/cnv/20250506_cast3.cnv
* Sea-Bird SBE19plus Data File:
* FileName = C:\Users\ScienceTech\OneDrive - Western Flyer Foundation\Desktop\ProfilingCTD\data\2025\Gulf of California\Leg 3\raw data\20250506_PP200_cast1.hex
* Software Version 1.59
* Temperature SN =  8289
* Conductivity SN =  8289
* System UpLoad Time = May 07 2025 18:17:40
** "PP200"
** 27-30.51'N
** 112-18.93'W
** Depth 290m at start, 275m at finish
# nquan = 18
# nvalues = 4962                                  
# units = specified
# name 0 = timeS: Time, Elapsed [seconds]
# name 1 = prdM: Pressure, Strain Gauge [db]
# name 2 = c0S/m: Conductivity [S/m]
# name 3 = sbeox0V: Oxygen raw, SBE 43 [V]
# name 4 = flECO-AFL: Fluorescence, WET Labs ECO-AFL/FL [mg/m^3]
# name 5 = depSM: Depth [salt water, m], lat = 0.00
# name 6 = sigma-t00: Density [sigma-t, kg/m^3 ]
# name 7 = sigma-100: Density [sigma-1, kg/m^3 ]
# name 8 = tv268C: Temperature [IPTS-68, deg C]
# name 9 = tv290C: Temperature [ITS-90, deg C]
# name 10 = svCF: Sound Velocity [Chen-Millero, ft/s]
# name 11 = sal00: Salinity, Practical [PSU]
# name 12 = sbeox0ML/L: Oxygen, SBE 43 [ml/l]
# name 13 = sbeox0Mg/L: Oxygen, SBE 43 [mg/l]
# name 14 = sbeox0PS: Oxygen, SBE 43 [% saturation]
# name 15 = sbeox0Mm/L: Oxygen, SBE 43 [umol/l]
# name 16 = ph: pH
# name 17 = flag:  0.000e+00
# span 0 =      0.000,   1240.250                 
# span 1 =     -0.135,    280.010                 
# span 2 =  -0.140182,   4.932350                 
# span 3 =     1.0817,     2.9084                 
# span 4 =    -0.1694,   128.6900                 
# span 5 =     -0.134,    278.283                 
# span 6 =    -1.4547,    26.4310                 
# span 7 =     3.0772,    30.8434                 
# span 8 =    12.4873,    20.9398                 
# span 9 =    12.4843,    20.9348                 
# span 10 =    4845.60,    5001.43                
# span 11 =     0.0000,    36.2280                
# span 12 =     1.8401,     7.1441                
# span 13 =     2.6297,    10.2096                
# span 14 =     30.700,    135.685                
# span 15 =     82.179,    319.055                
# span 16 =      7.763,      8.195                
# span 17 = 0.0000e+00, 0.0000e+00                
# interval = seconds: 0.25
# start_time = May 06 2025 14:22:41 [Instrument's time stamp, header]
# bad_flag = -9.990e-29
*END*
[from data line 3860]
    965.000    153.444   4.131592     1.2003    -0.0702    152.545    26.3071    30.6994    13.3239    13.3207    4933.59    34.9731     2.1620     3.0897     36.710     96.556      7.794  0.000e+00
    965.250    153.283   4.131538     1.1996    -0.0543    152.384    26.3064    30.6987    13.3243    13.3211    4933.59    34.9723     2.1596     3.0863     36.669     96.447      7.795  0.000e+00
    965.500    153.122   4.131511     1.1987    -0.0920    152.224    26.3061    30.6985    13.3244    13.3212    4933.58    34.9720     2.1567     3.0822     36.620     96.319      7.793  0.000e+00
    965.750    152.961   4.131511     1.1984    -0.0682    152.064    26.3062    30.6985    13.3244    13.3212    4933.57    34.9720     2.1547     3.0792     36.586     96.228      7.794  0.000e+00
    966.000    152.812   4.131538     1.1987    -0.0623    151.916    26.3065    30.6988    13.3243    13.3211    4933.56    34.9724     2.1560     3.0811     36.608     96.286      7.796  0.000e+00
    966.250    152.651   4.131565     1.1990    -0.0762    151.756    26.3070    30.6993    13.3241    13.3209    4933.55    34.9729     2.1566     3.0820     36.618     96.314      7.795  0.000e+00
    966.500    152.521   4.131565     1.1987    -0.0722    151.627    26.3067    30.6990    13.3244    13.3212    4933.55    34.9727     2.1562     3.0814     36.612     96.297      7.794  0.000e+00
    966.750    152.403   4.131538     1.1980    -0.0762    151.510    26.3064    30.6987    13.3246    13.3214    4933.54    34.9723     2.1526     3.0763     36.551     96.135      7.794  0.000e+00
    967.000    152.279   4.131565     1.2001    -0.0603    151.387    26.3065    30.6988    13.3247    13.3215    4933.54    34.9725     2.1620     3.0898     36.711     96.557      7.792  0.000e+00
    967.250    152.180   4.131592     1.1988    -0.0623    151.288    26.3066    30.6989    13.3249    13.3217    4933.54    34.9727     2.1592     3.0857     36.662     96.428      7.794  0.000e+00
    967.500    152.081   4.131592     1.2003    -0.0801    151.190    26.3065    30.6988    13.3250    13.3218    4933.53    34.9726     2.1662     3.0957     36.781     96.741      7.796  0.000e+00
    967.750    151.976   4.131565     1.2010    -0.0682    151.085    26.3063    30.6986    13.3250    13.3218    4933.52    34.9724     2.1705     3.1018     36.854     96.933      7.797  0.000e+00
    968.000    151.858   4.131565     1.2013    -0.0563    150.968    26.3062    30.6984    13.3252    13.3220    4933.52    34.9722     2.1725     3.1047     36.889     97.023      7.794  0.000e+00
    968.250    151.734   4.131565     1.2013    -0.0702    150.845    26.3062    30.6985    13.3252    13.3220    4933.51    34.9723     2.1729     3.1053     36.896     97.043      7.797  0.000e+00
    968.500    151.591   4.131511     1.2010    -0.0543    150.703    26.3059    30.6981    13.3252    13.3220    4933.50    34.9718     2.1723     3.1044     36.885     97.014      7.794  0.000e+00
    968.750    151.437   4.131477     1.2008    -0.0623    150.549    26.3057    30.6980    13.3252    13.3220    4933.49    34.9717     2.1705     3.1019     36.856     96.936      7.796  0.000e+00
    969.000    151.294   4.131484     1.2000    -0.0643    150.408    26.3060    30.6983    13.3249    13.3217    4933.49    34.9720     2.1647     3.0936     36.757     96.677      7.796  0.000e+00
    969.250    151.120   4.131450     1.2004    -0.0702    150.235    26.3061    30.6983    13.3247    13.3215    4933.47    34.9719     2.1653     3.0944     36.766     96.702      7.796  0.000e+00
    969.500    150.959   4.131618     1.1998    -0.0861    150.075    26.3074    30.6997    13.3246    13.3214    4933.47    34.9737     2.1602     3.0871     36.680     96.474      7.795  0.000e+00
    969.750    150.773   4.131874     1.1997    -0.0702    149.890    26.3089    30.7011    13.3252    13.3220    4933.47    34.9757     2.1580     3.0840     36.644     96.377      7.796  0.000e+00
    970.000    150.606   4.132157     1.1995    -0.0781    149.724    26.3098    30.7020    13.3264    13.3232    4933.48    34.9773     2.1568     3.0823     36.625     96.323      7.794  0.000e+00
    970.250    150.427   4.132265     1.1999    -0.0563    149.546    26.3089    30.7010    13.3284    13.3252    4933.49    34.9766     2.1585     3.0847     36.655     96.400      7.794  0.000e+00
    970.500    150.253   4.132352     1.1994    -0.0623    149.373    26.3079    30.7000    13.3303    13.3271    4933.50    34.9757     2.1570     3.0826     36.631     96.332      7.795  0.000e+00
    970.750    150.092   4.132433     1.1994    -0.0643    149.213    26.3070    30.6991    13.3319    13.3287    4933.51    34.9751     2.1578     3.0837     36.645     96.366      7.796  0.000e+00
    971.000    149.925   4.132406     1.1987    -0.0623    149.047    26.3060    30.6980    13.3329    13.3297    4933.50    34.9740     2.1552     3.0800     36.601     96.250      7.795  0.000e+00
    971.250    149.782   4.132460     1.1987    -0.0781    148.905    26.3056    30.6977    13.3337    13.3305    4933.51    34.9738     2.1549     3.0796     36.597     96.239      7.793  0.000e+00
    971.500    149.646   4.132494     1.2003    -0.0762    148.770    26.3055    30.6975    13.3342    13.3310    4933.50    34.9737     2.1618     3.0894     36.715     96.546      7.795  0.000e+00
    971.750    149.491   4.132521     1.1994    -0.0722    148.616    26.3052    30.6972    13.3348    13.3316    4933.50    34.9734     2.1594     3.0860     36.674     96.439      7.795  0.000e+00
    972.000    149.355   4.132601     1.2010    -0.0623    148.481    26.3057    30.6977    13.3350    13.3318    4933.50    34.9741     2.1665     3.0961     36.795     96.756      7.795  0.000e+00
    972.250    149.218   4.132689     1.2013    -0.0563    148.345    26.3057    30.6976    13.3357    13.3325    4933.50    34.9743     2.1688     3.0994     36.835     96.859      7.795  0.000e+00
    972.500    149.082   4.132770     1.2008    -0.0623    148.210    26.3056    30.6976    13.3365    13.3333    4933.50    34.9745     2.1684     3.0989     36.829     96.843      7.797  0.000e+00
    972.750    148.940   4.132911     1.2004    -0.0702    148.068    26.3059    30.6979    13.3373    13.3341    4933.50    34.9751     2.1670     3.0968     36.805     96.778      7.794  0.000e+00
    973.000    148.797   4.133275     1.2010    -0.0643    147.926    26.3077    30.6996    13.3383    13.3351    4933.52    34.9777     2.1692     3.0999     36.843     96.875      7.795  0.000e+00
    973.250    148.673   4.133444     1.2006    -0.0702    147.803    26.3074    30.6992    13.3401    13.3369    4933.53    34.9777     2.1660     3.0954     36.791     96.733      7.797  0.000e+00
    973.500    148.549   4.133585     1.2019    -0.0702    147.680    26.3064    30.6982    13.3424    13.3392    4933.54    34.9770     2.1694     3.1003     36.850     96.886      7.797  0.000e+00
    973.750    148.413   4.133666     1.2014    -0.0722    147.545    26.3054    30.6972    13.3442    13.3410    4933.55    34.9762     2.1679     3.0981     36.826     96.818      7.795  0.000e+00
    974.000    148.295   4.133895     1.2015    -0.0682    147.428    26.3056    30.6974    13.3457    13.3425    4933.57    34.9770     2.1668     3.0965     36.808     96.768      7.792  0.000e+00
    974.250    148.165   4.134117     1.2014    -0.0563    147.298    26.3058    30.6975    13.3474    13.3442    4933.58    34.9776     2.1667     3.0964     36.808     96.763      7.794  0.000e+00
    974.500    148.010   4.134171     1.2017    -0.0702    147.144    26.3045    30.6961    13.3493    13.3461    4933.59    34.9764     2.1683     3.0987     36.836     96.835      7.795  0.000e+00
    974.750    147.862   4.134171     1.2008    -0.0841    146.997    26.3030    30.6946    13.3510    13.3478    4933.59    34.9749     2.1643     3.0930     36.770     96.658      7.798  0.000e+00
    975.000    147.719   4.134171     1.2009    -0.0722    146.855    26.3024    30.6940    13.3518    13.3485    4933.59    34.9743     2.1631     3.0913     36.750     96.606      7.796  0.000e+00
    975.250    147.570   4.134313     1.2004    -0.0682    146.707    26.3029    30.6945    13.3524    13.3491    4933.59    34.9751     2.1604     3.0875     36.705     96.485      7.794  0.000e+00
    975.500    147.434   4.134454     1.2007    -0.0543    146.572    26.3033    30.6949    13.3530    13.3498    4933.60    34.9759     2.1598     3.0865     36.694     96.455      7.795  0.000e+00
    975.750    147.304   4.134737     1.2007    -0.0682    146.442    26.3044    30.6960    13.3542    13.3510    4933.61    34.9776     2.1600     3.0868     36.699     96.465      7.795  0.000e+00
    976.000    147.180   4.134906     1.2003    -0.0643    146.319    26.3041    30.6956    13.3559    13.3527    4933.62    34.9777     2.1586     3.0849     36.678     96.404      7.794  0.000e+00
    976.250    147.069   4.135297     1.2007    -0.0603    146.208    26.3054    30.6968    13.3577    13.3545    4933.64    34.9798     2.1602     3.0872     36.707     96.476      7.797  0.000e+00
    976.500    146.938   4.135465     1.2016    -0.0623    146.079    26.3043    30.6957    13.3602    13.3570    4933.66    34.9791     2.1643     3.0930     36.777     96.657      7.796  0.000e+00
    976.750    146.814   4.135607     1.2004    -0.0702    145.956    26.3030    30.6944    13.3628    13.3596    4933.68    34.9781     2.1611     3.0884     36.725     96.515      7.797  0.000e+00
    977.000    146.659   4.135607     1.2006    -0.0543    145.802    26.3013    30.6926    13.3648    13.3615    4933.68    34.9764     2.1615     3.0889     36.732     96.530      7.797  0.000e+00
    977.250    146.511   4.135829     1.2003    -0.0464    145.654    26.3018    30.6931    13.3660    13.3628    4933.69    34.9774     2.1602     3.0871     36.711     96.472      7.794  0.000e+00
    977.500    146.362   4.136193     1.1990    -0.0702    145.506    26.3033    30.6945    13.3674    13.3642    4933.71    34.9796     2.1538     3.0781     36.605     96.190      7.797  0.000e+00
    977.750    146.189   4.136894     1.1987    -0.0702    145.334    26.3065    30.6977    13.3696    13.3664    4933.74    34.9843     2.1513     3.0745     36.565     96.078      7.795  0.000e+00
    978.000    146.046   4.137319     1.1992    -0.0702    145.192    26.3061    30.6972    13.3735    13.3703    4933.78    34.9848     2.1520     3.0754     36.580     96.108      7.794  0.000e+00
    978.250    145.897   4.137487     1.2000    -0.0682    145.045    26.3031    30.6941    13.3781    13.3749    4933.81    34.9822     2.1544     3.0789     36.624     96.216      7.795  0.000e+00
    978.500    145.761   4.138445     1.1999    -0.0702    144.909    26.3067    30.6977    13.3818    13.3786    4933.86    34.9879     2.1546     3.0791     36.631     96.225      7.796  0.000e+00
    978.750    145.637   4.138782     1.1987    -0.0801    144.786    26.3049    30.6957    13.3866    13.3834    4933.90    34.9868     2.1512     3.0743     36.576     96.072      7.795  0.000e+00
    979.000    145.513   4.139031     1.1988    -0.0623    144.663    26.3019    30.6926    13.3919    13.3887    4933.94    34.9843     2.1516     3.0748     36.587     96.090      7.794  0.000e+00
    979.250    145.389   4.138977     1.2004    -0.0643    144.540    26.2977    30.6884    13.3961    13.3929    4933.97    34.9800     2.1590     3.0855     36.715     96.423      7.796  0.000e+00
    979.500    145.272   4.139031     1.2010    -0.0563    144.423    26.2958    30.6864    13.3987    13.3955    4933.98    34.9782     2.1633     3.0916     36.789     96.613      7.793  0.000e+00
    979.750    145.154   4.139537     1.1998    -0.0801    144.306    26.2983    30.6889    13.4000    13.3967    4934.00    34.9818     2.1591     3.0855     36.719     96.424      7.794  0.000e+00
    980.000    144.993   4.140272     1.2013    -0.0801    144.146    26.3015    30.6920    13.4024    13.3992    4934.04    34.9866     2.1644     3.0932     36.813     96.664      7.793  0.000e+00
    980.250    144.850   4.140407     1.2007    -0.0702    144.004    26.2985    30.6890    13.4068    13.4036    4934.07    34.9839     2.1622     3.0900     36.778     96.565      7.794  0.000e+00
    980.500    144.671   4.140919     1.2011    -0.0682    143.825    26.2988    30.6891    13.4107    13.4075    4934.10    34.9852     2.1641     3.0928     36.814     96.651      7.796  0.000e+00
    980.750    144.491   4.141337     1.2015    -0.0702    143.647    26.2984    30.6887    13.4145    13.4113    4934.14    34.9858     2.1661     3.0956     36.850     96.738      7.797  0.000e+00
    981.000    144.305   4.141702     1.2015    -0.0623    143.462    26.2973    30.6875    13.4187    13.4155    4934.17    34.9854     2.1648     3.0937     36.831     96.679      7.796  0.000e+00
    981.250    144.144   4.142632     1.2022    -0.0543    143.302    26.3005    30.6906    13.4227    13.4195    4934.23    34.9906     2.1658     3.0952     36.853     96.725      7.795  0.000e+00
    981.500    143.971   4.144096     1.2021    -0.0682    143.130    26.3061    30.6960    13.4283    13.4251    4934.31    34.9994     2.1654     3.0946     36.852     96.706      7.795  0.000e+00
    981.750    143.816   4.144380     1.2021    -0.0543    142.976    26.2996    30.6894    13.4377    13.4345    4934.38    34.9935     2.1655     3.0947     36.859     96.710      7.795  0.000e+00
    982.000    143.679   4.144575     1.2010    -0.0762    142.840    26.2942    30.6839    13.4452    13.4420    4934.44    34.9885     2.1590     3.0854     36.753     96.421      7.795  0.000e+00
    982.250    143.549   4.144994     1.2027    -0.0702    142.711    26.2923    30.6818    13.4507    13.4475    4934.48    34.9875     2.1654     3.0946     36.866     96.707      7.795  0.000e+00
    982.500    143.419   4.144993     1.2024    -0.0722    142.582    26.2885    30.6779    13.4550    13.4517    4934.51    34.9836     2.1638     3.0923     36.842     96.636      7.794  0.000e+00
    982.750    143.283   4.144872     1.2024    -0.0781    142.446    26.2852    30.6747    13.4576    13.4544    4934.52    34.9801     2.1633     3.0916     36.835     96.615      7.794  0.000e+00
    983.000    143.140   4.146147     1.2030    -0.0623    142.305    26.2933    30.6827    13.4590    13.4557    4934.56    34.9910     2.1655     3.0947     36.875     96.711      7.793  0.000e+00
    983.250    142.961   4.146147     1.2034    -0.0702    142.126    26.2895    30.6788    13.4632    13.4599    4934.59    34.9872     2.1670     3.0968     36.902     96.776      7.796  0.000e+00
    983.500    142.775   4.146147     1.2038    -0.0841    141.941    26.2855    30.6747    13.4676    13.4644    4934.61    34.9832     2.1692     3.1000     36.943     96.876      7.795  0.000e+00
    983.750    142.576   4.146457     1.2042    -0.0543    141.744    26.2857    30.6749    13.4700    13.4667    4934.63    34.9840     2.1717     3.1035     36.987     96.987      7.796  0.000e+00
    984.000    142.384   4.146741     1.2045    -0.0623    141.553    26.2859    30.6750    13.4721    13.4688    4934.64    34.9849     2.1731     3.1056     37.013     97.051      7.797  0.000e+00
    984.250    142.198   4.146936     1.2046    -0.0702    141.369    26.2851    30.6742    13.4746    13.4713    4934.66    34.9845     2.1724     3.1045     37.002     97.018      7.795  0.000e+00
    984.500    142.031   4.146828     1.2053    -0.0702    141.202    26.2823    30.6713    13.4768    13.4736    4934.66    34.9815     2.1754     3.1089     37.055     97.155      7.795  0.000e+00
