cruises/baja2025/cnv/20250424_cast1.cnv
* Sea-Bird SBE19plus Data File:
* FileName = C:\Users\ScienceTech\OneDrive - Western Flyer Foundation\Desktop\ProfilingCTD\data\20250424_SantaCatalina_cast12.hex
* Software Version 1.59
* Temperature SN =  8289
* Conductivity SN =  8289
* System UpLoad Time = Apr 24 2025 09:02:33
** Seamount south of Isla Santa Catlalina
** 4/24/2025 0520 UTC
** 25 30.497'N
** 110 47.192'W
** ~320 m water depth
# nquan = 18
# nvalues = 5903                                  
# units = specified
# name 0 = timeS: Time, Elapsed [seconds]
# name 1 = prdM: Pressure, Strain Gauge [db]
# name 2 = c0S/m: Conductivity [S/m]
# name 3 = sbeox0V: Oxygen raw, SBE 43 [V]
# name 4 = flECO-AFL: Fluorescence, WET Labs ECO-AFL/FL [mg/m^3]
# name 5 = depSM: Depth [salt water, m], lat = 0.00
# name 6 = sigma-t00: Density [sigma-t, kg/m^3 ]
# name 7 = sigma-100: Density [sigma-1, kg/m^3 ]
# name 8 = tv268C: Temperature [IPTS-68, deg C]
# name 9 = tv290C: Temperature [ITS-90, deg C]
# name 10 = svCF: Sound Velocity [Chen-Millero, ft/s]
# name 11 = sal00: Salinity, Practical [PSU]
# name 12 = sbeox0ML/L: Oxygen, SBE 43 [ml/l]
# name 13 = sbeox0Mg/L: Oxygen, SBE 43 [mg/l]
# name 14 = sbeox0PS: Oxygen, SBE 43 [% saturation]
# name 15 = sbeox0Mm/L: Oxygen, SBE 43 [umol/l]
# name 16 = ph: pH
# name 17 = flag:  0.000e+00
# span 0 =      0.000,   1475.500                 
# span 1 =     -0.155,    313.698                 
# span 2 =  -0.000021,   5.102545                 
# span 3 =     0.5420,     3.1474                 
# span 4 =    -0.1337,   128.7079                 
# span 5 =     -0.154,    311.738                 
# span 6 =    -2.4487,    26.6345                 
# span 7 =     1.9973,    31.0896                 
# span 8 =    10.4399,    22.9574                 
# span 9 =    10.4374,    22.9519                 
# span 10 =    4877.79,    5015.09                
# span 11 =     0.0000,    35.5932                
# span 12 =     0.0429,     7.9287                
# span 13 =     0.0614,    11.3309                
# span 14 =      0.685,    141.643                
# span 15 =      1.917,    354.096                
# span 16 =      7.350,      8.164                
# span 17 = 0.0000e+00, 0.0000e+00                
# interval = seconds: 0.25
# start_time = Apr 23 2025 22:18:59 [Instrument's time stamp, header]
# bad_flag = -9.990e-29
*END*
[from data line 1287]
    321.750      5.116   5.097565     3.1084     1.8083      5.088    24.5120    28.7461    22.3490    22.3436    5014.47    35.5148     6.7177     9.6003    135.809    300.012      8.156  0.000e+00
    322.000      5.104   5.097764     3.1098     1.8044      5.075    24.5134    28.7474    22.3488    22.3434    5014.48    35.5165     6.7203     9.6040    135.863    300.128      8.158  0.000e+00
    322.250      5.116   5.097963     3.1100     1.8183      5.088    24.5147    28.7487    22.3487    22.3433    5014.48    35.5181     6.7227     9.6074    135.912    300.235      8.154  0.000e+00
    322.500      5.141   5.097963     3.1085     1.1140      5.113    24.5137    28.7478    22.3497    22.3443    5014.49    35.5173     6.7221     9.6065    135.901    300.208      8.156  0.000e+00
    322.750      5.153   5.098397     3.1071     1.1260      5.125    24.5157    28.7497    22.3504    22.3451    5014.51    35.5201     6.7225     9.6071    135.914    300.226      8.157  0.000e+00
    323.000      5.178   5.098867     3.1085     1.1200      5.149    24.5167    28.7507    22.3524    22.3470    5014.53    35.5222     6.7298     9.6176    136.068    300.553      8.156  0.000e+00
    323.250      5.203   5.099198     3.1075     1.1140      5.174    24.5160    28.7499    22.3553    22.3499    5014.56    35.5224     6.7289     9.6163    136.057    300.513      8.157  0.000e+00
    323.500      5.234   5.099066     3.1111     1.6040      5.205    24.5122    28.7461    22.3587    22.3533    5014.58    35.5186     6.7401     9.6323    136.289    301.014      8.157  0.000e+00
    323.750      5.240   5.098161     3.1134     1.6120      5.211    24.5049    28.7389    22.3607    22.3553    5014.56    35.5098     6.7487     9.6445    136.459    301.395      8.155  0.000e+00
    324.000      5.265   5.097999     3.1099     1.6199      5.236    24.5056    28.7396    22.3589    22.3535    5014.55    35.5100     6.7394     9.6313    136.268    300.981      8.158  0.000e+00
    324.250      5.246   5.097698     3.1080     1.6159      5.217    24.5064    28.7404    22.3560    22.3507    5014.52    35.5100     6.7341     9.6237    136.154    300.745      8.159  0.000e+00
    324.500      5.240   5.097963     3.1097     1.6179      5.211    24.5107    28.7447    22.3531    22.3477    5014.51    35.5145     6.7393     9.6312    136.256    300.979      8.158  0.000e+00
    324.750      5.209   5.098433     3.1080     1.7330      5.180    24.5145    28.7485    22.3519    22.3466    5014.52    35.5191     6.7336     9.6231    136.142    300.725      8.158  0.000e+00
    325.000      5.172   5.098235     3.1071     1.7548      5.144    24.5122    28.7462    22.3532    22.3478    5014.52    35.5166     6.7285     9.6158    136.040    300.497      8.157  0.000e+00
    325.250      5.122   5.098066     3.1083     1.7449      5.094    24.5105    28.7445    22.3540    22.3486    5014.52    35.5146     6.7307     9.6188    136.083    300.591      8.155  0.000e+00
    325.500      5.098   5.098132     3.1097     1.7647      5.070    24.5112    28.7451    22.3537    22.3483    5014.51    35.5154     6.7333     9.6226    136.137    300.711      8.157  0.000e+00
    325.750      5.091   5.098198     3.1106     1.1398      5.063    24.5117    28.7457    22.3535    22.3481    5014.51    35.5161     6.7375     9.6285    136.220    300.895      8.156  0.000e+00
    326.000      5.092   5.098029     3.1100     1.1597      5.064    24.5107    28.7447    22.3535    22.3481    5014.51    35.5147     6.7392     9.6310    136.255    300.972      8.159  0.000e+00
    326.250      5.110   5.097970     3.1098     1.1398      5.082    24.5106    28.7447    22.3532    22.3478    5014.51    35.5145     6.7397     9.6317    136.264    300.995      8.159  0.000e+00
    326.500      5.141   5.097933     3.1126     1.1517      5.113    24.5110    28.7450    22.3526    22.3472    5014.50    35.5147     6.7484     9.6442    136.439    301.385      8.158  0.000e+00
    326.750      5.184   5.098146     3.1126     1.0069      5.156    24.5125    28.7465    22.3523    22.3469    5014.51    35.5166     6.7502     9.6467    136.476    301.465      8.157  0.000e+00
    327.000      5.203   5.097963     3.1140     0.9811      5.174    24.5114    28.7454    22.3523    22.3469    5014.51    35.5152     6.7549     9.6534    136.569    301.672      8.156  0.000e+00
    327.250      5.252   5.097793     3.1142     0.9930      5.223    24.5103    28.7443    22.3524    22.3470    5014.51    35.5137     6.7552     9.6539    136.575    301.688      8.158  0.000e+00
    327.500      5.265   5.097661     3.1155     0.9831      5.236    24.5105    28.7446    22.3512    22.3459    5014.50    35.5136     6.7588     9.6589    136.644    301.846      8.156  0.000e+00
    327.750      5.265   5.097345     3.1175     1.0069      5.236    24.5094    28.7434    22.3504    22.3451    5014.48    35.5118     6.7656     9.6687    136.778    302.151      8.159  0.000e+00
    328.000      5.252   5.097264     3.1152     0.9196      5.223    24.5105    28.7446    22.3487    22.3433    5014.47    35.5126     6.7591     9.6595    136.644    301.863      8.155  0.000e+00
    328.250      5.228   5.097396     3.1130     0.9316      5.199    24.5126    28.7467    22.3472    22.3418    5014.46    35.5149     6.7510     9.6479    136.479    301.501      8.156  0.000e+00
    328.500      5.184   5.097529     3.1115     0.9375      5.156    24.5140    28.7481    22.3465    22.3412    5014.46    35.5164     6.7430     9.6365    136.317    301.143      8.157  0.000e+00
    328.750      5.153   5.097867     3.1094     0.9375      5.125    24.5159    28.7500    22.3466    22.3413    5014.47    35.5190     6.7341     9.6237    136.138    300.744      8.158  0.000e+00
    329.000      5.110   5.097963     3.1100     1.5941      5.082    24.5152    28.7493    22.3481    22.3427    5014.48    35.5186     6.7325     9.6215    136.110    300.676      8.157  0.000e+00
    329.250      5.098   5.097867     3.1075     1.5941      5.069    24.5132    28.7472    22.3497    22.3443    5014.48    35.5165     6.7230     9.6079    135.920    300.251      8.158  0.000e+00
    329.500      5.079   5.097764     3.1053     1.5901      5.051    24.5120    28.7461    22.3503    22.3450    5014.48    35.5152     6.7145     9.5957    135.749    299.871      8.153  0.000e+00
    329.750      5.104   5.096926     3.1049     1.5941      5.076    24.5070    28.7411    22.3503    22.3450    5014.46    35.5087     6.7128     9.5932    135.708    299.792      8.158  0.000e+00
    330.000      5.122   5.097102     3.1076     1.2608      5.094    24.5107    28.7448    22.3474    22.3420    5014.45    35.5125     6.7232     9.6081    135.915    300.259      8.156  0.000e+00
    330.250      5.166   5.097065     3.1113     1.2787      5.137    24.5124    28.7466    22.3452    22.3399    5014.44    35.5139     6.7380     9.6293    136.210    300.919      8.159  0.000e+00
    330.500      5.197   5.097168     3.1154     1.2668      5.168    24.5141    28.7482    22.3441    22.3387    5014.44    35.5156     6.7551     9.6538    136.555    301.685      8.157  0.000e+00
    330.750      5.221   5.097264     3.1163     1.2608      5.193    24.5149    28.7490    22.3438    22.3384    5014.44    35.5166     6.7630     9.6650    136.713    302.034      8.158  0.000e+00
    331.000      5.228   5.097242     3.1155     1.2648      5.199    24.5144    28.7485    22.3442    22.3388    5014.44    35.5161     6.7639     9.6663    136.733    302.076      8.156  0.000e+00
    331.250      5.240   5.097065     3.1132     1.3858      5.211    24.5131    28.7472    22.3445    22.3391    5014.44    35.5145     6.7590     9.6592    136.632    301.855      8.157  0.000e+00
    331.500      5.228   5.097102     3.1115     1.3858      5.199    24.5136    28.7477    22.3442    22.3388    5014.44    35.5150     6.7527     9.6503    136.506    301.576      8.156  0.000e+00
    331.750      5.197   5.097264     3.1115     1.4037      5.168    24.5149    28.7490    22.3438    22.3384    5014.44    35.5166     6.7488     9.6447    136.427    301.402      8.158  0.000e+00
    332.000      5.160   5.097433     3.1132     1.3997      5.131    24.5155    28.7496    22.3443    22.3389    5014.45    35.5175     6.7492     9.6453    136.438    301.421      8.160  0.000e+00
    332.250      5.129   5.097463     3.1163     1.5881      5.100    24.5148    28.7489    22.3452    22.3399    5014.45    35.5170     6.7554     9.6542    136.564    301.696      8.158  0.000e+00
    332.500      5.141   5.097396     3.1189     1.5901      5.113    24.5140    28.7481    22.3457    22.3404    5014.45    35.5161     6.7632     9.6653    136.722    302.045      8.160  0.000e+00
    332.750      5.160   5.097463     3.1215     1.5901      5.131    24.5140    28.7481    22.3461    22.3408    5014.46    35.5163     6.7742     9.6810    136.945    302.534      8.159  0.000e+00
    333.000      5.166   5.097529     3.1203     1.5822      5.137    24.5141    28.7482    22.3464    22.3411    5014.46    35.5165     6.7745     9.6815    136.953    302.550      8.157  0.000e+00
    333.250      5.172   5.097514     3.1172     2.1991      5.144    24.5136    28.7477    22.3469    22.3415    5014.46    35.5161     6.7669     9.6706    136.801    302.211      8.157  0.000e+00
    333.500      5.178   5.097727     3.1158     2.2011      5.150    24.5148    28.7489    22.3470    22.3416    5014.47    35.5177     6.7613     9.6626    136.688    301.961      8.158  0.000e+00
    333.750      5.185   5.098007     3.1168     2.1991      5.156    24.5157    28.7498    22.3478    22.3424    5014.48    35.5192     6.7606     9.6615    136.677    301.927      8.157  0.000e+00
    334.000      5.197   5.098198     3.1174     2.2051      5.168    24.5154    28.7494    22.3494    22.3440    5014.50    35.5193     6.7586     9.6587    136.641    301.839      8.155  0.000e+00
    334.250      5.191   5.098146     3.1156     2.1852      5.162    24.5135    28.7475    22.3511    22.3458    5014.51    35.5175     6.7499     9.6464    136.469    301.453      8.160  0.000e+00
    334.500      5.185   5.098095     3.1136     1.2668      5.156    24.5123    28.7463    22.3521    22.3468    5014.51    35.5163     6.7414     9.6342    136.298    301.073      8.156  0.000e+00
    334.750      5.191   5.097764     3.1124     1.2668      5.162    24.5099    28.7439    22.3527    22.3473    5014.50    35.5133     6.7365     9.6272    136.198    300.854      8.159  0.000e+00
    335.000      5.185   5.097359     3.1120     1.2727      5.156    24.5083    28.7423    22.3517    22.3464    5014.49    35.5109     6.7364     9.6270    136.191    300.848      8.158  0.000e+00
    335.250      5.178   5.096852     3.1102     1.2608      5.150    24.5073    28.7414    22.3495    22.3441    5014.46    35.5087     6.7322     9.6210    136.099    300.659      8.156  0.000e+00
    335.500      5.178   5.096293     3.1109     1.1458      5.150    24.5070    28.7412    22.3461    22.3408    5014.42    35.5071     6.7343     9.6240    136.132    300.754      8.158  0.000e+00
    335.750      5.178   5.096161     3.1138     1.1537      5.150    24.5097    28.7439    22.3423    22.3369    5014.40    35.5092     6.7436     9.6373    136.312    301.169      8.156  0.000e+00
    336.000      5.191   5.096396     3.1172     1.1577      5.162    24.5142    28.7485    22.3388    22.3334    5014.39    35.5139     6.7569     9.6563    136.577    301.765      8.157  0.000e+00
    336.250      5.185   5.096529     3.1187     1.1398      5.156    24.5161    28.7504    22.3376    22.3322    5014.38    35.5159     6.7663     9.6697    136.765    302.182      8.159  0.000e+00
    336.500      5.172   5.096764     3.1195     1.2152      5.144    24.5175    28.7518    22.3376    22.3322    5014.39    35.5178     6.7725     9.6786    136.892    302.459      8.158  0.000e+00
    336.750      5.160   5.096963     3.1190     1.2212      5.131    24.5179    28.7521    22.3385    22.3331    5014.40    35.5186     6.7730     9.6794    136.906    302.484      8.158  0.000e+00
    337.000      5.147   5.097029     3.1201     1.2112      5.119    24.5170    28.7512    22.3399    22.3346    5014.41    35.5179     6.7771     9.6851    136.990    302.663      8.158  0.000e+00
    337.250      5.147   5.097198     3.1209     1.2271      5.119    24.5171    28.7513    22.3409    22.3356    5014.42    35.5184     6.7792     9.6881    137.036    302.759      8.158  0.000e+00
    337.500      5.154   5.097374     3.1210     1.2093      5.125    24.5168    28.7509    22.3425    22.3371    5014.43    35.5186     6.7773     9.6855    137.002    302.675      8.158  0.000e+00
    337.750      5.172   5.097727     3.1181     1.5267      5.144    24.5177    28.7518    22.3438    22.3384    5014.45    35.5202     6.7649     9.6677    136.755    302.119      8.156  0.000e+00
    338.000      5.178   5.098176     3.1181     1.5167      5.150    24.5182    28.7523    22.3461    22.3408    5014.48    35.5218     6.7608     9.6619    136.680    301.939      8.158  0.000e+00
    338.250      5.209   5.098433     3.1190     1.5267      5.181    24.5170    28.7510    22.3492    22.3438    5014.50    35.5214     6.7614     9.6628    136.699    301.966      8.157  0.000e+00
    338.500      5.228   5.098352     3.1194     1.5267      5.199    24.5139    28.7479    22.3520    22.3467    5014.52    35.5184     6.7615     9.6629    136.705    301.969      8.158  0.000e+00
    338.750      5.240   5.098301     3.1207     1.0902      5.212    24.5121    28.7461    22.3537    22.3483    5014.53    35.5166     6.7654     9.6685    136.787    302.144      8.157  0.000e+00
    339.000      5.240   5.098566     3.1209     1.0902      5.212    24.5130    28.7469    22.3545    22.3491    5014.54    35.5181     6.7661     9.6695    136.805    302.176      8.156  0.000e+00
    339.250      5.234   5.098235     3.1229     1.1021      5.205    24.5103    28.7442    22.3553    22.3499    5014.53    35.5148     6.7735     9.6800    136.952    302.503      8.156  0.000e+00
    339.500      5.222   5.098213     3.1224     1.0962      5.193    24.5100    28.7440    22.3554    22.3500    5014.53    35.5145     6.7738     9.6805    136.959    302.519      8.156  0.000e+00
    339.750      5.160   5.098066     3.1213     1.3977      5.131    24.5097    28.7437    22.3548    22.3494    5014.52    35.5139     6.7722     9.6781    136.924    302.445      8.156  0.000e+00
    340.000      5.055   5.097970     3.1177     1.3918      5.027    24.5100    28.7440    22.3539    22.3485    5014.51    35.5139     6.7597     9.6603    136.670    301.889      8.156  0.000e+00
    340.250      4.912   5.098264     3.1155     1.3918      4.885    24.5126    28.7466    22.3530    22.3476    5014.50    35.5171     6.7497     9.6461    136.469    301.444      8.155  0.000e+00
    340.500      4.769   5.098455     3.1138     1.4136      4.743    24.5135    28.7475    22.3533    22.3479    5014.50    35.5183     6.7412     9.6338    136.297    301.060      8.158  0.000e+00
    340.750      4.677   5.098529     3.1120     1.4017      4.651    24.5128    28.7467    22.3546    22.3492    5014.51    35.5179     6.7323     9.6212    136.121    300.666      8.158  0.000e+00
    341.000      4.602   5.098698     3.1132     1.1835      4.577    24.5129    28.7468    22.3556    22.3503    5014.51    35.5184     6.7336     9.6229    136.149    300.721      8.155  0.000e+00
    341.250      4.509   5.098801     3.1162     1.1894      4.484    24.5122    28.7461    22.3570    22.3517    5014.52    35.5181     6.7426     9.6358    136.334    301.124      8.157  0.000e+00
