cruises/baja2025/cnv/20250418_cast2.cnv
* Sea-Bird SBE19plus Data File:
* FileName = C:\Users\ScienceTech\OneDrive - Western Flyer Foundation\Desktop\ProfilingCTD\data\20250418-PuntaTrinidad_cast5.hex
* Software Version 1.59
* Temperature SN =  8289
* Conductivity SN =  8289
* System UpLoad Time = Apr 18 2025 15:47:50
** Punta Trinidad
** 4/18/2025
** 1700 UTC
** 27 48.029N
** 112 41.465'W
** ~60 m water depth
# nquan = 18
# nvalues = 2023                                  
# units = specified
# name 0 = timeS: Time, Elapsed [seconds]
# name 1 = prdM: Pressure, Strain Gauge [db]
# name 2 = c0S/m: Conductivity [S/m]
# name 3 = sbeox0V: Oxygen raw, SBE 43 [V]
# name 4 = flECO-AFL: Fluorescence, WET Labs ECO-AFL/FL [mg/m^3]
# name 5 = depSM: Depth [salt water, m], lat = 0.00
# name 6 = sigma-t00: Density [sigma-t, kg/m^3 ]
# name 7 = sigma-100: Density [sigma-1, kg/m^3 ]
# name 8 = tv268C: Temperature [IPTS-68, deg C]
# name 9 = tv290C: Temperature [ITS-90, deg C]
# name 10 = svCF: Sound Velocity [Chen-Millero, ft/s]
# name 11 = sal00: Salinity, Practical [PSU]
# name 12 = sbeox0ML/L: Oxygen, SBE 43 [ml/l]
# name 13 = sbeox0Mg/L: Oxygen, SBE 43 [mg/l]
# name 14 = sbeox0PS: Oxygen, SBE 43 [% saturation]
# name 15 = sbeox0Mm/L: Oxygen, SBE 43 [umol/l]
# name 16 = ph: pH
# name 17 = flag:  0.000e+00
# span 0 =      0.000,    505.500                 
# span 1 =     -0.125,     61.336                 
# span 2 =  -0.000048,   4.466911                 
# span 3 =     1.4076,     3.0057                 
# span 4 =    -0.1694,     3.0640                 
# span 5 =     -0.125,     60.990                 
# span 6 =    -1.9210,    26.3928                 
# span 7 =     2.5666,    30.7279                 
# span 8 =    14.2061,    20.6078                 
# span 9 =    14.2027,    20.6028                 
# span 10 =    4818.64,    4965.52                
# span 11 =     0.0000,    35.7998                
# span 12 =     2.7342,     8.0787                
# span 13 =     3.9075,    11.5452                
# span 14 =     47.281,    133.989                
# span 15 =    122.110,    360.793                
# span 16 =      6.806,      8.116                
# span 17 = 0.0000e+00, 0.0000e+00                
# interval = seconds: 0.25
# start_time = Apr 18 2025 10:36:44 [Instrument's time stamp, header]
# bad_flag = -9.990e-29
*END*
[from data line 1046]
    261.500      5.913   4.377856     2.1244     0.1301      5.880    25.8966    30.2387    15.7428    15.7391    4951.51    35.1164     4.7915     6.8475     85.470    213.987      7.896  0.000e+00
    261.750      5.919   4.378188     2.1247     0.1401      5.887    25.9006    30.2426    15.7410    15.7373    4951.51    35.1210     4.7930     6.8497     85.497    214.057      7.897  0.000e+00
    262.000      5.907   4.378277     2.1238     0.1301      5.874    25.9013    30.2434    15.7409    15.7371    4951.51    35.1219     4.7892     6.8442     85.429    213.885      7.897  0.000e+00
    262.250      5.907   4.378388     2.1230     0.1242      5.874    25.9016    30.2437    15.7414    15.7376    4951.51    35.1225     4.7845     6.8375     85.346    213.676      7.894  0.000e+00
    262.500      5.894   4.378491     2.1228     0.1242      5.862    25.9016    30.2436    15.7423    15.7385    4951.52    35.1226     4.7824     6.8346     85.311    213.584      7.896  0.000e+00
    262.750      5.863   4.378560     2.1228     0.1341      5.831    25.9011    30.2431    15.7433    15.7395    4951.53    35.1223     4.7786     6.8291     85.245    213.413      7.898  0.000e+00
    263.000      5.845   4.378608     2.1219     0.1401      5.813    25.9007    30.2427    15.7441    15.7404    4951.54    35.1220     4.7738     6.8223     85.160    213.199      7.896  0.000e+00
    263.250      5.826   4.378581     2.1215     0.1242      5.794    25.8999    30.2419    15.7448    15.7410    4951.54    35.1212     4.7706     6.8176     85.103    213.054      7.896  0.000e+00
    263.500      5.820   4.378608     2.1213     0.1341      5.788    25.8996    30.2416    15.7453    15.7415    4951.54    35.1210     4.7699     6.8167     85.092    213.025      7.895  0.000e+00
    263.750      5.820   4.378457     2.1217     0.1182      5.788    25.8983    30.2403    15.7456    15.7418    4951.54    35.1194     4.7717     6.8192     85.123    213.102      7.896  0.000e+00
    264.000      5.832   4.378187     2.1212     0.1401      5.800    25.8967    30.2387    15.7453    15.7415    4951.53    35.1172     4.7712     6.8185     85.113    213.082      7.894  0.000e+00
    264.250      5.851   4.377946     2.1217     0.1341      5.819    25.8961    30.2381    15.7441    15.7404    4951.52    35.1161     4.7742     6.8228     85.163    213.214      7.892  0.000e+00
    264.500      5.845   4.377918     2.1219     0.2928      5.813    25.8977    30.2397    15.7422    15.7384    4951.50    35.1176     4.7760     6.8254     85.194    213.297      7.895  0.000e+00
    264.750      5.845   4.377836     2.1218     0.2869      5.813    25.8987    30.2408    15.7405    15.7367    4951.49    35.1183     4.7770     6.8268     85.208    213.339      7.896  0.000e+00
    265.000      5.857   4.377856     2.1218     0.2888      5.825    25.8998    30.2419    15.7394    15.7356    4951.48    35.1195     4.7779     6.8281     85.224    213.381      7.895  0.000e+00
    265.250      5.845   4.377856     2.1202     0.2928      5.813    25.9004    30.2426    15.7387    15.7349    4951.48    35.1201     4.7725     6.8204     85.126    213.139      7.896  0.000e+00
    265.500      5.839   4.377884     2.1202     0.1559      5.807    25.9007    30.2428    15.7386    15.7348    4951.48    35.1204     4.7715     6.8189     85.108    213.094      7.894  0.000e+00
    265.750      5.839   4.377884     2.1208     0.1202      5.807    25.9009    30.2430    15.7384    15.7346    4951.47    35.1207     4.7726     6.8205     85.128    213.145      7.895  0.000e+00
    266.000      5.845   4.377856     2.1206     0.1301      5.813    25.9006    30.2427    15.7385    15.7347    4951.47    35.1203     4.7721     6.8198     85.119    213.121      7.894  0.000e+00
    266.250      5.839   4.377884     2.1228     0.1460      5.807    25.9007    30.2428    15.7386    15.7348    4951.48    35.1204     4.7799     6.8309     85.258    213.469      7.896  0.000e+00
    266.500      5.826   4.377918     2.1239     0.0964      5.794    25.9010    30.2431    15.7386    15.7348    4951.48    35.1207     4.7859     6.8395     85.365    213.737      7.897  0.000e+00
    266.750      5.839   4.377884     2.1243     0.1083      5.807    25.9007    30.2428    15.7386    15.7348    4951.48    35.1204     4.7897     6.8450     85.434    213.909      7.894  0.000e+00
    267.000      5.833   4.377884     2.1239     0.1143      5.800    25.9008    30.2429    15.7385    15.7347    4951.47    35.1205     4.7904     6.8459     85.445    213.938      7.895  0.000e+00
    267.250      5.851   4.377829     2.1220     0.1083      5.819    25.9002    30.2424    15.7387    15.7349    4951.47    35.1199     4.7843     6.8372     85.337    213.667      7.895  0.000e+00
    267.500      5.864   4.377794     2.1202     0.1024      5.831    25.9002    30.2423    15.7384    15.7347    4951.47    35.1198     4.7753     6.8243     85.175    213.263      7.895  0.000e+00
    267.750      5.889   4.377767     2.1196     0.0964      5.856    25.9002    30.2423    15.7383    15.7345    4951.47    35.1197     4.7697     6.8163     85.075    213.013      7.894  0.000e+00
    268.000      5.913   4.377829     2.1196     0.0865      5.881    25.9010    30.2431    15.7379    15.7341    4951.47    35.1206     4.7664     6.8116     85.016    212.866      7.896  0.000e+00
    268.250      5.938   4.377884     2.1193     0.1083      5.905    25.9016    30.2437    15.7376    15.7339    4951.47    35.1213     4.7617     6.8049     84.933    212.657      7.896  0.000e+00
    268.500      5.951   4.377856     2.1199     0.0984      5.918    25.9011    30.2432    15.7380    15.7342    4951.48    35.1207     4.7633     6.8073     84.962    212.730      7.895  0.000e+00
    268.750      5.951   4.377829     2.1196     0.1440      5.918    25.9007    30.2429    15.7381    15.7343    4951.48    35.1203     4.7635     6.8076     84.966    212.739      7.894  0.000e+00
    269.000      5.932   4.377794     2.1213     0.1282      5.900    25.9004    30.2426    15.7382    15.7344    4951.47    35.1200     4.7724     6.8203     85.124    213.137      7.894  0.000e+00
    269.250      5.914   4.377891     2.1207     0.1242      5.881    25.9013    30.2434    15.7380    15.7343    4951.48    35.1210     4.7742     6.8227     85.155    213.214      7.895  0.000e+00
    269.500      5.883   4.377946     2.1199     0.1401      5.850    25.9014    30.2435    15.7383    15.7345    4951.48    35.1213     4.7731     6.8213     85.137    213.167      7.896  0.000e+00
    269.750      5.870   4.378008     2.1186     0.1718      5.838    25.9015    30.2436    15.7387    15.7349    4951.48    35.1215     4.7684     6.8145     85.054    212.956      7.894  0.000e+00
    270.000      5.858   4.378070     2.1169     0.1659      5.826    25.9015    30.2436    15.7391    15.7353    4951.49    35.1217     4.7603     6.8030     84.911    212.596      7.893  0.000e+00
    270.250      5.827   4.378098     2.1163     0.1659      5.795    25.9013    30.2434    15.7396    15.7358    4951.49    35.1215     4.7558     6.7965     84.830    212.392      7.897  0.000e+00
    270.500      5.802   4.378098     2.1149     0.1599      5.770    25.9007    30.2428    15.7402    15.7365    4951.49    35.1209     4.7480     6.7854     84.693    212.048      7.893  0.000e+00
    270.750      5.784   4.378098     2.1158     0.1778      5.752    25.9005    30.2426    15.7405    15.7367    4951.49    35.1207     4.7497     6.7877     84.722    212.120      7.893  0.000e+00
    271.000      5.747   4.378125     2.1147     0.1401      5.715    25.9006    30.2426    15.7406    15.7369    4951.49    35.1208     4.7447     6.7806     84.634    211.896      7.893  0.000e+00
    271.250      5.734   4.378187     2.1146     0.1301      5.703    25.9008    30.2429    15.7408    15.7370    4951.49    35.1212     4.7456     6.7820     84.652    211.940      7.896  0.000e+00
    271.500      5.747   4.378125     2.1135     0.1361      5.715    25.9000    30.2421    15.7412    15.7374    4951.50    35.1203     4.7433     6.7786     84.609    211.834      7.896  0.000e+00
    271.750      5.759   4.377953     2.1145     0.1242      5.727    25.8989    30.2410    15.7411    15.7374    4951.49    35.1188     4.7491     6.7870     84.713    212.096      7.896  0.000e+00
    272.000      5.796   4.377946     2.1146     0.1282      5.764    25.8994    30.2415    15.7406    15.7368    4951.49    35.1193     4.7519     6.7910     84.762    212.221      7.896  0.000e+00
    272.250      5.858   4.377925     2.1151     0.1361      5.826    25.8998    30.2419    15.7399    15.7361    4951.49    35.1196     4.7556     6.7962     84.827    212.385      7.896  0.000e+00
    272.500      5.902   4.377974     2.1172     0.1341      5.869    25.9005    30.2426    15.7395    15.7357    4951.49    35.1204     4.7653     6.8100     84.999    212.816      7.895  0.000e+00
    272.750      5.939   4.377974     2.1186     0.1282      5.906    25.9006    30.2427    15.7394    15.7356    4951.49    35.1205     4.7726     6.8206     85.131    213.146      7.896  0.000e+00
    273.000      5.976   4.377829     2.1203     0.1083      5.943    25.8995    30.2417    15.7394    15.7356    4951.49    35.1192     4.7824     6.8345     85.303    213.580      7.896  0.000e+00
    273.250      6.007   4.377884     2.1196     0.0925      5.974    25.9004    30.2425    15.7389    15.7352    4951.49    35.1201     4.7819     6.8338     85.295    213.560      7.897  0.000e+00
    273.500      5.970   4.377884     2.1209     0.1182      5.937    25.9006    30.2427    15.7387    15.7349    4951.48    35.1203     4.7876     6.8419     85.396    213.813      7.895  0.000e+00
    273.750      5.889   4.377974     2.1206     0.1024      5.857    25.9014    30.2435    15.7385    15.7347    4951.48    35.1213     4.7859     6.8395     85.366    213.737      7.898  0.000e+00
    274.000      5.759   4.378125     2.1196     0.0964      5.727    25.9023    30.2444    15.7387    15.7349    4951.48    35.1226     4.7806     6.8319     85.272    213.501      7.893  0.000e+00
    274.250      5.641   4.378250     2.1196     0.1460      5.610    25.9023    30.2444    15.7397    15.7359    4951.48    35.1229     4.7772     6.8271     85.214    213.350      7.896  0.000e+00
    274.500      5.530   4.378367     2.1207     0.1500      5.500    25.9021    30.2441    15.7409    15.7371    4951.49    35.1229     4.7774     6.8274     85.220    213.360      7.892  0.000e+00
    274.750      5.412   4.378546     2.1208     0.1301      5.383    25.9024    30.2444    15.7419    15.7382    4951.50    35.1236     4.7757     6.8250     85.192    213.285      7.896  0.000e+00
    275.000      5.307   4.378581     2.1198     0.1301      5.278    25.9014    30.2434    15.7433    15.7395    4951.50    35.1227     4.7708     6.8180     85.106    213.064      7.898  0.000e+00
    275.250      5.202   4.378877     2.1190     0.0925      5.173    25.9024    30.2443    15.7445    15.7408    4951.52    35.1243     4.7674     6.8131     85.047    212.912      7.894  0.000e+00
    275.500      5.084   4.379360     2.1174     0.0964      5.056    25.9043    30.2462    15.7461    15.7423    4951.54    35.1273     4.7595     6.8018     84.911    212.559      7.895  0.000e+00
    275.750      4.979   4.379692     2.1178     0.1083      4.951    25.9040    30.2458    15.7490    15.7452    4951.56    35.1277     4.7596     6.8020     84.918    212.565      7.897  0.000e+00
    276.000      4.873   4.379754     2.1181     0.0885      4.847    25.9015    30.2433    15.7522    15.7484    4951.58    35.1255     4.7603     6.8029     84.933    212.593      7.894  0.000e+00
    276.250      4.774   4.379885     2.1183     0.0647      4.748    25.9001    30.2419    15.7548    15.7510    4951.60    35.1244     4.7601     6.8026     84.934    212.584      7.895  0.000e+00
    276.500      4.700   4.379871     2.1182     0.0706      4.674    25.8984    30.2401    15.7566    15.7528    4951.60    35.1227     4.7595     6.8018     84.926    212.560      7.898  0.000e+00
    276.750      4.626   4.379843     2.1196     0.0766      4.600    25.8973    30.2391    15.7576    15.7538    4951.61    35.1216     4.7663     6.8115     85.048    212.863      7.894  0.000e+00
    277.000      4.589   4.379995     2.1203     0.0825      4.563    25.8980    30.2397    15.7580    15.7542    4951.61    35.1227     4.7717     6.8192     85.146    213.104      7.895  0.000e+00
    277.250      4.564   4.380112     2.1222     0.0726      4.539    25.8981    30.2398    15.7588    15.7550    4951.62    35.1230     4.7811     6.8327     85.315    213.524      7.897  0.000e+00
    277.500      4.539   4.380444     2.1232     0.1024      4.514    25.8997    30.2414    15.7595    15.7557    4951.64    35.1253     4.7878     6.8422     85.437    213.822      7.896  0.000e+00
    277.750      4.496   4.380602     2.1241     0.1083      4.471    25.8992    30.2408    15.7613    15.7575    4951.65    35.1252     4.7921     6.8484     85.517    214.016      7.896  0.000e+00
    278.000      4.452   4.380506     2.1254     0.1143      4.428    25.8968    30.2384    15.7633    15.7595    4951.66    35.1226     4.7975     6.8560     85.614    214.254      7.896  0.000e+00
    278.250      4.372   4.380022     2.1280     0.1083      4.348    25.8926    30.2342    15.7642    15.7604    4951.64    35.1174     4.8080     6.8711     85.801    214.725      7.896  0.000e+00
    278.500      4.279   4.379933     2.1292     0.0706      4.256    25.8932    30.2348    15.7629    15.7591    4951.63    35.1178     4.8139     6.8795     85.904    214.987      7.892  0.000e+00
    278.750      4.168   4.380029     2.1286     0.0726      4.145    25.8954    30.2370    15.7613    15.7575    4951.61    35.1202     4.8111     6.8755     85.853    214.862      7.896  0.000e+00
    279.000      4.044   4.380174     2.1285     0.0825      4.021    25.8968    30.2384    15.7609    15.7571    4951.61    35.1219     4.8087     6.8721     85.811    214.757      7.897  0.000e+00
    279.250      3.926   4.380381     2.1280     0.0647      3.904    25.8982    30.2398    15.7610    15.7572    4951.61    35.1237     4.8039     6.8652     85.725    214.541      7.894  0.000e+00
    279.500      3.765   4.380864     2.1275     0.0111      3.744    25.9005    30.2421    15.7621    15.7583    4951.63    35.1271     4.7985     6.8575     85.632    214.299      7.894  0.000e+00
    279.750      3.610   4.381230     2.1283     0.0091      3.590    25.9007    30.2422    15.7647    15.7609    4951.65    35.1281     4.7975     6.8561     85.620    214.257      7.896  0.000e+00
    280.000      3.443   4.381285     2.1280     0.0171      3.424    25.8983    30.2398    15.7678    15.7640    4951.66    35.1259     4.7933     6.8501     85.550    214.070      7.896  0.000e+00
    280.250      3.276   4.381375     2.1278     0.0072      3.258    25.8967    30.2381    15.7703    15.7666    4951.67    35.1246     4.7895     6.8446     85.484    213.897      7.896  0.000e+00
    280.500      3.115   4.381382     2.1273     0.0032      3.098    25.8953    30.2367    15.7720    15.7682    4951.68    35.1232     4.7868     6.8409     85.440    213.780      7.894  0.000e+00
    280.750      2.991   4.381375     2.1280     0.0012      2.974    25.8943    30.2357    15.7730    15.7692    4951.68    35.1223     4.7898     6.8451     85.494    213.913      7.894  0.000e+00
    281.000      2.886   4.381437     2.1276     0.0012      2.870    25.8943    30.2357    15.7735    15.7697    4951.68    35.1224     4.7889     6.8438     85.479    213.873      7.894  0.000e+00
