cruises/baja2025/cnv/20250430_cast1.cnv
* Sea-Bird SBE19plus Data File:
* FileName = C:\Users\ScienceTech\OneDrive - Western Flyer Foundation\Desktop\ProfilingCTD\data\20250430_Seamount1_cast1.hex
* Software Version 1.59
* Temperature SN =  8289
* Conductivity SN =  8289
* System UpLoad Time = Apr 30 2025 18:06:42
** "Seamount 1" 27-17.152N 112-07.798W
** 504 m water
** Cast to 475m
** SB cast 30
** WF cast 15
# nquan = 18
# nvalues = 8961                                  
# units = specified
# name 0 = timeS: Time, Elapsed [seconds]
# name 1 = prdM: Pressure, Strain Gauge [db]
# name 2 = c0S/m: Conductivity [S/m]
# name 3 = sbeox0V: Oxygen raw, SBE 43 [V]
# name 4 = flECO-AFL: Fluorescence, WET Labs ECO-AFL/FL [mg/m^3]
# name 5 = depSM: Depth [salt water, m], lat = 0.00
# name 6 = sigma-t00: Density [sigma-t, kg/m^3 ]
# name 7 = sigma-100: Density [sigma-1, kg/m^3 ]
# name 8 = tv268C: Temperature [IPTS-68, deg C]
# name 9 = tv290C: Temperature [ITS-90, deg C]
# name 10 = svCF: Sound Velocity [Chen-Millero, ft/s]
# name 11 = sal00: Salinity, Practical [PSU]
# name 12 = sbeox0ML/L: Oxygen, SBE 43 [ml/l]
# name 13 = sbeox0Mg/L: Oxygen, SBE 43 [mg/l]
# name 14 = sbeox0PS: Oxygen, SBE 43 [% saturation]
# name 15 = sbeox0Mm/L: Oxygen, SBE 43 [umol/l]
# name 16 = ph: pH
# name 17 = flag:  0.000e+00
# span 0 =      0.000,   2240.000                 
# span 1 =     -0.170,    476.716                 
# span 2 =  -0.446895,   4.954579                 
# span 3 =     0.7033,     3.8588                 
# span 4 =    -0.1734,   128.6801                 
# span 5 =     -0.169,    473.551                 
# span 6 =    -4.2324,    26.7693                 
# span 7 =     0.1114,    31.2371                 
# span 8 =     9.9771,    29.6460                 
# span 9 =     9.9748,    29.6389                 
# span 10 =    4850.79,    5029.94                
# span 11 =     0.0000,    36.8810                
# span 12 =     0.6234,     9.6181                
# span 13 =     0.8909,    13.7453                
# span 14 =      9.856,    182.761                
# span 15 =     27.840,    429.546                
# span 16 =      7.021,      8.285                
# span 17 = 0.0000e+00, 0.0000e+00                
# interval = seconds: 0.25
# start_time = Apr 30 2025 14:29:48 [Instrument's time stamp, header]
# bad_flag = -9.990e-29
*END*
[from data line 5307]
   1326.750    461.169   3.808981     0.7099    -0.0623    458.125    26.7380    31.2040    10.0564    10.0540    4912.43    34.7378     0.6546     0.9354     10.360     29.233      7.619  0.000e+00
   1327.000    461.343   3.809196     0.7088    -0.0861    458.298    26.7399    31.2060    10.0561    10.0537    4912.44    34.7402     0.6497     0.9285     10.284     29.016      7.616  0.000e+00
   1327.250    461.529   3.809085     0.7094    -0.0643    458.482    26.7384    31.2044    10.0568    10.0543    4912.45    34.7384     0.6508     0.9301     10.301     29.066      7.615  0.000e+00
   1327.500    461.703   3.809033     0.7092    -0.0702    458.655    26.7376    31.2036    10.0571    10.0547    4912.46    34.7374     0.6500     0.9290     10.289     29.031      7.616  0.000e+00
   1327.750    461.852   3.808981     0.7090    -0.0702    458.802    26.7372    31.2032    10.0570    10.0546    4912.47    34.7369     0.6490     0.9275     10.272     28.984      7.618  0.000e+00
   1328.000    462.001   3.808955     0.7093    -0.0801    458.950    26.7374    31.2035    10.0565    10.0541    4912.47    34.7371     0.6507     0.9299     10.299     29.061      7.617  0.000e+00
   1328.250    462.137   3.808877     0.7088    -0.0702    459.086    26.7373    31.2034    10.0559    10.0535    4912.47    34.7368     0.6498     0.9287     10.285     29.021      7.618  0.000e+00
   1328.500    462.255   3.808818     0.7087    -0.0801    459.202    26.7372    31.2033    10.0554    10.0530    4912.47    34.7366     0.6476     0.9255     10.250     28.923      7.614  0.000e+00
   1328.750    462.367   3.808844     0.7089    -0.0702    459.313    26.7380    31.2041    10.0548    10.0524    4912.47    34.7374     0.6484     0.9266     10.262     28.956      7.617  0.000e+00
   1329.000    462.478   3.808740     0.7094    -0.0643    459.424    26.7375    31.2036    10.0543    10.0519    4912.47    34.7368     0.6519     0.9316     10.317     29.112      7.618  0.000e+00
   1329.250    462.609   3.808421     0.7089    -0.0702    459.553    26.7353    31.2015    10.0539    10.0515    4912.46    34.7338     0.6496     0.9284     10.281     29.011      7.615  0.000e+00
   1329.500    462.751   3.808369     0.7094    -0.0702    459.695    26.7360    31.2022    10.0526    10.0502    4912.45    34.7345     0.6523     0.9322     10.324     29.132      7.616  0.000e+00
   1329.750    462.913   3.808264     0.7089    -0.0781    459.855    26.7366    31.2028    10.0511    10.0487    4912.45    34.7348     0.6507     0.9300     10.298     29.062      7.616  0.000e+00
   1330.000    463.061   3.808317     0.7093    -0.0702    460.003    26.7381    31.2043    10.0498    10.0474    4912.45    34.7365     0.6525     0.9324     10.325     29.139      7.616  0.000e+00
   1330.250    463.223   3.808291     0.7092    -0.0762    460.163    26.7385    31.2048    10.0491    10.0466    4912.45    34.7369     0.6525     0.9324     10.325     29.139      7.618  0.000e+00
   1330.500    463.365   3.808317     0.7096    -0.0722    460.304    26.7389    31.2052    10.0488    10.0464    4912.45    34.7374     0.6546     0.9354     10.358     29.232      7.617  0.000e+00
   1330.750    463.521   3.808473     0.7085    -0.0702    460.458    26.7404    31.2067    10.0484    10.0460    4912.47    34.7392     0.6490     0.9275     10.270     28.983      7.616  0.000e+00
   1331.000    463.645   3.808558     0.7091    -0.0722    460.581    26.7406    31.2069    10.0489    10.0465    4912.48    34.7396     0.6505     0.9296     10.294     29.050      7.617  0.000e+00
   1331.250    463.775   3.808532     0.7087    -0.0643    460.711    26.7397    31.2059    10.0497    10.0473    4912.49    34.7385     0.6489     0.9273     10.269     28.978      7.618  0.000e+00
   1331.500    463.905   3.808532     0.7085    -0.0722    460.840    26.7392    31.2055    10.0501    10.0477    4912.50    34.7380     0.6469     0.9245     10.238     28.890      7.617  0.000e+00
   1331.750    464.029   3.808499     0.7088    -0.0543    460.963    26.7390    31.2052    10.0501    10.0477    4912.51    34.7377     0.6483     0.9265     10.260     28.954      7.618  0.000e+00
   1332.000    464.184   3.808663     0.7090    -0.0702    461.117    26.7400    31.2063    10.0503    10.0479    4912.52    34.7391     0.6492     0.9278     10.274     28.993      7.615  0.000e+00
   1332.250    464.327   3.808421     0.7083    -0.0781    461.258    26.7377    31.2039    10.0507    10.0483    4912.52    34.7362     0.6464     0.9238     10.230     28.868      7.618  0.000e+00
   1332.500    464.476   3.808265     0.7082    -0.0623    461.406    26.7367    31.2029    10.0504    10.0480    4912.52    34.7348     0.6458     0.9229     10.220     28.842      7.616  0.000e+00
   1332.750    464.650   3.808343     0.7088    -0.0722    461.578    26.7383    31.2045    10.0493    10.0468    4912.53    34.7366     0.6494     0.9281     10.277     29.002      7.616  0.000e+00
   1333.000    464.792   3.808265     0.7091    -0.0682    461.720    26.7382    31.2045    10.0486    10.0462    4912.53    34.7364     0.6510     0.9303     10.301     29.072      7.618  0.000e+00
   1333.250    464.935   3.808422     0.7087    -0.0682    461.862    26.7399    31.2061    10.0481    10.0457    4912.54    34.7384     0.6502     0.9292     10.290     29.039      7.616  0.000e+00
   1333.500    465.084   3.808239     0.7085    -0.0702    462.009    26.7381    31.2044    10.0484    10.0460    4912.54    34.7362     0.6492     0.9277     10.273     28.991      7.616  0.000e+00
   1333.750    465.233   3.808102     0.7091    -0.0702    462.157    26.7375    31.2038    10.0478    10.0454    4912.54    34.7353     0.6517     0.9314     10.313     29.105      7.616  0.000e+00
   1334.000    465.363   3.808213     0.7089    -0.0623    462.286    26.7389    31.2052    10.0472    10.0448    4912.54    34.7370     0.6512     0.9306     10.305     29.083      7.616  0.000e+00
   1334.250    465.499   3.808154     0.7079    -0.0702    462.422    26.7390    31.2053    10.0466    10.0441    4912.54    34.7369     0.6469     0.9244     10.236     28.889      7.618  0.000e+00
   1334.500    465.605   3.808154     0.7071    -0.0464    462.526    26.7389    31.2053    10.0466    10.0441    4912.55    34.7369     0.6414     0.9166     10.149     28.644      7.618  0.000e+00
   1334.750    465.717   3.808155     0.7087    -0.0722    462.637    26.7394    31.2057    10.0460    10.0436    4912.55    34.7373     0.6472     0.9249     10.241     28.903      7.614  0.000e+00
   1335.000    465.828   3.807972     0.7081    -0.0702    462.748    26.7381    31.2045    10.0458    10.0434    4912.55    34.7356     0.6448     0.9215     10.204     28.798      7.617  0.000e+00
   1335.250    465.971   3.807998     0.7087    -0.0781    462.890    26.7386    31.2050    10.0454    10.0430    4912.55    34.7362     0.6486     0.9270     10.264     28.968      7.617  0.000e+00
   1335.500    466.101   3.808155     0.7078    -0.0841    463.019    26.7402    31.2066    10.0449    10.0425    4912.56    34.7382     0.6450     0.9217     10.206     28.805      7.616  0.000e+00
   1335.750    466.263   3.808292     0.7085    -0.0781    463.179    26.7411    31.2075    10.0451    10.0427    4912.58    34.7393     0.6481     0.9262     10.255     28.943      7.619  0.000e+00
   1336.000    466.436   3.808129     0.7086    -0.0623    463.351    26.7390    31.2054    10.0459    10.0435    4912.58    34.7368     0.6506     0.9297     10.295     29.054      7.617  0.000e+00
   1336.250    466.604   3.808024     0.7074    -0.0563    463.518    26.7380    31.2044    10.0460    10.0436    4912.59    34.7356     0.6460     0.9232     10.223     28.852      7.619  0.000e+00
   1336.500    466.777   3.808422     0.7076    -0.0543    463.690    26.7416    31.2080    10.0455    10.0431    4912.61    34.7401     0.6458     0.9229     10.219     28.842      7.614  0.000e+00
   1336.750    466.957   3.808585     0.7079    -0.0643    463.868    26.7423    31.2087    10.0461    10.0437    4912.63    34.7411     0.6450     0.9218     10.207     28.805      7.616  0.000e+00
   1337.000    467.125   3.808396     0.7081    -0.0563    464.035    26.7393    31.2056    10.0477    10.0453    4912.65    34.7375     0.6465     0.9239     10.230     28.871      7.612  0.000e+00
   1337.250    467.280   3.808240     0.7080    -0.0801    464.189    26.7375    31.2039    10.0482    10.0458    4912.65    34.7354     0.6461     0.9234     10.225     28.856      7.617  0.000e+00
   1337.500    467.410   3.808533     0.7076    -0.0801    464.318    26.7402    31.2065    10.0478    10.0454    4912.67    34.7387     0.6452     0.9221     10.211     28.817      7.616  0.000e+00
   1337.750    467.553   3.808794     0.7079    -0.0623    464.460    26.7420    31.2083    10.0480    10.0456    4912.69    34.7411     0.6456     0.9227     10.217     28.834      7.618  0.000e+00
   1338.000    467.671   3.808742     0.7076    -0.0623    464.576    26.7405    31.2068    10.0492    10.0468    4912.70    34.7394     0.6449     0.9216     10.205     28.799      7.618  0.000e+00
   1338.250    467.795   3.808370     0.7072    -0.0722    464.699    26.7363    31.2026    10.0505    10.0481    4912.70    34.7343     0.6443     0.9207     10.196     28.773      7.617  0.000e+00
   1338.500    467.925   3.807947     0.7074    -0.0702    464.829    26.7337    31.2000    10.0496    10.0472    4912.68    34.7308     0.6438     0.9201     10.189     28.754      7.613  0.000e+00
   1338.750    468.068   3.807490     0.7081    -0.0762    464.970    26.7320    31.1984    10.0474    10.0450    4912.66    34.7282     0.6468     0.9244     10.235     28.887      7.618  0.000e+00
   1339.000    468.242   3.808051     0.7076    -0.0524    465.143    26.7399    31.2063    10.0436    10.0412    4912.66    34.7374     0.6449     0.9217     10.205     28.803      7.616  0.000e+00
   1339.250    468.397   3.808423     0.7082    -0.0841    465.297    26.7439    31.2103    10.0424    10.0400    4912.67    34.7423     0.6489     0.9274     10.268     28.980      7.616  0.000e+00
   1339.500    468.577   3.808560     0.7080    -0.0702    465.475    26.7432    31.2096    10.0443    10.0418    4912.70    34.7419     0.6490     0.9275     10.270     28.984      7.615  0.000e+00
   1339.750    468.738   3.808638     0.7076    -0.0543    465.635    26.7420    31.2084    10.0461    10.0437    4912.73    34.7408     0.6469     0.9244     10.236     28.889      7.618  0.000e+00
   1340.000    468.905   3.808690     0.7080    -0.0623    465.801    26.7410    31.2074    10.0476    10.0452    4912.75    34.7398     0.6492     0.9278     10.274     28.993      7.615  0.000e+00
   1340.250    469.042   3.808690     0.7081    -0.0623    465.937    26.7399    31.2063    10.0488    10.0464    4912.77    34.7386     0.6496     0.9284     10.281     29.013      7.616  0.000e+00
   1340.500    469.184   3.808691     0.7071    -0.0543    466.078    26.7393    31.2057    10.0494    10.0470    4912.78    34.7380     0.6440     0.9203     10.191     28.761      7.617  0.000e+00
   1340.750    469.333   3.808475     0.7083    -0.0781    466.226    26.7374    31.2038    10.0496    10.0472    4912.78    34.7355     0.6485     0.9268     10.263     28.964      7.614  0.000e+00
   1341.000    469.451   3.808501     0.7088    -0.0781    466.343    26.7380    31.2044    10.0491    10.0467    4912.78    34.7362     0.6519     0.9316     10.316     29.114      7.618  0.000e+00
   1341.250    469.588   3.807947     0.7078    -0.0543    466.478    26.7342    31.2006    10.0484    10.0460    4912.76    34.7312     0.6473     0.9251     10.244     28.910      7.614  0.000e+00
   1341.500    469.706   3.808241     0.7079    -0.0623    466.595    26.7382    31.2046    10.0466    10.0441    4912.77    34.7359     0.6483     0.9265     10.259     28.953      7.616  0.000e+00
   1341.750    469.805   3.808000     0.7085    -0.0702    466.694    26.7373    31.2038    10.0453    10.0429    4912.75    34.7346     0.6511     0.9305     10.303     29.080      7.616  0.000e+00
   1342.000    469.941   3.808052     0.7076    -0.0722    466.829    26.7385    31.2050    10.0445    10.0421    4912.75    34.7358     0.6467     0.9242     10.234     28.883      7.617  0.000e+00
   1342.250    470.084   3.808241     0.7081    -0.0722    466.971    26.7403    31.2068    10.0441    10.0416    4912.77    34.7381     0.6485     0.9268     10.262     28.963      7.616  0.000e+00
   1342.500    470.270   3.808104     0.7079    -0.0702    467.155    26.7393    31.2058    10.0440    10.0416    4912.77    34.7367     0.6480     0.9260     10.253     28.939      7.614  0.000e+00
   1342.750    470.444   3.808000     0.7078    -0.0623    467.328    26.7384    31.2049    10.0440    10.0416    4912.77    34.7356     0.6455     0.9224     10.213     28.827      7.616  0.000e+00
   1343.000    470.624   3.808985     0.7089    -0.0702    467.506    26.7466    31.2130    10.0435    10.0411    4912.82    34.7460     0.6509     0.9302     10.300     29.069      7.618  0.000e+00
   1343.250    470.816   3.809278     0.7082    -0.0722    467.697    26.7467    31.2131    10.0458    10.0434    4912.86    34.7467     0.6500     0.9289     10.286     29.028      7.617  0.000e+00
   1343.500    470.965   3.809167     0.7074    -0.0543    467.845    26.7422    31.2086    10.0497    10.0473    4912.89    34.7418     0.6454     0.9223     10.213     28.822      7.615  0.000e+00
   1343.750    471.114   3.809252     0.7081    -0.0801    467.993    26.7408    31.2071    10.0520    10.0495    4912.92    34.7404     0.6477     0.9257     10.251     28.927      7.614  0.000e+00
   1344.000    471.238   3.809226     0.7091    -0.0603    468.116    26.7392    31.2055    10.0534    10.0510    4912.94    34.7387     0.6536     0.9341     10.344     29.190      7.617  0.000e+00
   1344.250    471.349   3.809304     0.7083    -0.0623    468.227    26.7390    31.2053    10.0543    10.0518    4912.96    34.7386     0.6502     0.9292     10.291     29.038      7.613  0.000e+00
   1344.500    471.461   3.809520     0.7073    -0.0623    468.337    26.7406    31.2069    10.0543    10.0519    4912.97    34.7407     0.6447     0.9214     10.204     28.793      7.615  0.000e+00
   1344.750    471.579   3.809304     0.7078    -0.0484    468.454    26.7379    31.2042    10.0553    10.0529    4912.98    34.7375     0.6459     0.9230     10.223     28.845      7.616  0.000e+00
   1345.000    471.740   3.809487     0.7079    -0.0702    468.614    26.7390    31.2053    10.0557    10.0533    4913.00    34.7389     0.6457     0.9227     10.219     28.835      7.616  0.000e+00
   1345.250    471.883   3.809226     0.7076    -0.0623    468.756    26.7367    31.2031    10.0558    10.0534    4912.99    34.7361     0.6452     0.9221     10.213     28.817      7.616  0.000e+00
   1345.500    472.057   3.809226     0.7073    -0.0682    468.928    26.7372    31.2035    10.0553    10.0529    4913.00    34.7365     0.6433     0.9194     10.182     28.731      7.615  0.000e+00
   1345.750    472.224   3.808822     0.7076    -0.0643    469.094    26.7344    31.2008    10.0547    10.0523    4912.99    34.7329     0.6436     0.9197     10.186     28.742      7.617  0.000e+00
   1346.000    472.392   3.808692     0.7078    -0.0623    469.261    26.7349    31.2013    10.0530    10.0506    4912.98    34.7331     0.6444     0.9209     10.198     28.778      7.618  0.000e+00
   1346.250    472.571   3.808346     0.7073    -0.0623    469.439    26.7339    31.2004    10.0510    10.0486    4912.96    34.7314     0.6439     0.9202     10.189     28.755      7.615  0.000e+00
