cruises/baja2025/cnv/20250504_cast3.cnv
* Sea-Bird SBE19plus Data File:
* FileName = C:\Users\ScienceTech\OneDrive - Western Flyer Foundation\Desktop\ProfilingCTD\data\Leg 3\20250504_PP300_cast1.hex
* Software Version 1.59
* Temperature SN =  8289
* Conductivity SN =  8289
* System UpLoad Time = May 04 2025 19:30:24
** start 2046Z
** PP300
** 27-31.09N
** 112-18.69
** depth 366
# nquan = 18
# nvalues = 6113                                  
# units = specified
# name 0 = timeS: Time, Elapsed [seconds]
# name 1 = prdM: Pressure, Strain Gauge [db]
# name 2 = c0S/m: Conductivity [S/m]
# name 3 = sbeox0V: Oxygen raw, SBE 43 [V]
# name 4 = flECO-AFL: Fluorescence, WET Labs ECO-AFL/FL [mg/m^3]
# name 5 = depSM: Depth [salt water, m], lat = 0.00
# name 6 = sigma-t00: Density [sigma-t, kg/m^3 ]
# name 7 = sigma-100: Density [sigma-1, kg/m^3 ]
# name 8 = tv268C: Temperature [IPTS-68, deg C]
# name 9 = tv290C: Temperature [ITS-90, deg C]
# name 10 = svCF: Sound Velocity [Chen-Millero, ft/s]
# name 11 = sal00: Salinity, Practical [PSU]
# name 12 = sbeox0ML/L: Oxygen, SBE 43 [ml/l]
# name 13 = sbeox0Mg/L: Oxygen, SBE 43 [mg/l]
# name 14 = sbeox0PS: Oxygen, SBE 43 [% saturation]
# name 15 = sbeox0Mm/L: Oxygen, SBE 43 [umol/l]
# name 16 = ph: pH
# name 17 = flag:  0.000e+00
# span 0 =      0.000,   1528.000                 
# span 1 =     -0.207,    357.615                 
# span 2 =   0.041140,   4.922423                 
# span 3 =     0.8460,     2.9791                 
# span 4 =    -0.1734,   128.7535                 
# span 5 =     -0.206,    355.343                 
# span 6 =    -3.2147,    26.5546                 
# span 7 =     1.1726,    30.9881                 
# span 8 =    11.5260,    26.5501                 
# span 9 =    11.5233,    26.5438                 
# span 10 =    4860.84,    5010.09                
# span 11 =     0.1926,    36.4074                
# span 12 =     1.0768,     7.4316                
# span 13 =     1.5388,    10.6205                
# span 14 =     17.607,    130.889                
# span 15 =     48.089,    331.895                
# span 16 =      6.884,      8.540                
# span 17 = 0.0000e+00, 0.0000e+00                
# interval = seconds: 0.25
# start_time = May 04 2025 13:45:34 [Instrument's time stamp, header]
# bad_flag = -9.990e-29
*END*
[from data line 483]
    120.750      6.000   4.885008     2.1140     1.0823      5.967    25.4333    29.7017    19.9072    19.9024    4994.27    35.8463     4.2216     6.0331     81.843    188.536      8.200  0.000e+00
    121.000      6.037   4.876928     2.1040     1.0883      6.004    25.3932    29.6621    19.8954    19.8906    4993.95    35.7898     4.1921     5.9910     81.227    187.221      8.201  0.000e+00
    121.250      6.111   4.879665     2.0960     1.0823      6.077    25.4517    29.7209    19.8504    19.8457    4993.77    35.8508     4.1741     5.9652     80.840    186.416      8.200  0.000e+00
    121.500      6.161   4.894296     2.0916     1.0823      6.127    25.5791    29.8480    19.8121    19.8074    4993.99    36.0044     4.1691     5.9581     80.761    186.194      8.203  0.000e+00
    121.750      6.210   4.906759     2.0877     1.2093      6.176    25.6655    29.9338    19.8037    19.7990    4994.33    36.1147     4.1686     5.9573     80.791    186.170      8.200  0.000e+00
    122.000      6.217   4.915534     2.0828     1.2112      6.182    25.7245    29.9925    19.7998    19.7950    4994.57    36.1907     4.1681     5.9566     80.811    186.146      8.197  0.000e+00
    122.250      6.204   4.917828     2.0797     1.2093      6.170    25.6240    29.8906    19.9244    19.9197    4995.38    36.1021     4.1667     5.9546     80.926    186.084      8.200  0.000e+00
    122.500      6.136   4.918860     2.0847     1.2112      6.102    25.4277    29.6920    20.1450    20.1402    4996.70    35.9217     4.1852     5.9810     81.526    186.910      8.198  0.000e+00
    122.750      6.056   4.917488     2.0947     1.1597      6.022    25.2677    29.5304    20.3105    20.3056    4997.63    35.7698     4.2244     6.0371     82.464    188.661      8.198  0.000e+00
    123.000      5.950   4.902668     2.1043     1.1398      5.918    25.0854    29.3478    20.4094    20.4045    4997.76    35.5653     4.2706     6.1032     83.416    190.727      8.197  0.000e+00
    123.250      5.858   4.887506     2.1163     1.1597      5.825    24.9445    29.2072    20.4609    20.4560    4997.61    35.3987     4.3274     6.1843     84.521    193.263      8.196  0.000e+00
    123.500      5.777   4.886631     2.1334     1.1517      5.745    24.9192    29.1816    20.4829    20.4780    4997.71    35.3732     4.3998     6.2877     85.956    196.494      8.195  0.000e+00
    123.750      5.715   4.887477     2.1561     1.1379      5.683    24.9607    29.2236    20.4428    20.4379    4997.50    35.4136     4.4959     6.4251     87.791    200.786      8.194  0.000e+00
    124.000      5.690   4.886750     2.1794     1.4354      5.659    25.0912    29.3555    20.2941    20.2893    4996.60    35.5325     4.6041     6.5798     89.725    205.621      8.198  0.000e+00
    124.250      5.684   4.882693     2.1979     1.4255      5.653    25.2138    29.4800    20.1316    20.1268    4995.51    35.6365     4.6952     6.7099     91.285    209.688      8.198  0.000e+00
    124.500      5.708   4.871261     2.2120     1.4235      5.677    25.2697    29.5379    19.9917    19.9869    4994.34    35.6613     4.7634     6.8074     92.388    212.733      8.198  0.000e+00
    124.750      5.721   4.854197     2.2264     1.4394      5.689    25.2868    29.5572    19.8555    19.8507    4993.01    35.6365     4.8258     6.8965     93.351    215.520      8.199  0.000e+00
    125.000      5.777   4.832836     2.2465     1.2648      5.745    25.2689    29.5418    19.7274    19.7227    4991.60    35.5690     4.9031     7.0071     94.587    218.974      8.199  0.000e+00
    125.250      5.863   4.801463     2.2724     1.2608      5.831    25.1761    29.4518    19.6115    19.6068    4989.95    35.4078     4.9985     7.1433     96.129    223.232      8.201  0.000e+00
    125.500      5.987   4.779677     2.3031     1.2648      5.954    25.1344    29.4123    19.5055    19.5008    4988.65    35.3170     5.1067     7.2981     97.967    228.067      8.202  0.000e+00
    125.750      6.111   4.772044     2.3322     1.2668      6.077    25.1767    29.4560    19.4054    19.4008    4987.81    35.3384     5.2096     7.4450     99.768    232.660      8.201  0.000e+00
    126.000      6.229   4.768548     2.3478     1.2212      6.194    25.2362    29.5166    19.3154    19.3107    4987.16    35.3857     5.2698     7.5311    100.782    235.349      8.199  0.000e+00
    126.250      6.328   4.768327     2.3696     1.2093      6.293    25.2991    29.5804    19.2445    19.2399    4986.73    35.4442     5.3466     7.6408    102.152    238.778      8.202  0.000e+00
    126.500      6.383   4.812376     2.4012     1.2033      6.348    25.6261    29.9056    19.1945    19.1899    4987.79    35.8552     5.4420     7.7772    104.133    243.040      8.201  0.000e+00
    126.750      6.383   4.853683     2.4399     1.2152      6.348    25.9133    30.1909    19.1699    19.1653    4988.92    36.2225     5.5586     7.9437    106.548    248.245      8.201  0.000e+00
    127.000      6.284   4.845861     2.4806     1.2112      6.250    25.8248    30.1023    19.2115    19.2069    4988.92    36.1208     5.6886     8.1295    109.058    254.051      8.199  0.000e+00
    127.250      6.172   4.833064     2.5122     1.2608      6.138    25.5481    29.8241    19.4234    19.4187    4989.80    35.8306     5.7730     8.2501    110.918    257.820      8.197  0.000e+00
    127.500      6.005   4.836419     2.5341     1.2668      5.972    25.3653    29.6388    19.6464    19.6417    4991.23    35.6675     5.8157     8.3111    112.089    259.727      8.198  0.000e+00
    127.750      5.850   4.840396     2.5451     1.2608      5.818    25.2799    29.5520    19.7676    19.7629    4992.07    35.5972     5.8284     8.3293    112.538    260.295      8.196  0.000e+00
    128.000      5.696   4.827464     2.5455     1.2807      5.664    25.1468    29.4189    19.8244    19.8197    4992.01    35.4424     5.8079     8.3000    112.156    259.379      8.198  0.000e+00
    128.250      5.609   4.820767     2.5358     1.2866      5.578    25.0741    29.3462    19.8582    19.8534    4992.01    35.3588     5.7324     8.1922    110.713    256.011      8.196  0.000e+00
    128.500      5.578   4.823461     2.5266     1.2985      5.547    25.0730    29.3448    19.8780    19.8732    4992.21    35.3642     5.6386     8.0581    108.944    251.820      8.196  0.000e+00
    128.750      5.597   4.788358     2.5186     1.2886      5.566    24.9076    29.1818    19.8171    19.8123    4990.78    35.1265     5.5609     7.9470    107.171    248.349      8.196  0.000e+00
    129.000      5.683   4.769923     2.5074     1.2946      5.652    24.9350    29.2118    19.6579    19.6532    4989.26    35.1079     5.4828     7.8355    105.346    244.861      8.200  0.000e+00
    129.250      5.807   4.761761     2.4942     1.2033      5.775    25.0280    29.3069    19.4977    19.4931    4988.04    35.1751     5.4085     7.7293    103.654    241.544      8.200  0.000e+00
    129.500      5.943   4.759240     2.4993     1.2232      5.911    25.1203    29.4006    19.3779    19.3733    4987.24    35.2553     5.4063     7.7262    103.432    241.446      8.200  0.000e+00
    129.750      6.055   4.758156     2.5132     1.2212      6.022    25.1926    29.4739    19.2905    19.2859    4986.68    35.3204     5.4551     7.7959    104.237    243.625      8.199  0.000e+00
    130.000      6.154   4.759786     2.5421     1.2112      6.120    25.2585    29.5404    19.2293    19.2247    4986.36    35.3860     5.5751     7.9674    106.451    248.984      8.201  0.000e+00
    130.250      6.216   4.765575     2.5807     1.2112      6.182    25.3305    29.6124    19.1908    19.1862    4986.31    35.4671     5.7460     8.2117    109.690    256.618      8.199  0.000e+00
    130.500      6.241   4.781615     2.6094     1.2093      6.206    25.4513    29.7326    19.1706    19.1660    4986.68    35.6184     5.8901     8.4176    112.500    263.053      8.200  0.000e+00
    130.750      6.234   4.781873     2.6236     1.2212      6.200    25.4620    29.7434    19.1608    19.1562    4986.63    35.6291     5.9869     8.5559    114.335    267.376      8.199  0.000e+00
    131.000      6.197   4.781450     2.6186     1.2033      6.163    25.4438    29.7250    19.1778    19.1732    4986.72    35.6110     6.0016     8.5769    114.639    268.031      8.201  0.000e+00
    131.250      6.148   4.782258     2.6084     1.2093      6.114    25.3918    29.6723    19.2404    19.2358    4987.12    35.5641     5.9636     8.5225    114.013    266.333      8.197  0.000e+00
    131.500      6.074   4.785186     2.5949     1.2093      6.040    25.3552    29.6350    19.3010    19.2963    4987.58    35.5367     5.8793     8.4021    112.509    262.569      8.197  0.000e+00
    131.750      6.012   4.787986     2.5843     1.2271      5.979    25.3353    29.6145    19.3425    19.3378    4987.91    35.5247     5.7860     8.2687    110.800    258.401      8.197  0.000e+00
    132.000      5.968   4.788236     2.5712     1.2093      5.936    25.3103    29.5891    19.3717    19.3670    4988.10    35.5018     5.6764     8.1121    108.745    253.506      8.199  0.000e+00
    132.250      5.943   4.783151     2.5553     1.2093      5.911    25.2599    29.5388    19.3916    19.3869    4988.06    35.4426     5.5652     7.9533    106.618    248.544      8.197  0.000e+00
    132.500      5.919   4.782155     2.5378     1.0902      5.886    25.2453    29.5242    19.4007    19.3960    4988.08    35.4266     5.4680     7.8143    104.762    244.200      8.196  0.000e+00
    132.750      5.919   4.780810     2.5222     1.1220      5.886    25.2448    29.5239    19.3917    19.3871    4987.99    35.4230     5.3981     7.7144    103.405    241.080      8.198  0.000e+00
    133.000      5.925   4.776280     2.5049     1.1220      5.892    25.2534    29.5331    19.3506    19.3460    4987.60    35.4202     5.3413     7.6333    102.238    238.544      8.198  0.000e+00
    133.250      5.937   4.773197     2.4856     1.1101      5.905    25.2743    29.5547    19.3060    19.3014    4987.23    35.4326     5.2816     7.5479    101.018    235.875      8.197  0.000e+00
    133.500      5.931   4.778786     2.4623     1.1140      5.899    25.3459    29.6264    19.2665    19.2619    4987.16    35.5129     5.2061     7.4401     99.549    232.505      8.198  0.000e+00
    133.750      5.925   4.788302     2.4382     1.4592      5.893    25.4283    29.7085    19.2427    19.2381    4987.31    35.6127     5.1228     7.3211     97.972    228.786      8.195  0.000e+00
    134.000      5.913   4.791240     2.4135     1.4592      5.880    25.4578    29.7380    19.2310    19.2264    4987.33    35.6472     5.0400     7.2027     96.387    225.087      8.197  0.000e+00
    134.250      5.913   4.793949     2.3901     1.4552      5.880    25.4879    29.7681    19.2170    19.2124    4987.33    35.6819     4.9627     7.0922     94.904    221.635      8.197  0.000e+00
    134.500      5.913   4.792788     2.3659     1.4533      5.880    25.4911    29.7714    19.2054    19.2008    4987.22    35.6822     4.8848     6.9809     93.394    218.156      8.198  0.000e+00
    134.750      5.938   4.782352     2.3452     1.0764      5.905    25.4323    29.7133    19.1967    19.1921    4986.85    35.6024     4.8219     6.8910     92.133    215.347      8.197  0.000e+00
    135.000      5.969   4.772655     2.3277     1.0883      5.936    25.3803    29.6619    19.1858    19.1812    4986.49    35.5307     4.7751     6.8241     91.181    213.256      8.195  0.000e+00
    135.250      6.025   4.768264     2.3150     1.0764      5.991    25.3681    29.6501    19.1684    19.1639    4986.25    35.5088     4.7506     6.7891     90.672    212.162      8.197  0.000e+00
    135.500      6.080   4.765833     2.3132     1.0902      6.047    25.3676    29.6499    19.1519    19.1473    4986.07    35.5026     4.7703     6.8172     91.016    213.040      8.199  0.000e+00
    135.750      6.124   4.762953     2.3124     2.2745      6.090    25.3608    29.6434    19.1392    19.1346    4985.91    35.4894     4.8017     6.8621     91.588    214.445      8.197  0.000e+00
    136.000      6.192   4.770217     2.3101     2.2428      6.158    25.4163    29.6986    19.1292    19.1246    4986.08    35.5586     4.8297     6.9021     92.143    215.695      8.197  0.000e+00
    136.250      6.210   4.789887     2.3059     2.2547      6.176    25.5421    29.8235    19.1292    19.1246    4986.69    35.7233     4.8464     6.9260     92.552    216.440      8.194  0.000e+00
    136.500      6.210   4.803020     2.2979     2.2685      6.176    25.6241    29.9048    19.1315    19.1269    4987.11    35.8313     4.8473     6.9273     92.633    216.482      8.195  0.000e+00
    136.750      6.179   4.808845     2.2885     2.2626      6.145    25.6336    29.9136    19.1618    19.1572    4987.47    35.8540     4.8328     6.9066     92.420    215.834      8.195  0.000e+00
    137.000      6.130   4.808068     2.2802     1.4255      6.096    25.5343    29.8133    19.2647    19.2600    4988.07    35.7588     4.8077     6.8707     92.063    214.712      8.196  0.000e+00
    137.250      6.049   4.806933     2.2791     1.4334      6.016    25.4277    29.7056    19.3733    19.3687    4988.69    35.6560     4.7976     6.8562     91.997    214.260      8.195  0.000e+00
    137.500      5.993   4.806766     2.2815     1.4354      5.960    25.3426    29.6195    19.4654    19.4608    4989.23    35.5759     4.7976     6.8562     92.109    214.259      8.195  0.000e+00
    137.750      5.925   4.804699     2.2872     1.4176      5.893    25.2668    29.5431    19.5342    19.5296    4989.58    35.5002     4.8164     6.8832     92.547    215.102      8.196  0.000e+00
    138.000      5.894   4.796746     2.2949     1.4890      5.862    25.1776    29.4539    19.5770    19.5723    4989.60    35.3980     4.8524     6.9346     93.256    216.710      8.193  0.000e+00
    138.250      5.864   4.790811     2.3014     1.4850      5.831    25.1196    29.3959    19.5996    19.5949    4989.55    35.3297     4.8915     6.9904     94.007    218.453      8.192  0.000e+00
    138.500      5.870   4.791621     2.3101     1.4790      5.837    25.1173    29.3935    19.6077    19.6030    4989.63    35.3295     4.9399     7.0597     94.953    220.618      8.196  0.000e+00
    138.750      5.913   4.778588     2.3200     1.4909      5.880    25.0768    29.3542    19.5615    19.5568    4988.95    35.2606     4.9986     7.1435     95.959    223.236      8.194  0.000e+00
    139.000      5.987   4.763870     2.3293     1.5167      5.954    25.0674    29.3465    19.4689    19.4642    4987.94    35.2169     5.0545     7.2234     96.841    225.734      8.195  0.000e+00
    139.250      6.062   4.757097     2.3343     1.5187      6.028    25.1122    29.3927    19.3719    19.3672    4987.15    35.2426     5.0872     7.2701     97.308    227.194      8.196  0.000e+00
    139.500      6.130   4.754863     2.3378     1.5247      6.096    25.1723    29.4538    19.2898    19.2852    4986.58    35.2935     5.1058     7.2967     97.546    228.025      8.197  0.000e+00
    139.750      6.192   4.754799     2.3390     1.5366      6.158    25.2303    29.5124    19.2254    19.2208    4986.19    35.3477     5.1091     7.3014     97.524    228.172      8.195  0.000e+00
    140.000      6.217   4.763110     2.3368     1.5148      6.182    25.3257    29.6079    19.1788    19.1742    4986.16    35.4568     5.0928     7.2781     97.192    227.445      8.198  0.000e+00
    140.250      6.241   4.782739     2.3310     1.4810      6.207    25.4755    29.7570    19.1520    19.1474    4986.61    35.6438     5.0559     7.2254     96.548    225.797      8.195  0.000e+00
