cruises/baja2025/cnv/20250504_cast5.cnv
* Sea-Bird SBE19plus Data File:
* FileName = C:\Users\ScienceTech\OneDrive - Western Flyer Foundation\Desktop\ProfilingCTD\data\Leg 3\20250504_PP500J_cast1.hex
* Software Version 1.59
* Temperature SN =  8289
* Conductivity SN =  8289
* System UpLoad Time = May 04 2025 19:56:59
** PP500J
** 2224Z
** 27-32.54'N
** 112-18.75'W
** Depth 511m
# nquan = 18
# nvalues = 8328                                  
# units = specified
# name 0 = timeS: Time, Elapsed [seconds]
# name 1 = prdM: Pressure, Strain Gauge [db]
# name 2 = c0S/m: Conductivity [S/m]
# name 3 = sbeox0V: Oxygen raw, SBE 43 [V]
# name 4 = flECO-AFL: Fluorescence, WET Labs ECO-AFL/FL [mg/m^3]
# name 5 = depSM: Depth [salt water, m], lat = 0.00
# name 6 = sigma-t00: Density [sigma-t, kg/m^3 ]
# name 7 = sigma-100: Density [sigma-1, kg/m^3 ]
# name 8 = tv268C: Temperature [IPTS-68, deg C]
# name 9 = tv290C: Temperature [ITS-90, deg C]
# name 10 = svCF: Sound Velocity [Chen-Millero, ft/s]
# name 11 = sal00: Salinity, Practical [PSU]
# name 12 = sbeox0ML/L: Oxygen, SBE 43 [ml/l]
# name 13 = sbeox0Mg/L: Oxygen, SBE 43 [mg/l]
# name 14 = sbeox0PS: Oxygen, SBE 43 [% saturation]
# name 15 = sbeox0Mm/L: Oxygen, SBE 43 [umol/l]
# name 16 = ph: pH
# name 17 = flag:  0.000e+00
# span 0 =      0.000,   2081.750                 
# span 1 =     -0.213,    443.739                 
# span 2 =   0.047660,   4.958581                 
# span 3 =     0.6779,     3.0010                 
# span 4 =    -0.1654,   128.6979                 
# span 5 =     -0.212,    440.828                 
# span 6 =    -1.8334,    26.7842                 
# span 7 =     2.6437,    31.2499                 
# span 8 =     9.8604,    21.2256                 
# span 9 =     9.8580,    21.2205                 
# span 10 =    4870.02,    5003.50                
# span 11 =     0.2502,    35.9330                
# span 12 =     0.5354,     7.2910                
# span 13 =     0.7651,    10.4195                
# span 14 =      8.438,    136.382                
# span 15 =     23.911,    325.615                
# span 16 =      7.632,      8.215                
# span 17 = 0.0000e+00, 0.0000e+00                
# interval = seconds: 0.25
# start_time = May 04 2025 15:23:00 [Instrument's time stamp, header]
# bad_flag = -9.990e-29
*END*
[from data line 7960]
   1990.000     26.711   4.744388     2.8550     2.8081     26.562    25.2704    29.5555    19.1016    19.0970    4986.20    35.3586     6.5242     9.3237    124.258    291.369      8.178  0.000e+00
   1990.250     26.847   4.744509     2.8574     2.8101     26.698    25.2664    29.5513    19.1069    19.1023    4986.24    35.3550     6.5359     9.3404    124.490    291.892      8.182  0.000e+00
   1990.500     26.946   4.743460     2.8621     2.8220     26.796    25.2560    29.5410    19.1109    19.1063    4986.24    35.3428     6.5565     9.3698    124.882    292.811      8.183  0.000e+00
   1990.750     26.989   4.743210     2.8682     2.8061     26.839    25.2543    29.5393    19.1110    19.1064    4986.24    35.3406     6.5806     9.4043    125.341    293.889      8.185  0.000e+00
   1991.000     26.958   4.743717     2.8727     2.8220     26.808    25.2593    29.5443    19.1091    19.1045    4986.24    35.3465     6.5982     9.4295    125.677    294.677      8.184  0.000e+00
   1991.250     26.847   4.743874     2.8774     2.7764     26.698    25.2609    29.5459    19.1084    19.1038    4986.23    35.3484     6.6149     9.4534    125.995    295.424      8.186  0.000e+00
   1991.500     26.655   4.743845     2.8808     2.7764     26.507    25.2604    29.5453    19.1089    19.1043    4986.23    35.3478     6.6256     9.4687    126.199    295.901      8.183  0.000e+00
   1991.750     26.413   4.743874     2.8810     2.7803     26.266    25.2602    29.5452    19.1093    19.1048    4986.22    35.3478     6.6223     9.4640    126.138    295.754      8.184  0.000e+00
   1992.000     26.128   4.743938     2.8799     2.7764     25.983    25.2604    29.5454    19.1096    19.1050    4986.21    35.3482     6.6130     9.4507    125.961    295.337      8.182  0.000e+00
   1992.250     25.856   4.743938     2.8769     2.9668     25.712    25.2600    29.5449    19.1102    19.1056    4986.19    35.3478     6.5956     9.4258    125.631    294.561      8.184  0.000e+00
   1992.500     25.589   4.743973     2.8765     2.9608     25.447    25.2600    29.5449    19.1105    19.1059    4986.18    35.3479     6.5836     9.4086    125.402    294.022      8.184  0.000e+00
   1992.750     25.354   4.743973     2.8761     2.9807     25.213    25.2596    29.5444    19.1111    19.1065    4986.17    35.3475     6.5717     9.3917    125.178    293.494      8.185  0.000e+00
   1993.000     25.149   4.743973     2.8790     2.9668     25.010    25.2593    29.5442    19.1114    19.1068    4986.17    35.3473     6.5741     9.3950    125.223    293.599      8.183  0.000e+00
   1993.250     25.007   4.744159     2.8835     3.1235     24.868    25.2604    29.5453    19.1115    19.1069    4986.16    35.3488     6.5860     9.4120    125.451    294.129      8.183  0.000e+00
   1993.500     24.945   4.744158     2.8867     3.1255     24.806    25.2599    29.5447    19.1122    19.1076    4986.16    35.3483     6.5987     9.4301    125.693    294.696      8.183  0.000e+00
   1993.750     24.939   4.744323     2.8884     3.1156     24.800    25.2602    29.5450    19.1130    19.1084    4986.17    35.3490     6.6098     9.4461    125.908    295.193      8.185  0.000e+00
   1994.000     24.994   4.744480     2.8890     3.1215     24.856    25.2606    29.5454    19.1136    19.1090    4986.19    35.3497     6.6168     9.4560    126.043    295.505      8.183  0.000e+00
   1994.250     25.044   4.744736     2.8875     3.1176     24.905    25.2617    29.5465    19.1142    19.1096    4986.20    35.3514     6.6147     9.4530    126.005    295.411      8.185  0.000e+00
   1994.500     25.087   4.744801     2.8872     3.2009     24.948    25.2608    29.5456    19.1156    19.1110    4986.21    35.3507     6.6119     9.4491    125.956    295.288      8.185  0.000e+00
   1994.750     25.094   4.744765     2.8870     3.1870     24.954    25.2596    29.5443    19.1167    19.1121    4986.22    35.3494     6.6075     9.4427    125.873    295.089      8.184  0.000e+00
   1995.000     25.081   4.744608     2.8896     3.1910     24.942    25.2578    29.5426    19.1175    19.1130    4986.22    35.3474     6.6103     9.4468    125.928    295.218      8.184  0.000e+00
   1995.250     25.044   4.744480     2.8923     3.1850     24.905    25.2572    29.5420    19.1174    19.1128    4986.21    35.3465     6.6158     9.4546    126.030    295.460      8.186  0.000e+00
   1995.500     24.982   4.744415     2.8945     2.9013     24.843    25.2574    29.5422    19.1166    19.1120    4986.20    35.3466     6.6225     9.4642    126.157    295.761      8.187  0.000e+00
   1995.750     24.914   4.744672     2.8962     2.9113     24.776    25.2594    29.5442    19.1163    19.1117    4986.20    35.3491     6.6298     9.4746    126.297    296.087      8.183  0.000e+00
   1996.000     24.827   4.745115     2.8971     2.9113     24.689    25.2622    29.5469    19.1164    19.1118    4986.21    35.3528     6.6356     9.4829    126.411    296.346      8.185  0.000e+00
   1996.250     24.679   4.745022     2.8981     2.9132     24.541    25.2602    29.5450    19.1179    19.1133    4986.21    35.3507     6.6408     9.4903    126.511    296.577      8.186  0.000e+00
   1996.500     24.493   4.744829     2.9016     3.3477     24.357    25.2581    29.5429    19.1189    19.1143    4986.20    35.3483     6.6531     9.5079    126.746    297.126      8.185  0.000e+00
   1996.750     24.270   4.745021     2.9009     3.3516     24.135    25.2589    29.5436    19.1195    19.1149    4986.20    35.3495     6.6499     9.5034    126.688    296.985      8.187  0.000e+00
   1997.000     24.053   4.745178     2.8997     3.3437     23.919    25.2598    29.5445    19.1196    19.1151    4986.19    35.3508     6.6422     9.4924    126.543    296.642      8.186  0.000e+00
   1997.250     23.824   4.745242     2.9000     3.3417     23.691    25.2598    29.5445    19.1202    19.1156    4986.19    35.3509     6.6393     9.4882    126.489    296.512      8.187  0.000e+00
   1997.500     23.656   4.745278     2.8979     3.3417     23.525    25.2594    29.5441    19.1209    19.1163    4986.18    35.3507     6.6285     9.4728    126.285    296.029      8.186  0.000e+00
   1997.750     23.483   4.745335     2.8963     3.5440     23.353    25.2590    29.5436    19.1218    19.1172    4986.18    35.3504     6.6190     9.4592    126.104    295.603      8.186  0.000e+00
   1998.000     23.328   4.745242     2.8972     3.5500     23.199    25.2579    29.5425    19.1225    19.1179    4986.18    35.3492     6.6183     9.4582    126.092    295.572      8.186  0.000e+00
   1998.250     23.216   4.745242     2.8996     3.5619     23.088    25.2578    29.5424    19.1226    19.1180    4986.17    35.3491     6.6240     9.4663    126.201    295.826      8.186  0.000e+00
   1998.500     23.117   4.745528     2.9018     3.5500     22.989    25.2595    29.5441    19.1227    19.1181    4986.17    35.3514     6.6310     9.4764    126.337    296.141      8.185  0.000e+00
   1998.750     23.031   4.745756     2.9048     3.1354     22.903    25.2605    29.5451    19.1233    19.1187    4986.18    35.3529     6.6446     9.4958    126.598    296.748      8.186  0.000e+00
   1999.000     22.956   4.745720     2.9065     3.1414     22.829    25.2590    29.5435    19.1247    19.1202    4986.18    35.3514     6.6545     9.5100    126.790    297.191      8.189  0.000e+00
   1999.250     22.919   4.745877     2.9068     3.1156     22.792    25.2590    29.5435    19.1258    19.1212    4986.19    35.3518     6.6589     9.5162    126.875    297.384      8.188  0.000e+00
   1999.500     22.888   4.746006     2.9067     3.1334     22.761    25.2591    29.5436    19.1267    19.1221    4986.20    35.3521     6.6612     9.5195    126.922    297.490      8.186  0.000e+00
   1999.750     22.863   4.745941     2.9053     3.9686     22.736    25.2575    29.5420    19.1279    19.1233    4986.21    35.3505     6.6561     9.5122    126.827    297.262      8.188  0.000e+00
   2000.000     22.845   4.746070     2.9067     3.9507     22.718    25.2579    29.5424    19.1284    19.1238    4986.21    35.3512     6.6570     9.5135    126.846    297.302      8.189  0.000e+00
   2000.250     22.839   4.745877     2.9065     3.9626     22.712    25.2560    29.5405    19.1291    19.1245    4986.21    35.3490     6.6524     9.5069    126.758    297.096      8.187  0.000e+00
   2000.500     22.832   4.745756     2.9047     3.9765     22.706    25.2551    29.5396    19.1293    19.1247    4986.21    35.3478     6.6428     9.4932    126.574    296.667      8.189  0.000e+00
   2000.750     22.795   4.745813     2.9045     3.1870     22.669    25.2557    29.5402    19.1290    19.1244    4986.20    35.3485     6.6383     9.4868    126.488    296.466      8.188  0.000e+00
   2001.000     22.727   4.745720     2.9050     3.1850     22.601    25.2555    29.5400    19.1287    19.1241    4986.20    35.3481     6.6384     9.4869    126.488    296.469      8.188  0.000e+00
   2001.250     22.622   4.745813     2.9052     3.1890     22.496    25.2563    29.5407    19.1285    19.1239    4986.19    35.3491     6.6388     9.4874    126.496    296.487      8.189  0.000e+00
   2001.500     22.454   4.745813     2.9061     3.1830     22.330    25.2566    29.5410    19.1282    19.1236    4986.18    35.3494     6.6424     9.4926    126.565    296.648      8.189  0.000e+00
   2001.750     22.231   4.745784     2.9065     3.1910     22.108    25.2563    29.5407    19.1284    19.1238    4986.17    35.3491     6.6450     9.4963    126.614    296.765      8.187  0.000e+00
   2002.000     21.965   4.746069     2.9059     2.9450     21.843    25.2581    29.5425    19.1285    19.1239    4986.17    35.3515     6.6429     9.4934    126.577    296.673      8.188  0.000e+00
   2002.250     21.699   4.745976     2.9050     2.9370     21.578    25.2569    29.5413    19.1292    19.1246    4986.15    35.3502     6.6405     9.4899    126.532    296.565      8.187  0.000e+00
   2002.500     21.401   4.745655     2.9038     2.9251     21.283    25.2545    29.5389    19.1298    19.1252    4986.13    35.3471     6.6366     9.4843    126.456    296.389      8.190  0.000e+00
   2002.750     21.116   4.745562     2.9014     2.9470     20.999    25.2544    29.5388    19.1292    19.1246    4986.11    35.3469     6.6268     9.4704    126.269    295.955      8.188  0.000e+00
   2003.000     20.862   4.745626     2.8970     3.1235     20.747    25.2557    29.5401    19.1284    19.1238    4986.09    35.3482     6.6087     9.4445    125.923    295.146      8.189  0.000e+00
   2003.250     20.639   4.745940     2.8968     3.1215     20.525    25.2581    29.5424    19.1280    19.1234    4986.09    35.3513     6.6038     9.4375    125.831    294.926      8.189  0.000e+00
   2003.500     20.503   4.746547     2.9000     3.1334     20.389    25.2615    29.5458    19.1286    19.1240    4986.10    35.3559     6.6123     9.4497    125.998    295.306      8.186  0.000e+00
   2003.750     20.422   4.746804     2.9055     3.1255     20.309    25.2611    29.5454    19.1309    19.1263    4986.12    35.3562     6.6321     9.4779    126.380    296.190      8.187  0.000e+00
   2004.000     20.447   4.747182     2.9074     3.2346     20.334    25.2611    29.5453    19.1335    19.1289    4986.15    35.3571     6.6439     9.4948    126.611    296.715      8.190  0.000e+00
   2004.250     20.522   4.747346     2.9044     3.2247     20.408    25.2597    29.5439    19.1361    19.1316    4986.17    35.3561     6.6394     9.4884    126.532    296.517      8.189  0.000e+00
   2004.500     20.633   4.747532     2.9028     3.2128     20.519    25.2585    29.5426    19.1388    19.1342    4986.20    35.3554     6.6372     9.4853    126.496    296.419      8.190  0.000e+00
   2004.750     20.726   4.747596     2.9025     3.2346     20.611    25.2570    29.5412    19.1408    19.1362    4986.22    35.3542     6.6379     9.4862    126.513    296.449      8.192  0.000e+00
   2005.000     20.788   4.747596     2.9033     3.2485     20.673    25.2558    29.5399    19.1422    19.1376    4986.23    35.3530     6.6406     9.4901    126.567    296.570      8.190  0.000e+00
   2005.250     20.800   4.747596     2.9053     3.0620     20.685    25.2549    29.5391    19.1431    19.1385    4986.24    35.3522     6.6438     9.4947    126.629    296.712      8.189  0.000e+00
   2005.500     20.726   4.747596     2.9068     3.0620     20.611    25.2545    29.5387    19.1435    19.1389    4986.24    35.3519     6.6448     9.4961    126.650    296.759      8.190  0.000e+00
   2005.750     20.584   4.747439     2.9110     3.0521     20.469    25.2536    29.5377    19.1435    19.1389    4986.23    35.3506     6.6575     9.5143    126.891    297.326      8.188  0.000e+00
   2006.000     20.354   4.747310     2.9164     3.0660     20.242    25.2531    29.5372    19.1433    19.1387    4986.21    35.3498     6.6803     9.5468    127.322    298.340      8.191  0.000e+00
   2006.250     20.069   4.747439     2.9162     3.2802     19.958    25.2544    29.5385    19.1428    19.1382    4986.19    35.3514     6.6865     9.5556    127.441    298.618      8.192  0.000e+00
   2006.500     19.753   4.747531     2.9151     3.2822     19.644    25.2551    29.5392    19.1427    19.1381    4986.18    35.3524     6.6856     9.5543    127.424    298.577      8.191  0.000e+00
   2006.750     19.444   4.747631     2.9148     3.2822     19.336    25.2555    29.5396    19.1431    19.1385    4986.17    35.3530     6.6833     9.5512    127.383    298.478      8.188  0.000e+00
   2007.000     19.128   4.748523     2.9151     3.2901     19.022    25.2607    29.5447    19.1438    19.1392    4986.18    35.3600     6.6804     9.5470    127.335    298.348      8.189  0.000e+00
   2007.250     18.855   4.749030     2.9132     3.3536     18.751    25.2619    29.5458    19.1461    19.1415    4986.20    35.3624     6.6686     9.5301    127.117    297.820      8.195  0.000e+00
   2007.500     18.645   4.749351     2.9148     3.3695     18.541    25.2601    29.5440    19.1504    19.1458    4986.22    35.3615     6.6673     9.5283    127.102    297.763      8.192  0.000e+00
   2007.750     18.508   4.751107     2.9165     3.3635     18.406    25.2678    29.5515    19.1543    19.1497    4986.29    35.3728     6.6671     9.5280    127.116    297.754      8.191  0.000e+00
   2008.000     18.465   4.753692     2.9171     3.3536     18.363    25.2776    29.5611    19.1617    19.1571    4986.42    35.3882     6.6652     9.5253    127.108    297.669      8.191  0.000e+00
   2008.250     18.483   4.754170     2.9193     3.3596     18.381    25.2685    29.5519    19.1750    19.1704    4986.52    35.3808     6.6735     9.5371    127.292    298.039      8.193  0.000e+00
   2008.500     18.545   4.754648     2.9190     3.3635     18.443    25.2602    29.5434    19.1875    19.1829    4986.61    35.3741     6.6738     9.5375    127.322    298.051      8.195  0.000e+00
   2008.750     18.638   4.754898     2.9229     3.3635     18.535    25.2533    29.5364    19.1969    19.1923    4986.68    35.3682     6.6872     9.5566    127.595    298.649      8.196  0.000e+00
   2009.000     18.700   4.755191     2.9260     3.3794     18.597    25.2492    29.5322    19.2034    19.1988    4986.73    35.3650     6.6994     9.5742    127.842    299.196      8.197  0.000e+00
   2009.250     18.731   4.755377     2.9290     3.4012     18.627    25.2461    29.5290    19.2082    19.2036    4986.77    35.3625     6.7121     9.5923    128.093    299.763      8.199  0.000e+00
   2009.500     18.719   4.756341     2.9314     3.3496     18.615    25.2488    29.5317    19.2119    19.2073    4986.82    35.3674     6.7203     9.6040    128.263    300.130      8.196  0.000e+00
   2009.750     18.644   4.757327     2.9325     3.3417     18.541    25.2511    29.5339    19.2163    19.2117    4986.87    35.3719     6.7240     9.6093    128.347    300.295      8.195  0.000e+00
