cruises/baja2025/cnv/20250420_cast1.cnv
* Sea-Bird SBE19plus Data File:
* FileName = C:\Users\ScienceTech\OneDrive - Western Flyer Foundation\Desktop\ProfilingCTD\data\20250420_CanalDeBallenas_cast8.hex
* Software Version 1.59
* Temperature SN =  8289
* Conductivity SN =  8289
* System UpLoad Time = Apr 20 2025 16:22:12
** CanalDeBallenas
** 4/20 0821 UTC
** 29 3.725'N
** 113 28.721'W
** ~280 m
# nquan = 18
# nvalues = 5971                                  
# units = specified
# name 0 = timeS: Time, Elapsed [seconds]
# name 1 = prdM: Pressure, Strain Gauge [db]
# name 2 = c0S/m: Conductivity [S/m]
# name 3 = sbeox0V: Oxygen raw, SBE 43 [V]
# name 4 = flECO-AFL: Fluorescence, WET Labs ECO-AFL/FL [mg/m^3]
# name 5 = depSM: Depth [salt water, m], lat = 0.00
# name 6 = sigma-t00: Density [sigma-t, kg/m^3 ]
# name 7 = sigma-100: Density [sigma-1, kg/m^3 ]
# name 8 = tv268C: Temperature [IPTS-68, deg C]
# name 9 = tv290C: Temperature [ITS-90, deg C]
# name 10 = svCF: Sound Velocity [Chen-Millero, ft/s]
# name 11 = sal00: Salinity, Practical [PSU]
# name 12 = sbeox0ML/L: Oxygen, SBE 43 [ml/l]
# name 13 = sbeox0Mg/L: Oxygen, SBE 43 [mg/l]
# name 14 = sbeox0PS: Oxygen, SBE 43 [% saturation]
# name 15 = sbeox0Mm/L: Oxygen, SBE 43 [umol/l]
# name 16 = ph: pH
# name 17 = flag:  0.000e+00
# span 0 =      0.000,   1492.500                 
# span 1 =     -0.127,    290.062                 
# span 2 =  -0.276113,   4.441335                 
# span 3 =     1.0221,     2.9068                 
# span 4 =    -0.1337,   128.6940                 
# span 5 =     -0.126,    288.266                 
# span 6 =    -1.0294,    26.4702                 
# span 7 =     3.5527,    30.8841                 
# span 8 =    12.3581,    16.2982                 
# span 9 =    12.3552,    16.2943                 
# span 10 =    4811.00,    4957.36                
# span 11 =     0.0000,    35.2807                
# span 12 =     1.6480,     8.6374                
# span 13 =     2.3551,    12.3437                
# span 14 =     27.424,    129.335                
# span 15 =     73.598,    385.747                
# span 16 =      7.166,      8.027                
# span 17 = 0.0000e+00, 0.0000e+00                
# interval = seconds: 0.25
# start_time = Apr 20 2025 01:37:55 [Instrument's time stamp, header]
# bad_flag = -9.990e-29
*END*
[from data line 3538]
    884.500    287.433   4.039666     1.0242    -0.0543    285.655    26.4648    30.8798    12.3594    12.3565    4930.11    34.9285     1.6616     2.3746     27.650     74.208      7.702  0.000e+00
    884.750    287.501   4.039680     1.0252    -0.0682    285.723    26.4648    30.8798    12.3595    12.3566    4930.12    34.9286     1.6645     2.3787     27.698     74.334      7.701  0.000e+00
    885.000    287.539   4.039666     1.0245    -0.0543    285.760    26.4647    30.8797    12.3595    12.3566    4930.12    34.9284     1.6605     2.3730     27.631     74.157      7.701  0.000e+00
    885.250    287.539   4.039680     1.0238    -0.0623    285.760    26.4647    30.8796    12.3597    12.3567    4930.12    34.9284     1.6557     2.3662     27.553     73.945      7.703  0.000e+00
    885.500    287.501   4.039720     1.0236    -0.0781    285.723    26.4649    30.8798    12.3598    12.3568    4930.12    34.9287     1.6534     2.3628     27.514     73.840      7.704  0.000e+00
    885.750    287.452   4.039713     1.0255    -0.0543    285.674    26.4648    30.8798    12.3598    12.3568    4930.12    34.9286     1.6629     2.3765     27.672     74.266      7.704  0.000e+00
    886.000    287.384   4.039720     1.0249    -0.0722    285.606    26.4649    30.8798    12.3598    12.3568    4930.12    34.9287     1.6622     2.3755     27.661     74.236      7.704  0.000e+00
    886.250    287.315   4.039713     1.0240    -0.0603    285.538    26.4647    30.8796    12.3600    12.3571    4930.11    34.9285     1.6577     2.3690     27.585     74.032      7.706  0.000e+00
    886.500    287.253   4.039746     1.0237    -0.0643    285.477    26.4647    30.8796    12.3603    12.3574    4930.11    34.9286     1.6571     2.3681     27.576     74.005      7.704  0.000e+00
    886.750    287.191   4.039713     1.0233    -0.0623    285.415    26.4647    30.8796    12.3601    12.3571    4930.11    34.9285     1.6540     2.3637     27.524     73.867      7.702  0.000e+00
    887.000    287.179   4.039713     1.0244    -0.0623    285.403    26.4645    30.8794    12.3602    12.3573    4930.11    34.9283     1.6593     2.3713     27.612     74.103      7.702  0.000e+00
    887.250    287.198   4.039693     1.0231    -0.0702    285.422    26.4645    30.8794    12.3601    12.3571    4930.11    34.9283     1.6540     2.3638     27.525     73.870      7.703  0.000e+00
    887.500    287.247   4.039680     1.0236    -0.0623    285.471    26.4645    30.8794    12.3600    12.3570    4930.11    34.9283     1.6550     2.3652     27.541     73.913      7.701  0.000e+00
    887.750    287.353   4.039640     1.0231    -0.0543    285.575    26.4642    30.8791    12.3600    12.3570    4930.11    34.9278     1.6516     2.3603     27.484     73.759      7.704  0.000e+00
    888.000    287.483   4.039653     1.0232    -0.0682    285.705    26.4644    30.8794    12.3597    12.3568    4930.12    34.9281     1.6533     2.3627     27.511     73.835      7.701  0.000e+00
    888.250    287.613   4.039640     1.0241    -0.0623    285.834    26.4646    30.8795    12.3594    12.3565    4930.12    34.9282     1.6586     2.3704     27.601     74.075      7.705  0.000e+00
    888.500    287.774   4.039680     1.0241    -0.0682    285.994    26.4648    30.8798    12.3594    12.3565    4930.13    34.9285     1.6598     2.3721     27.621     74.128      7.705  0.000e+00
    888.750    287.923   4.039693     1.0239    -0.0643    286.142    26.4649    30.8798    12.3594    12.3565    4930.14    34.9286     1.6599     2.3721     27.621     74.130      7.703  0.000e+00
    889.000    288.072   4.039653     1.0256    -0.0722    286.290    26.4644    30.8793    12.3596    12.3566    4930.15    34.9280     1.6669     2.3822     27.739     74.446      7.701  0.000e+00
    889.250    288.177   4.039667     1.0255    -0.0543    286.394    26.4645    30.8795    12.3595    12.3566    4930.15    34.9281     1.6693     2.3856     27.778     74.551      7.705  0.000e+00
    889.500    288.258   4.039713     1.0254    -0.0623    286.474    26.4649    30.8799    12.3594    12.3565    4930.16    34.9286     1.6693     2.3856     27.779     74.552      7.701  0.000e+00
    889.750    288.270   4.039693     1.0254    -0.0543    286.487    26.4649    30.8799    12.3593    12.3563    4930.16    34.9286     1.6697     2.3862     27.785     74.570      7.702  0.000e+00
    890.000    288.264   4.039740     1.0248    -0.0543    286.481    26.4651    30.8801    12.3594    12.3565    4930.16    34.9289     1.6660     2.3809     27.724     74.404      7.701  0.000e+00
    890.250    288.208   4.039720     1.0234    -0.0543    286.425    26.4649    30.8799    12.3595    12.3566    4930.16    34.9287     1.6578     2.3691     27.586     74.035      7.702  0.000e+00
    890.500    288.122   4.039740     1.0248    -0.0563    286.339    26.4650    30.8800    12.3596    12.3566    4930.15    34.9288     1.6616     2.3746     27.651     74.208      7.705  0.000e+00
    890.750    288.047   4.039720     1.0239    -0.0623    286.265    26.4646    30.8795    12.3600    12.3570    4930.15    34.9283     1.6568     2.3678     27.571     73.994      7.702  0.000e+00
    891.000    287.967   4.039713     1.0236    -0.0781    286.185    26.4645    30.8795    12.3600    12.3570    4930.15    34.9283     1.6533     2.3628     27.513     73.838      7.704  0.000e+00
    891.250    287.911   4.039740     1.0247    -0.0682    286.130    26.4648    30.8798    12.3599    12.3569    4930.14    34.9286     1.6581     2.3696     27.593     74.053      7.705  0.000e+00
    891.500    287.874   4.039720     1.0248    -0.0702    286.093    26.4645    30.8794    12.3601    12.3571    4930.14    34.9283     1.6598     2.3721     27.621     74.129      7.702  0.000e+00
    891.750    287.843   4.039713     1.0251    -0.0643    286.062    26.4645    30.8795    12.3600    12.3571    4930.14    34.9283     1.6628     2.3763     27.670     74.259      7.703  0.000e+00
    892.000    287.874   4.039693     1.0236    -0.0781    286.093    26.4644    30.8794    12.3600    12.3570    4930.14    34.9281     1.6582     2.3697     27.594     74.055      7.703  0.000e+00
    892.250    287.936   4.039680     1.0236    -0.0623    286.154    26.4644    30.8793    12.3599    12.3569    4930.14    34.9280     1.6581     2.3696     27.593     74.052      7.703  0.000e+00
    892.500    288.041   4.039667     1.0231    -0.0781    286.259    26.4643    30.8792    12.3598    12.3568    4930.15    34.9279     1.6540     2.3637     27.523     73.866      7.703  0.000e+00
    892.750    288.184   4.039680     1.0234    -0.0623    286.401    26.4646    30.8796    12.3595    12.3566    4930.15    34.9283     1.6551     2.3653     27.542     73.916      7.701  0.000e+00
    893.000    288.326   4.039693     1.0243    -0.0643    286.542    26.4647    30.8796    12.3595    12.3566    4930.16    34.9283     1.6582     2.3697     27.593     74.054      7.703  0.000e+00
    893.250    288.475   4.039680     1.0247    -0.0623    286.690    26.4645    30.8795    12.3595    12.3566    4930.17    34.9282     1.6600     2.3723     27.623     74.134      7.705  0.000e+00
    893.500    288.636   4.039694     1.0249    -0.0682    286.850    26.4647    30.8797    12.3594    12.3564    4930.18    34.9283     1.6625     2.3759     27.666     74.248      7.705  0.000e+00
    893.750    288.748   4.039714     1.0252    -0.0702    286.961    26.4648    30.8798    12.3594    12.3564    4930.18    34.9285     1.6654     2.3800     27.713     74.376      7.702  0.000e+00
    894.000    288.834   4.039694     1.0255    -0.0643    287.047    26.4646    30.8796    12.3594    12.3564    4930.19    34.9283     1.6692     2.3854     27.776     74.546      7.703  0.000e+00
    894.250    288.896   4.039714     1.0253    -0.0623    287.109    26.4648    30.8797    12.3594    12.3564    4930.19    34.9284     1.6690     2.3852     27.774     74.539      7.701  0.000e+00
    894.500    288.909   4.039747     1.0256    -0.0643    287.121    26.4649    30.8799    12.3595    12.3566    4930.19    34.9286     1.6699     2.3865     27.788     74.578      7.702  0.000e+00
    894.750    288.884   4.039740     1.0262    -0.0702    287.096    26.4649    30.8799    12.3594    12.3565    4930.19    34.9286     1.6714     2.3886     27.814     74.646      7.705  0.000e+00
    895.000    288.853   4.039740     1.0243    -0.0603    287.066    26.4648    30.8798    12.3596    12.3566    4930.19    34.9285     1.6618     2.3749     27.654     74.216      7.703  0.000e+00
    895.250    288.810   4.039747     1.0253    -0.0702    287.022    26.4648    30.8798    12.3597    12.3567    4930.19    34.9285     1.6644     2.3786     27.697     74.333      7.704  0.000e+00
    895.500    288.754   4.039767     1.0249    -0.0623    286.967    26.4648    30.8798    12.3598    12.3568    4930.19    34.9286     1.6617     2.3748     27.652     74.212      7.704  0.000e+00
    895.750    288.667   4.039774     1.0256    -0.0762    286.881    26.4649    30.8799    12.3598    12.3568    4930.18    34.9287     1.6640     2.3780     27.690     74.313      7.700  0.000e+00
    896.000    288.624   4.039767     1.0246    -0.0563    286.838    26.4646    30.8795    12.3601    12.3571    4930.18    34.9284     1.6599     2.3722     27.622     74.131      7.701  0.000e+00
    896.250    288.587   4.039747     1.0248    -0.0643    286.801    26.4644    30.8794    12.3601    12.3571    4930.18    34.9282     1.6602     2.3726     27.628     74.146      7.702  0.000e+00
    896.500    288.574   4.039767     1.0259    -0.0722    286.789    26.4648    30.8798    12.3599    12.3569    4930.18    34.9286     1.6649     2.3793     27.705     74.354      7.704  0.000e+00
    896.750    288.593   4.039747     1.0249    -0.0643    286.807    26.4646    30.8795    12.3600    12.3570    4930.18    34.9283     1.6620     2.3751     27.657     74.223      7.704  0.000e+00
    897.000    288.642   4.039714     1.0229    -0.0722    286.856    26.4644    30.8793    12.3599    12.3569    4930.18    34.9281     1.6539     2.3635     27.522     73.862      7.702  0.000e+00
    897.250    288.723   4.039720     1.0248    -0.0762    286.936    26.4645    30.8794    12.3598    12.3568    4930.19    34.9282     1.6595     2.3716     27.616     74.114      7.704  0.000e+00
    897.500    288.822   4.039714     1.0243    -0.0623    287.035    26.4646    30.8796    12.3595    12.3566    4930.19    34.9283     1.6581     2.3696     27.592     74.051      7.704  0.000e+00
    897.750    288.946   4.039720     1.0259    -0.0722    287.158    26.4647    30.8796    12.3595    12.3566    4930.20    34.9283     1.6651     2.3796     27.708     74.363      7.702  0.000e+00
    898.000    289.039   4.039714     1.0253    -0.0623    287.250    26.4646    30.8796    12.3594    12.3565    4930.20    34.9283     1.6643     2.3784     27.695     74.328      7.702  0.000e+00
    898.250    289.188   4.039774     1.0254    -0.0781    287.398    26.4650    30.8800    12.3594    12.3565    4930.21    34.9288     1.6652     2.3798     27.711     74.370      7.701  0.000e+00
    898.500    289.312   4.039827     1.0253    -0.0623    287.521    26.4653    30.8803    12.3596    12.3566    4930.22    34.9292     1.6650     2.3794     27.706     74.358      7.704  0.000e+00
    898.750    289.430   4.039827     1.0256    -0.0563    287.638    26.4650    30.8800    12.3599    12.3569    4930.23    34.9288     1.6680     2.3838     27.758     74.494      7.703  0.000e+00
    899.000    289.485   4.039827     1.0238    -0.0702    287.693    26.4647    30.8797    12.3601    12.3571    4930.23    34.9286     1.6608     2.3735     27.638     74.173      7.705  0.000e+00
    899.250    289.498   4.039854     1.0249    -0.0623    287.706    26.4649    30.8799    12.3602    12.3572    4930.23    34.9288     1.6617     2.3747     27.652     74.211      7.703  0.000e+00
    899.500    289.479   4.039827     1.0252    -0.0484    287.687    26.4645    30.8795    12.3604    12.3574    4930.23    34.9283     1.6626     2.3760     27.667     74.250      7.701  0.000e+00
    899.750    289.467   4.039827     1.0240    -0.0722    287.675    26.4645    30.8795    12.3604    12.3574    4930.23    34.9283     1.6561     2.3667     27.559     73.960      7.703  0.000e+00
    900.000    289.461   4.039801     1.0240    -0.0722    287.669    26.4642    30.8791    12.3605    12.3576    4930.23    34.9279     1.6562     2.3668     27.560     73.964      7.703  0.000e+00
    900.250    289.442   4.039854     1.0244    -0.0543    287.650    26.4648    30.8798    12.3602    12.3573    4930.23    34.9287     1.6579     2.3693     27.589     74.042      7.702  0.000e+00
    900.500    289.430   4.039854     1.0241    -0.0781    287.638    26.4648    30.8798    12.3603    12.3574    4930.23    34.9287     1.6572     2.3683     27.577     74.010      7.705  0.000e+00
    900.750    289.405   4.039854     1.0237    -0.0722    287.614    26.4646    30.8796    12.3605    12.3576    4930.23    34.9285     1.6559     2.3665     27.556     73.953      7.700  0.000e+00
    901.000    289.355   4.039801     1.0259    -0.0623    287.564    26.4640    30.8790    12.3608    12.3578    4930.23    34.9278     1.6669     2.3821     27.738     74.442      7.704  0.000e+00
    901.250    289.324   4.039854     1.0244    -0.0781    287.533    26.4645    30.8795    12.3606    12.3576    4930.23    34.9285     1.6608     2.3734     27.637     74.170      7.704  0.000e+00
    901.500    289.306   4.039854     1.0258    -0.0643    287.515    26.4645    30.8795    12.3606    12.3576    4930.23    34.9285     1.6674     2.3829     27.748     74.467      7.702  0.000e+00
    901.750    289.330   4.039854     1.0234    -0.0563    287.540    26.4645    30.8794    12.3607    12.3577    4930.23    34.9284     1.6589     2.3707     27.606     74.087      7.704  0.000e+00
    902.000    289.392   4.039774     1.0256    -0.0623    287.601    26.4637    30.8787    12.3608    12.3579    4930.23    34.9275     1.6668     2.3820     27.737     74.438      7.700  0.000e+00
    902.250    289.461   4.039767     1.0250    -0.0702    287.669    26.4641    30.8791    12.3603    12.3574    4930.23    34.9278     1.6642     2.3784     27.695     74.325      7.703  0.000e+00
    902.500    289.541   4.039801     1.0253    -0.0543    287.749    26.4645    30.8795    12.3602    12.3572    4930.23    34.9283     1.6655     2.3802     27.716     74.382      7.703  0.000e+00
    902.750    289.597   4.039794     1.0240    -0.0702    287.804    26.4645    30.8795    12.3600    12.3571    4930.24    34.9283     1.6595     2.3716     27.616     74.114      7.702  0.000e+00
    903.000    289.678   4.039794     1.0230    -0.0464    287.884    26.4646    30.8796    12.3600    12.3570    4930.24    34.9283     1.6522     2.3612     27.495     73.789      7.703  0.000e+00
    903.250    289.764   4.039801     1.0240    -0.0702    287.971    26.4646    30.8796    12.3600    12.3570    4930.24    34.9284     1.6569     2.3679     27.572     73.997      7.704  0.000e+00
    903.500    289.864   4.039768     1.0238    -0.0543    288.069    26.4644    30.8795    12.3598    12.3568    4930.25    34.9281     1.6552     2.3655     27.544     73.922      7.702  0.000e+00
    903.750    289.950   4.039801     1.0237    -0.0682    288.155    26.4647    30.8797    12.3598    12.3568    4930.25    34.9284     1.6558     2.3663     27.554     73.949      7.704  0.000e+00
    904.000    290.012   4.039828     1.0251    -0.0702    288.217    26.4648    30.8799    12.3598    12.3568    4930.26    34.9287     1.6607     2.3733     27.635     74.165      7.704  0.000e+00
    904.250    290.025   4.039774     1.0241    -0.0563    288.229    26.4643    30.8793    12.3600    12.3570    4930.26    34.9280     1.6588     2.3706     27.603     74.081      7.704  0.000e+00
