cruises/baja2025/cnv/20250502_cast2.cnv
* Sea-Bird SBE19plus Data File:
* FileName = C:\Users\ScienceTech\OneDrive - Western Flyer Foundation\Desktop\ProfilingCTD\data\Leg 3\20250502_T10_cast1.hex
* Software Version 1.59
* Temperature SN =  8289
* Conductivity SN =  8289
* System UpLoad Time = May 03 2025 05:50:01
** Site "T10"
** 27-19.29'N 112-09.68'W
** 2025-05-02 2224Z
** Bottom depth 600m
** Cast to 500m
# nquan = 18
# nvalues = 8024                                  
# units = specified
# name 0 = timeS: Time, Elapsed [seconds]
# name 1 = prdM: Pressure, Strain Gauge [db]
# name 2 = c0S/m: Conductivity [S/m]
# name 3 = sbeox0V: Oxygen raw, SBE 43 [V]
# name 4 = flECO-AFL: Fluorescence, WET Labs ECO-AFL/FL [mg/m^3]
# name 5 = depSM: Depth [salt water, m], lat = 0.00
# name 6 = sigma-t00: Density [sigma-t, kg/m^3 ]
# name 7 = sigma-100: Density [sigma-1, kg/m^3 ]
# name 8 = tv268C: Temperature [IPTS-68, deg C]
# name 9 = tv290C: Temperature [ITS-90, deg C]
# name 10 = svCF: Sound Velocity [Chen-Millero, ft/s]
# name 11 = sal00: Salinity, Practical [PSU]
# name 12 = sbeox0ML/L: Oxygen, SBE 43 [ml/l]
# name 13 = sbeox0Mg/L: Oxygen, SBE 43 [mg/l]
# name 14 = sbeox0PS: Oxygen, SBE 43 [% saturation]
# name 15 = sbeox0Mm/L: Oxygen, SBE 43 [umol/l]
# name 16 = ph: pH
# name 17 = flag:  0.000e+00
# span 0 =      0.000,   2005.750                 
# span 1 =     -0.200,    489.938                 
# span 2 =   0.076823,   4.885025                 
# span 3 =     0.6547,     3.5526                 
# span 4 =    -0.1575,   128.6979                 
# span 5 =     -0.199,    486.670                 
# span 6 =    -1.6431,    26.7914                 
# span 7 =     2.8386,    31.2602                 
# span 8 =     9.8714,    20.8140                 
# span 9 =     9.8690,    20.8090                 
# span 10 =    4858.94,    4997.41                
# span 11 =     0.4115,    36.1136                
# span 12 =     0.4519,     8.4669                
# span 13 =     0.6458,    12.1000                
# span 14 =      7.148,    162.580                
# span 15 =     20.181,    378.131                
# span 16 =      7.608,      8.262                
# span 17 = 0.0000e+00, 0.0000e+00                
# interval = seconds: 0.25
# start_time = May 02 2025 15:23:22 [Instrument's time stamp, header]
# bad_flag = -9.990e-29
*END*
[from data line 6352]
   1588.000    235.496   4.067301     1.0067    -0.0623    234.069    26.3968    30.8042    12.6778    12.6748    4930.79    34.9214     1.5938     2.2777     26.697     71.180      7.710  0.000e+00
   1588.250    235.329   4.067428     1.0074    -0.0702    233.903    26.3959    30.8033    12.6799    12.6768    4930.80    34.9208     1.5956     2.2803     26.728     71.259      7.710  0.000e+00
   1588.500    235.174   4.067388     1.0077    -0.0702    233.749    26.3943    30.8016    12.6814    12.6784    4930.80    34.9190     1.5951     2.2795     26.719     71.236      7.713  0.000e+00
   1588.750    235.007   4.067522     1.0081    -0.0484    233.583    26.3944    30.8017    12.6825    12.6794    4930.81    34.9194     1.5946     2.2788     26.712     71.215      7.712  0.000e+00
   1589.000    234.833   4.067662     1.0086    -0.0841    233.410    26.3947    30.8020    12.6833    12.6803    4930.81    34.9200     1.5947     2.2790     26.714     71.218      7.711  0.000e+00
   1589.250    234.666   4.067796     1.0093    -0.0643    233.244    26.3946    30.8019    12.6846    12.6815    4930.81    34.9202     1.5964     2.2815     26.744     71.297      7.714  0.000e+00
   1589.500    234.505   4.067977     1.0092    -0.0563    233.084    26.3949    30.8021    12.6858    12.6827    4930.82    34.9210     1.5958     2.2806     26.734     71.268      7.715  0.000e+00
   1589.750    234.356   4.068071     1.0095    -0.0563    232.936    26.3942    30.8014    12.6873    12.6843    4930.83    34.9205     1.5953     2.2799     26.727     71.246      7.714  0.000e+00
   1590.000    234.207   4.068131     1.0104    -0.0444    232.789    26.3935    30.8007    12.6886    12.6856    4930.83    34.9199     1.5976     2.2832     26.767     71.351      7.713  0.000e+00
   1590.250    234.077   4.068151     1.0112    -0.0623    232.659    26.3929    30.8001    12.6895    12.6865    4930.83    34.9193     1.6008     2.2877     26.820     71.491      7.712  0.000e+00
   1590.500    233.928   4.068184     1.0123    -0.0643    232.511    26.3925    30.7997    12.6903    12.6872    4930.83    34.9190     1.6059     2.2950     26.906     71.721      7.713  0.000e+00
   1590.750    233.798   4.068184     1.0123    -0.0563    232.382    26.3920    30.7992    12.6908    12.6878    4930.83    34.9185     1.6063     2.2956     26.913     71.738      7.712  0.000e+00
   1591.000    233.656   4.068238     1.0121    -0.0623    232.241    26.3924    30.7995    12.6910    12.6879    4930.83    34.9190     1.6049     2.2936     26.889     71.675      7.715  0.000e+00
   1591.250    233.513   4.068291     1.0134    -0.0603    232.099    26.3925    30.7996    12.6913    12.6882    4930.82    34.9193     1.6096     2.3003     26.969     71.886      7.713  0.000e+00
   1591.500    233.370   4.068405     1.0121    -0.0563    231.957    26.3929    30.8000    12.6919    12.6888    4930.82    34.9199     1.6039     2.2921     26.873     71.631      7.714  0.000e+00
   1591.750    233.222   4.068432     1.0131    -0.0623    231.810    26.3926    30.7997    12.6925    12.6894    4930.82    34.9197     1.6060     2.2951     26.908     71.723      7.713  0.000e+00
   1592.000    233.085   4.068459     1.0134    -0.0643    231.674    26.3922    30.7992    12.6932    12.6901    4930.82    34.9193     1.6055     2.2944     26.900     71.700      7.713  0.000e+00
   1592.250    232.961   4.068465     1.0129    -0.0781    231.551    26.3919    30.7990    12.6936    12.6905    4930.82    34.9191     1.6016     2.2889     26.836     71.530      7.713  0.000e+00
   1592.500    232.825   4.068512     1.0127    -0.0781    231.415    26.3920    30.7990    12.6939    12.6909    4930.81    34.9192     1.5991     2.2852     26.793     71.414      7.713  0.000e+00
   1592.750    232.695   4.068512     1.0127    -0.0722    231.286    26.3917    30.7987    12.6943    12.6913    4930.81    34.9190     1.5988     2.2848     26.789     71.402      7.714  0.000e+00
   1593.000    232.540   4.068492     1.0131    -0.0722    231.132    26.3914    30.7985    12.6944    12.6914    4930.80    34.9187     1.5998     2.2863     26.806     71.449      7.711  0.000e+00
   1593.250    232.373   4.068512     1.0141    -0.0543    230.966    26.3915    30.7985    12.6946    12.6915    4930.79    34.9188     1.6035     2.2916     26.868     71.612      7.716  0.000e+00
   1593.500    232.193   4.068552     1.0128    -0.0643    230.787    26.3917    30.7987    12.6947    12.6917    4930.79    34.9192     1.5994     2.2857     26.799     71.428      7.716  0.000e+00
   1593.750    232.025   4.068565     1.0130    -0.0524    230.621    26.3916    30.7986    12.6950    12.6920    4930.78    34.9191     1.5989     2.2850     26.791     71.407      7.712  0.000e+00
   1594.000    231.833   4.068565     1.0137    -0.0385    230.430    26.3915    30.7985    12.6952    12.6921    4930.77    34.9190     1.6019     2.2892     26.841     71.539      7.715  0.000e+00
   1594.250    231.654   4.068639     1.0140    -0.0643    230.252    26.3920    30.7990    12.6953    12.6923    4930.77    34.9197     1.6038     2.2920     26.874     71.627      7.717  0.000e+00
   1594.500    231.499   4.068652     1.0140    -0.0623    230.098    26.3918    30.7988    12.6957    12.6926    4930.76    34.9195     1.6045     2.2929     26.885     71.655      7.713  0.000e+00
   1594.750    231.325   4.068927     1.0133    -0.0524    229.925    26.3936    30.8005    12.6961    12.6930    4930.77    34.9219     1.6008     2.2877     26.824     71.491      7.713  0.000e+00
   1595.000    231.195   4.069014     1.0140    -0.0623    229.796    26.3933    30.8003    12.6971    12.6940    4930.77    34.9218     1.6026     2.2903     26.855     71.573      7.718  0.000e+00
   1595.250    231.071   4.069007     1.0133    -0.0722    229.673    26.3922    30.7991    12.6983    12.6953    4930.77    34.9207     1.5997     2.2861     26.806     71.442      7.711  0.000e+00
   1595.500    230.972   4.069127     1.0139    -0.0603    229.574    26.3924    30.7993    12.6991    12.6960    4930.78    34.9212     1.6025     2.2901     26.854     71.567      7.714  0.000e+00
   1595.750    230.842   4.069121     1.0126    -0.0643    229.445    26.3916    30.7984    12.7000    12.6970    4930.78    34.9203     1.5960     2.2808     26.745     71.277      7.714  0.000e+00
   1596.000    230.718   4.069147     1.0143    -0.0643    229.322    26.3913    30.7981    12.7006    12.6976    4930.78    34.9200     1.6020     2.2894     26.846     71.544      7.713  0.000e+00
   1596.250    230.575   4.069502     1.0134    -0.0801    229.180    26.3935    30.8004    12.7011    12.6980    4930.79    34.9231     1.5986     2.2846     26.791     71.396      7.715  0.000e+00
   1596.500    230.426   4.069777     1.0143    -0.0563    229.033    26.3945    30.8013    12.7023    12.6993    4930.80    34.9246     1.6025     2.2901     26.856     71.566      7.719  0.000e+00
   1596.750    230.265   4.069917     1.0143    -0.0484    228.873    26.3937    30.8004    12.7044    12.7013    4930.81    34.9241     1.6035     2.2916     26.875     71.614      7.715  0.000e+00
   1597.000    230.085   4.069991     1.0139    -0.0722    228.694    26.3923    30.7990    12.7066    12.7035    4930.82    34.9229     1.6018     2.2891     26.846     71.534      7.716  0.000e+00
   1597.250    229.912   4.069944     1.0157    -0.0702    228.522    26.3907    30.7973    12.7081    12.7050    4930.82    34.9211     1.6102     2.3011     26.988     71.911      7.717  0.000e+00
   1597.500    229.745   4.070024     1.0161    -0.0623    228.355    26.3905    30.7971    12.7089    12.7059    4930.82    34.9212     1.6129     2.3050     27.034     72.033      7.717  0.000e+00
   1597.750    229.559   4.070279     1.0154    -0.0563    228.171    26.3920    30.7986    12.7095    12.7064    4930.82    34.9232     1.6113     2.3027     27.007     71.961      7.713  0.000e+00
   1598.000    229.385   4.070466     1.0163    -0.0623    227.998    26.3922    30.7988    12.7108    12.7077    4930.83    34.9239     1.6137     2.3062     27.049     72.070      7.717  0.000e+00
   1598.250    229.205   4.070768     1.0166    -0.0643    227.820    26.3931    30.7996    12.7123    12.7093    4930.84    34.9254     1.6159     2.3093     27.087     72.167      7.717  0.000e+00
   1598.500    229.038   4.070908     1.0174    -0.0563    227.653    26.3922    30.7987    12.7145    12.7114    4930.86    34.9248     1.6185     2.3130     27.132     72.283      7.714  0.000e+00
   1598.750    228.883   4.071042     1.0177    -0.0464    227.500    26.3917    30.7981    12.7162    12.7132    4930.87    34.9246     1.6200     2.3152     27.158     72.351      7.715  0.000e+00
   1599.000    228.722   4.071082     1.0181    -0.0682    227.339    26.3904    30.7968    12.7180    12.7149    4930.87    34.9234     1.6213     2.3170     27.180     72.406      7.713  0.000e+00
   1599.250    228.616   4.071129     1.0168    -0.0603    227.235    26.3896    30.7961    12.7192    12.7162    4930.88    34.9227     1.6139     2.3065     27.057     72.078      7.717  0.000e+00
   1599.500    228.493   4.071430     1.0174    -0.0623    227.112    26.3911    30.7975    12.7201    12.7171    4930.89    34.9248     1.6153     2.3084     27.081     72.139      7.714  0.000e+00
   1599.750    228.387   4.071658     1.0175    -0.0603    227.007    26.3914    30.7978    12.7217    12.7186    4930.90    34.9256     1.6154     2.3086     27.083     72.144      7.717  0.000e+00
   1600.000    228.269   4.071678     1.0173    -0.0801    226.890    26.3899    30.7962    12.7235    12.7205    4930.91    34.9242     1.6126     2.3046     27.038     72.019      7.716  0.000e+00
   1600.250    228.139   4.071926     1.0185    -0.0623    226.761    26.3902    30.7965    12.7253    12.7222    4930.93    34.9250     1.6164     2.3100     27.102     72.188      7.718  0.000e+00
   1600.500    227.990   4.072321     1.0186    -0.0643    226.613    26.3918    30.7980    12.7268    12.7238    4930.95    34.9274     1.6169     2.3107     27.111     72.209      7.716  0.000e+00
   1600.750    227.836   4.072509     1.0187    -0.0722    226.459    26.3911    30.7972    12.7292    12.7261    4930.96    34.9271     1.6177     2.3118     27.126     72.246      7.718  0.000e+00
   1601.000    227.662   4.072643     1.0189    -0.0464    226.287    26.3898    30.7959    12.7318    12.7287    4930.98    34.9260     1.6193     2.3142     27.155     72.319      7.717  0.000e+00
   1601.250    227.507   4.072696     1.0188    -0.0722    226.133    26.3882    30.7943    12.7339    12.7308    4930.99    34.9247     1.6201     2.3153     27.169     72.354      7.717  0.000e+00
   1601.500    227.371   4.072616     1.0185    -0.0543    225.997    26.3865    30.7925    12.7352    12.7322    4930.99    34.9227     1.6174     2.3115     27.125     72.234      7.718  0.000e+00
   1601.750    227.271   4.072730     1.0202    -0.0623    225.899    26.3868    30.7929    12.7358    12.7328    4930.99    34.9233     1.6242     2.3211     27.238     72.536      7.716  0.000e+00
   1602.000    227.166   4.073004     1.0189    -0.0702    225.794    26.3884    30.7944    12.7363    12.7333    4931.00    34.9255     1.6188     2.3134     27.149     72.296      7.717  0.000e+00
   1602.250    227.048   4.073165     1.0203    -0.0623    225.677    26.3886    30.7946    12.7374    12.7344    4931.01    34.9261     1.6231     2.3196     27.221     72.487      7.719  0.000e+00
   1602.500    226.924   4.073071     1.0208    -0.0722    225.554    26.3864    30.7924    12.7391    12.7361    4931.01    34.9237     1.6260     2.3237     27.270     72.616      7.717  0.000e+00
   1602.750    226.782   4.073748     1.0218    -0.0702    225.412    26.3907    30.7966    12.7400    12.7370    4931.03    34.9294     1.6310     2.3308     27.355     72.839      7.716  0.000e+00
   1603.000    226.596   4.074324     1.0210    -0.0484    225.227    26.3930    30.7989    12.7422    12.7392    4931.06    34.9329     1.6281     2.3268     27.310     72.713      7.718  0.000e+00
   1603.250    226.416   4.074713     1.0214    -0.0464    225.049    26.3922    30.7980    12.7463    12.7433    4931.10    34.9329     1.6294     2.3286     27.334     72.770      7.720  0.000e+00
   1603.500    226.212   4.074907     1.0214    -0.0702    224.846    26.3897    30.7954    12.7507    12.7476    4931.12    34.9308     1.6287     2.3275     27.323     72.736      7.717  0.000e+00
   1603.750    226.032   4.075181     1.0216    -0.0702    224.667    26.3886    30.7943    12.7542    12.7511    4931.15    34.9304     1.6277     2.3261     27.309     72.693      7.720  0.000e+00
   1604.000    225.834   4.075322     1.0220    -0.0543    224.470    26.3870    30.7926    12.7572    12.7541    4931.17    34.9290     1.6293     2.3284     27.337     72.763      7.719  0.000e+00
   1604.250    225.666   4.075402     1.0234    -0.0464    224.304    26.3853    30.7909    12.7597    12.7566    4931.18    34.9275     1.6334     2.3343     27.407     72.947      7.718  0.000e+00
   1604.500    225.493   4.075483     1.0224    -0.0524    224.131    26.3842    30.7897    12.7616    12.7585    4931.19    34.9266     1.6293     2.3284     27.338     72.762      7.718  0.000e+00
   1604.750    225.331   4.075697     1.0237    -0.0722    223.971    26.3847    30.7901    12.7629    12.7599    4931.20    34.9275     1.6347     2.3361     27.430     73.004      7.716  0.000e+00
   1605.000    225.189   4.075784     1.0234    -0.0464    223.830    26.3840    30.7894    12.7644    12.7613    4931.20    34.9270     1.6344     2.3358     27.427     72.994      7.718  0.000e+00
   1605.250    225.040   4.075871     1.0237    -0.0702    223.682    26.3835    30.7889    12.7657    12.7627    4931.21    34.9267     1.6352     2.3369     27.441     73.029      7.716  0.000e+00
   1605.500    224.929   4.075871     1.0235    -0.0643    223.571    26.3824    30.7878    12.7670    12.7639    4931.21    34.9256     1.6341     2.3353     27.423     72.980      7.715  0.000e+00
   1605.750    224.805   4.075898     1.0230    -0.0702    223.448    26.3820    30.7873    12.7677    12.7647    4931.21    34.9252     1.6306     2.3303     27.364     72.821      7.718  0.000e+00
   1606.000    224.687   4.075925     1.0239    -0.0543    223.331    26.3817    30.7871    12.7682    12.7652    4931.21    34.9250     1.6327     2.3333     27.400     72.917      7.718  0.000e+00
   1606.250    224.557   4.075925     1.0254    -0.0623    223.202    26.3813    30.7866    12.7688    12.7657    4931.21    34.9246     1.6385     2.3416     27.497     73.175      7.721  0.000e+00
   1606.500    224.445   4.076173     1.0250    -0.0543    223.091    26.3830    30.7883    12.7689    12.7658    4931.21    34.9269     1.6381     2.3411     27.492     73.159      7.718  0.000e+00
   1606.750    224.303   4.076367     1.0261    -0.0543    222.949    26.3836    30.7889    12.7699    12.7668    4931.22    34.9279     1.6425     2.3473     27.566     73.354      7.716  0.000e+00
   1607.000    224.129   4.076534     1.0285    -0.0702    222.777    26.3835    30.7888    12.7714    12.7683    4931.23    34.9282     1.6544     2.3643     27.766     73.886      7.719  0.000e+00
   1607.250    223.962   4.076534     1.0281    -0.0722    222.611    26.3823    30.7875    12.7728    12.7697    4931.23    34.9269     1.6550     2.3651     27.776     73.911      7.716  0.000e+00
   1607.500    223.782   4.076561     1.0282    -0.0623    222.432    26.3813    30.7865    12.7741    12.7711    4931.23    34.9260     1.6562     2.3669     27.798     73.967      7.719  0.000e+00
   1607.750    223.596   4.076648     1.0279    -0.0524    222.247    26.3814    30.7866    12.7749    12.7718    4931.23    34.9263     1.6544     2.3643     27.768     73.887      7.721  0.000e+00
