cruises/baja2025/cnv/20250420_cast1.cnv
* Sea-Bird SBE19plus Data File:
* FileName = C:\Users\ScienceTech\OneDrive - Western Flyer Foundation\Desktop\ProfilingCTD\data\20250420_CanalDeBallenas_cast8.hex
* Software Version 1.59
* Temperature SN =  8289
* Conductivity SN =  8289
* System UpLoad Time = Apr 20 2025 16:22:12
** CanalDeBallenas
** 4/20 0821 UTC
** 29 3.725'N
** 113 28.721'W
** ~280 m
# nquan = 18
# nvalues = 5971                                  
# units = specified
# name 0 = timeS: Time, Elapsed [seconds]
# name 1 = prdM: Pressure, Strain Gauge [db]
# name 2 = c0S/m: Conductivity [S/m]
# name 3 = sbeox0V: Oxygen raw, SBE 43 [V]
# name 4 = flECO-AFL: Fluorescence, WET Labs ECO-AFL/FL [mg/m^3]
# name 5 = depSM: Depth [salt water, m], lat = 0.00
# name 6 = sigma-t00: Density [sigma-t, kg/m^3 ]
# name 7 = sigma-100: Density [sigma-1, kg/m^3 ]
# name 8 = tv268C: Temperature [IPTS-68, deg C]
# name 9 = tv290C: Temperature [ITS-90, deg C]
# name 10 = svCF: Sound Velocity [Chen-Millero, ft/s]
# name 11 = sal00: Salinity, Practical [PSU]
# name 12 = sbeox0ML/L: Oxygen, SBE 43 [ml/l]
# name 13 = sbeox0Mg/L: Oxygen, SBE 43 [mg/l]
# name 14 = sbeox0PS: Oxygen, SBE 43 [% saturation]
# name 15 = sbeox0Mm/L: Oxygen, SBE 43 [umol/l]
# name 16 = ph: pH
# name 17 = flag:  0.000e+00
# span 0 =      0.000,   1492.500                 
# span 1 =     -0.127,    290.062                 
# span 2 =  -0.276113,   4.441335                 
# span 3 =     1.0221,     2.9068                 
# span 4 =    -0.1337,   128.6940                 
# span 5 =     -0.126,    288.266                 
# span 6 =    -1.0294,    26.4702                 
# span 7 =     3.5527,    30.8841                 
# span 8 =    12.3581,    16.2982                 
# span 9 =    12.3552,    16.2943                 
# span 10 =    4811.00,    4957.36                
# span 11 =     0.0000,    35.2807                
# span 12 =     1.6480,     8.6374                
# span 13 =     2.3551,    12.3437                
# span 14 =     27.424,    129.335                
# span 15 =     73.598,    385.747                
# span 16 =      7.166,      8.027                
# span 17 = 0.0000e+00, 0.0000e+00                
# interval = seconds: 0.25
# start_time = Apr 20 2025 01:37:55 [Instrument's time stamp, header]
# bad_flag = -9.990e-29
*END*
[from data line 5870]
   1467.500     -0.102   0.024452     2.8209    -0.0543     -0.102    -0.8106     3.7851    15.1637    15.1600    4811.93     0.1452     8.6203    12.3193    122.696    384.984      7.866  0.000e+00
   1467.750     -0.109   0.024377     2.8209    -0.0643     -0.108    -0.8109     3.7849    15.1629    15.1593    4811.92     0.1447     8.6204    12.3195    122.696    384.989      7.865  0.000e+00
   1468.000     -0.115   0.024389     2.8200    -0.0781     -0.114    -0.8108     3.7850    15.1625    15.1589    4811.92     0.1448     8.6157    12.3126    122.627    384.776      7.866  0.000e+00
   1468.250     -0.109   0.024428     2.8203    -0.0623     -0.108    -0.8105     3.7853    15.1619    15.1583    4811.91     0.1450     8.6160    12.3132    122.631    384.792      7.865  0.000e+00
   1468.500     -0.115   0.024422     2.8208    -0.0801     -0.114    -0.8104     3.7854    15.1613    15.1576    4811.90     0.1450     8.6191    12.3175    122.672    384.929      7.866  0.000e+00
   1468.750     -0.102   0.024341     2.8202    -0.0682     -0.102    -0.8107     3.7851    15.1607    15.1571    4811.90     0.1445     8.6151    12.3118    122.613    384.749      7.866  0.000e+00
   1469.000     -0.102   0.024167     2.8210    -0.0781     -0.102    -0.8114     3.7844    15.1601    15.1564    4811.88     0.1435     8.6192    12.3177    122.670    384.934      7.863  0.000e+00
   1469.250     -0.102   0.023999     2.8210    -0.0643     -0.102    -0.8121     3.7838    15.1593    15.1557    4811.87     0.1425     8.6205    12.3196    122.686    384.993      7.865  0.000e+00
   1469.500     -0.115   0.023792     2.8210    -0.0781     -0.114    -0.8129     3.7829    15.1588    15.1551    4811.86     0.1412     8.6219    12.3216    122.703    385.054      7.866  0.000e+00
   1469.750     -0.096   0.023594     2.8196    -0.0643     -0.096    -0.8138     3.7821    15.1581    15.1545    4811.85     0.1401     8.6157    12.3128    122.613    384.779      7.865  0.000e+00
   1470.000     -0.109   0.023414     2.8210    -0.0762     -0.108    -0.8145     3.7814    15.1576    15.1540    4811.84     0.1390     8.6224    12.3222    122.705    385.075      7.867  0.000e+00
   1470.250     -0.096   0.023240     2.8203    -0.0643     -0.096    -0.8152     3.7807    15.1570    15.1534    4811.83     0.1379     8.6186    12.3168    122.648    384.906      7.867  0.000e+00
   1470.500     -0.102   0.023058     2.8211    -0.0643     -0.102    -0.8160     3.7800    15.1563    15.1527    4811.82     0.1369     8.6221    12.3218    122.696    385.062      7.865  0.000e+00
   1470.750     -0.102   0.022842     2.8198    -0.0603     -0.102    -0.8168     3.7791    15.1556    15.1520    4811.80     0.1356     8.6166    12.3140    122.615    384.819      7.865  0.000e+00
   1471.000     -0.102   0.022593     2.8212    -0.0781     -0.102    -0.8179     3.7781    15.1550    15.1513    4811.79     0.1341     8.6222    12.3220    122.691    385.066      7.863  0.000e+00
   1471.250     -0.115   0.022357     2.8203    -0.0762     -0.114    -0.8189     3.7772    15.1542    15.1505    4811.77     0.1327     8.6194    12.3179    122.648    384.941      7.856  0.000e+00
   1471.500     -0.096   0.022177     2.8208    -0.0762     -0.096    -0.8196     3.7764    15.1538    15.1501    4811.77     0.1316     8.6221    12.3218    122.685    385.061      7.857  0.000e+00
   1471.750     -0.096   0.022027     2.8202    -0.0702     -0.096    -0.8202     3.7759    15.1531    15.1495    4811.76     0.1307     8.6201    12.3191    122.655    384.976      7.863  0.000e+00
   1472.000     -0.096   0.021889     2.8204    -0.0623     -0.096    -0.8207     3.7754    15.1524    15.1488    4811.74     0.1299     8.6199    12.3187    122.649    384.965      7.864  0.000e+00
   1472.250     -0.096   0.021778     2.8214    -0.0702     -0.096    -0.8212     3.7749    15.1519    15.1483    4811.74     0.1292     8.6253    12.3264    122.724    385.206      7.856  0.000e+00
   1472.500     -0.102   0.021665     2.8208    -0.0643     -0.102    -0.8216     3.7746    15.1511    15.1475    4811.72     0.1286     8.6229    12.3230    122.688    385.100      7.865  0.000e+00
   1472.750     -0.109   0.021509     2.8212    -0.0861     -0.108    -0.8222     3.7739    15.1506    15.1469    4811.71     0.1277     8.6257    12.3269    122.725    385.222      7.865  0.000e+00
   1473.000     -0.090   0.021305     2.8197    -0.0464     -0.089    -0.8231     3.7731    15.1499    15.1463    4811.70     0.1264     8.6178    12.3157    122.610    384.872      7.870  0.000e+00
   1473.250     -0.102   0.021063     2.8203    -0.0543     -0.102    -0.8241     3.7721    15.1495    15.1458    4811.69     0.1250     8.6209    12.3202    122.652    385.010      7.870  0.000e+00
   1473.500     -0.102   0.020805     2.8203    -0.0702     -0.102    -0.8252     3.7710    15.1489    15.1453    4811.68     0.1235     8.6202    12.3191    122.639    384.977      7.872  0.000e+00
   1473.750     -0.109   0.020557     2.8206    -0.0722     -0.108    -0.8262     3.7700    15.1483    15.1446    4811.66     0.1220     8.6219    12.3215    122.660    385.052      7.871  0.000e+00
   1474.000     -0.109   0.020365     2.8207    -0.0702     -0.108    -0.8270     3.7693    15.1475    15.1438    4811.65     0.1209     8.6224    12.3223    122.665    385.076      7.866  0.000e+00
   1474.250     -0.096   0.020171     2.8200    -0.0781     -0.096    -0.8278     3.7685    15.1471    15.1434    4811.64     0.1197     8.6191    12.3176    122.616    384.929      7.867  0.000e+00
   1474.500     -0.109   0.019997     2.8203    -0.0623     -0.108    -0.8286     3.7678    15.1466    15.1429    4811.63     0.1187     8.6210    12.3202    122.640    385.012      7.864  0.000e+00
   1474.750     -0.109   0.019854     2.8204    -0.0682     -0.108    -0.8291     3.7672    15.1458    15.1422    4811.62     0.1178     8.6222    12.3220    122.656    385.069      7.865  0.000e+00
   1475.000     -0.109   0.019755     2.8209    -0.0722     -0.108    -0.8295     3.7669    15.1454    15.1418    4811.61     0.1173     8.6257    12.3270    122.704    385.224      7.863  0.000e+00
   1475.250     -0.096   0.019773     2.8204    -0.0781     -0.096    -0.8293     3.7671    15.1447    15.1410    4811.61     0.1174     8.6233    12.3235    122.667    385.115      7.862  0.000e+00
   1475.500     -0.096   0.020021     2.8210    -0.0702     -0.096    -0.8281     3.7683    15.1441    15.1405    4811.60     0.1188     8.6257    12.3270    122.702    385.225      7.863  0.000e+00
   1475.750     -0.115   0.041722     2.8211    -0.0781     -0.114    -0.7262     3.8692    15.1435    15.1398    4812.12     0.2501     8.6198    12.3186    122.715    384.962      7.861  0.000e+00
   1476.000     -0.109   0.041710     2.8206    -0.0643     -0.108    -0.7262     3.8692    15.1430    15.1394    4812.11     0.2501     8.6179    12.3158    122.685    384.874      7.862  0.000e+00
   1476.250     -0.102   0.039812     2.8216    -0.0603     -0.102    -0.7352     3.8604    15.1424    15.1387    4812.06     0.2384     8.6240    12.3245    122.762    385.146      7.860  0.000e+00
   1476.500     -0.096   0.038435     2.8207    -0.0781     -0.096    -0.7416     3.8540    15.1419    15.1382    4812.02     0.2300     8.6202    12.3191    122.700    384.977      7.863  0.000e+00
   1476.750     -0.096   0.037245     2.8207    -0.0702     -0.096    -0.7472     3.8485    15.1413    15.1377    4811.98     0.2227     8.6199    12.3187    122.690    384.966      7.861  0.000e+00
   1477.000     -0.096   0.036232     2.8209    -0.0682     -0.096    -0.7519     3.8438    15.1410    15.1374    4811.96     0.2165     8.6204    12.3194    122.691    384.987      7.866  0.000e+00
   1477.250     -0.102   0.035225     2.8199    -0.0543     -0.102    -0.7566     3.8392    15.1405    15.1369    4811.93     0.2104     8.6160    12.3131    122.622    384.790      7.863  0.000e+00
   1477.500     -0.109   0.034269     2.8211    -0.0702     -0.108    -0.7610     3.8348    15.1399    15.1363    4811.90     0.2045     8.6209    12.3201    122.686    385.010      7.862  0.000e+00
   1477.750     -0.096   0.033353     2.8210    -0.0702     -0.096    -0.7652     3.8306    15.1394    15.1358    4811.87     0.1990     8.6210    12.3203    122.682    385.014      7.847  0.000e+00
   1478.000     -0.096   0.032504     2.8211    -0.0563     -0.096    -0.7692     3.8268    15.1390    15.1354    4811.84     0.1938     8.6226    12.3225    122.700    385.084      7.857  0.000e+00
   1478.250     -0.096   0.031683     2.8205    -0.0702     -0.096    -0.7730     3.8230    15.1385    15.1348    4811.82     0.1888     8.6199    12.3187    122.656    384.965      7.864  0.000e+00
   1478.500     -0.115   0.031021     2.8209    -0.0702     -0.114    -0.7760     3.8201    15.1379    15.1343    4811.79     0.1848     8.6228    12.3228    122.693    385.094      7.866  0.000e+00
   1478.750     -0.102   0.030642     2.8208    -0.0722     -0.102    -0.7776     3.8184    15.1370    15.1334    4811.78     0.1825     8.6228    12.3229    122.690    385.096      7.863  0.000e+00
   1479.000     -0.109   0.030284     2.8203    -0.0524     -0.108    -0.7792     3.8169    15.1364    15.1327    4811.76     0.1804     8.6205    12.3195    122.653    384.991      7.864  0.000e+00
   1479.250     -0.096   0.029956     2.8210    -0.0881     -0.096    -0.7806     3.8155    15.1358    15.1322    4811.75     0.1784     8.6238    12.3243    122.697    385.139      7.861  0.000e+00
   1479.500     -0.090   0.029559     2.8203    -0.0861     -0.090    -0.7824     3.8137    15.1352    15.1316    4811.73     0.1760     8.6202    12.3191    122.643    384.979      7.859  0.000e+00
   1479.750     -0.109   0.028660     2.8211     0.0984     -0.108    -0.7865     3.8097    15.1346    15.1310    4811.70     0.1706     8.6243    12.3250    122.695    385.161      7.858  0.000e+00
   1480.000     -0.096   0.027164     2.8210     0.1024     -0.096    -0.7934     3.8029    15.1338    15.1302    4811.66     0.1615     8.6248    12.3258    122.694    385.185      7.857  0.000e+00
   1480.250     -0.102   0.024596     2.8199     0.1044     -0.102    -0.8053     3.7911    15.1334    15.1297    4811.59     0.1461     8.6212    12.3206    122.630    385.024      7.852  0.000e+00
   1480.500     -0.102   0.018875     2.8210     0.1024     -0.102    -0.8315     3.7651    15.1326    15.1290    4811.45     0.1121     8.6273    12.3293    122.689    385.297      7.851  0.000e+00
   1480.750     -0.096   0.017228     2.8210    -0.0762     -0.096    -0.8390     3.7577    15.1322    15.1285    4811.40     0.1024     8.6285    12.3310    122.698    385.350      7.853  0.000e+00
   1481.000     -0.109   0.017159     2.8210    -0.0702     -0.108    -0.8392     3.7576    15.1314    15.1277    4811.39     0.1020     8.6291    12.3319    122.704    385.377      7.857  0.000e+00
   1481.250     -0.109   0.017147     2.8215    -0.0722     -0.108    -0.8391     3.7576    15.1307    15.1271    4811.38     0.1019     8.6315    12.3353    122.736    385.484      7.857  0.000e+00
   1481.500     -0.109   0.017171     2.8204    -0.0722     -0.108    -0.8390     3.7578    15.1302    15.1265    4811.38     0.1020     8.6273    12.3293    122.675    385.295      7.856  0.000e+00
   1481.750     -0.115   0.017192     2.8204    -0.0722     -0.114    -0.8388     3.7580    15.1295    15.1259    4811.37     0.1022     8.6264    12.3280    122.660    385.255      7.855  0.000e+00
   1482.000     -0.109   0.017204     2.8217    -0.0702     -0.108    -0.8386     3.7582    15.1289    15.1253    4811.36     0.1022     8.6329    12.3372    122.751    385.544      7.851  0.000e+00
   1482.250     -0.109   0.017177     2.8217    -0.0484     -0.108    -0.8387     3.7582    15.1284    15.1248    4811.36     0.1021     8.6340    12.3389    122.766    385.596      7.854  0.000e+00
   1482.500     -0.102   0.017097     2.8197    -0.0841     -0.102    -0.8389     3.7579    15.1277    15.1241    4811.35     0.1016     8.6240    12.3245    122.620    385.146      7.856  0.000e+00
   1482.750     -0.109   0.016986     2.8209    -0.0623     -0.108    -0.8393     3.7575    15.1271    15.1234    4811.34     0.1010     8.6284    12.3309    122.681    385.345      7.858  0.000e+00
   1483.000     -0.102   0.016843     2.8210    -0.0781     -0.102    -0.8399     3.7570    15.1264    15.1228    4811.33     0.1001     8.6290    12.3316    122.687    385.369      7.858  0.000e+00
   1483.250     -0.102   0.016711     2.8211    -0.0702     -0.102    -0.8404     3.7565    15.1258    15.1222    4811.32     0.0993     8.6300    12.3331    122.699    385.414      7.857  0.000e+00
   1483.500     -0.102   0.016592     2.8210    -0.0543     -0.102    -0.8408     3.7561    15.1253    15.1217    4811.31     0.0986     8.6303    12.3335    122.702    385.429      7.854  0.000e+00
   1483.750     -0.102   0.016487     2.8211    -0.0543     -0.102    -0.8412     3.7557    15.1247    15.1210    4811.30     0.0980     8.6306    12.3341    122.705    385.445      7.855  0.000e+00
   1484.000     -0.115   0.016404     2.8210    -0.0623     -0.114    -0.8415     3.7555    15.1239    15.1202    4811.29     0.0975     8.6295    12.3324    122.686    385.394      7.850  0.000e+00
   1484.250     -0.109   0.016335     2.8213    -0.0623     -0.108    -0.8417     3.7553    15.1231    15.1194    4811.28     0.0971     8.6321    12.3361    122.720    385.509      7.852  0.000e+00
   1484.500     -0.102   0.016266     2.8204    -0.0623     -0.102    -0.8419     3.7551    15.1224    15.1187    4811.27     0.0967     8.6295    12.3325    122.682    385.395      7.851  0.000e+00
   1484.750     -0.115   0.016230     2.8205    -0.0781     -0.114    -0.8419     3.7551    15.1217    15.1181    4811.26     0.0965     8.6281    12.3304    122.660    385.332      7.847  0.000e+00
   1485.000     -0.102   0.016168     2.8219    -0.0623     -0.102    -0.8421     3.7549    15.1212    15.1175    4811.25     0.0962     8.6345    12.3395    122.748    385.615      7.847  0.000e+00
   1485.250     -0.102   0.016105     2.8214    -0.0543     -0.102    -0.8423     3.7547    15.1204    15.1167    4811.24     0.0958     8.6333    12.3378    122.729    385.562      7.849  0.000e+00
   1485.500     -0.102   0.016054     2.8215    -0.0801     -0.102    -0.8425     3.7546    15.1200    15.1163    4811.24     0.0955     8.6342    12.3391    122.741    385.602      7.848  0.000e+00
   1485.750     -0.109   0.016018     2.8206    -0.0702     -0.108    -0.8425     3.7545    15.1192    15.1156    4811.23     0.0953     8.6301    12.3332    122.680    385.419      7.846  0.000e+00
   1486.000     -0.102   0.016018     2.8204    -0.0682     -0.102    -0.8424     3.7546    15.1187    15.1151    4811.22     0.0953     8.6290    12.3317    122.663    385.370      7.849  0.000e+00
   1486.250     -0.115   0.015985     2.8207    -0.0603     -0.114    -0.8425     3.7546    15.1179    15.1143    4811.21     0.0951     8.6300    12.3331    122.675    385.414      7.851  0.000e+00
   1486.500     -0.096   0.015944     2.8208    -0.0722     -0.096    -0.8426     3.7545    15.1173    15.1137    4811.20     0.0949     8.6306    12.3340    122.683    385.443      7.852  0.000e+00
   1486.750     -0.096   0.015860     2.8212    -0.0722     -0.096    -0.8429     3.7543    15.1168    15.1132    4811.20     0.0944     8.6318    12.3357    122.698    385.497      7.848  0.000e+00
   1487.000     -0.109   0.015749     2.8205    -0.0781     -0.108    -0.8433     3.7539    15.1163    15.1127    4811.19     0.0937     8.6281    12.3304    122.643    385.331      7.853  0.000e+00
