cruises/baja2025/cnv/20250504_cast2.cnv
* Sea-Bird SBE19plus Data File:
* FileName = C:\Users\ScienceTech\OneDrive - Western Flyer Foundation\Desktop\ProfilingCTD\data\Leg 3\20250504_T4_cast1.hex
* Software Version 1.59
* Temperature SN =  8289
* Conductivity SN =  8289
* System UpLoad Time = May 04 2025 19:15:27
** 1655Z
** 27-22.78'N
** 112-11.87;W
** Depth 692m
# nquan = 18
# nvalues = 8019                                  
# units = specified
# name 0 = timeS: Time, Elapsed [seconds]
# name 1 = prdM: Pressure, Strain Gauge [db]
# name 2 = c0S/m: Conductivity [S/m]
# name 3 = sbeox0V: Oxygen raw, SBE 43 [V]
# name 4 = flECO-AFL: Fluorescence, WET Labs ECO-AFL/FL [mg/m^3]
# name 5 = depSM: Depth [salt water, m], lat = 0.00
# name 6 = sigma-t00: Density [sigma-t, kg/m^3 ]
# name 7 = sigma-100: Density [sigma-1, kg/m^3 ]
# name 8 = tv268C: Temperature [IPTS-68, deg C]
# name 9 = tv290C: Temperature [ITS-90, deg C]
# name 10 = svCF: Sound Velocity [Chen-Millero, ft/s]
# name 11 = sal00: Salinity, Practical [PSU]
# name 12 = sbeox0ML/L: Oxygen, SBE 43 [ml/l]
# name 13 = sbeox0Mg/L: Oxygen, SBE 43 [mg/l]
# name 14 = sbeox0PS: Oxygen, SBE 43 [% saturation]
# name 15 = sbeox0Mm/L: Oxygen, SBE 43 [umol/l]
# name 16 = ph: pH
# name 17 = flag:  0.000e+00
# span 0 =      0.000,   2004.500                 
# span 1 =     -0.218,    483.171                 
# span 2 =   0.056470,   4.812498                 
# span 3 =     0.6428,     2.9696                 
# span 4 =    -0.1654,   128.7237                 
# span 5 =     -0.217,    479.956                 
# span 6 =    -1.4302,    26.7753                 
# span 7 =     3.0783,    31.2480                 
# span 8 =     9.7413,    19.9925                 
# span 9 =     9.7390,    19.9877                 
# span 10 =    4857.37,    4990.69                
# span 11 =     0.3092,    35.5672                
# span 12 =     0.4129,     7.5223                
# span 13 =     0.5901,    10.7502                
# span 14 =      6.490,    133.598                
# span 15 =     18.440,    335.948                
# span 16 =      7.467,      8.232                
# span 17 = 0.0000e+00, 0.0000e+00                
# interval = seconds: 0.25
# start_time = May 04 2025 09:54:46 [Instrument's time stamp, header]
# bad_flag = -9.990e-29
*END*
[from data line 4342]
   1085.500    481.155   3.779384     0.6510    -0.0623    477.956    26.7628    31.2354     9.7648     9.7625    4909.93    34.7062     0.4424     0.6323      6.957     19.759      7.633  0.000e+00
   1085.750    481.217   3.779299     0.6504    -0.0643    478.017    26.7611    31.2338     9.7658     9.7635    4909.94    34.7043     0.4392     0.6277      6.907     19.616      7.629  0.000e+00
   1086.000    481.235   3.779325     0.6497    -0.0702    478.036    26.7612    31.2339     9.7660     9.7636    4909.95    34.7044     0.4349     0.6215      6.839     19.424      7.635  0.000e+00
   1086.250    481.229   3.779384     0.6494    -0.0623    478.029    26.7619    31.2346     9.7657     9.7633    4909.95    34.7053     0.4330     0.6188      6.808     19.336      7.632  0.000e+00
   1086.500    481.242   3.779299     0.6494    -0.0702    478.042    26.7611    31.2337     9.7659     9.7635    4909.94    34.7042     0.4318     0.6170      6.789     19.283      7.633  0.000e+00
   1086.750    481.291   3.779299     0.6488    -0.0524    478.091    26.7610    31.2337     9.7659     9.7635    4909.95    34.7042     0.4282     0.6119      6.733     19.123      7.632  0.000e+00
   1087.000    481.353   3.779065     0.6491    -0.0603    478.153    26.7593    31.2319     9.7658     9.7634    4909.94    34.7019     0.4290     0.6131      6.746     19.159      7.633  0.000e+00
   1087.250    481.502   3.779221     0.6484    -0.0623    478.300    26.7612    31.2339     9.7650     9.7626    4909.95    34.7042     0.4263     0.6092      6.703     19.037      7.632  0.000e+00
   1087.500    481.694   3.778539     0.6494    -0.0643    478.491    26.7562    31.2290     9.7644     9.7620    4909.92    34.6977     0.4335     0.6196      6.817     19.362      7.630  0.000e+00
   1087.750    481.924   3.777590     0.6479    -0.0702    478.719    26.7502    31.2230     9.7626     9.7603    4909.88    34.6896     0.4284     0.6122      6.735     19.131      7.629  0.000e+00
   1088.000    482.172   3.777512     0.6482    -0.0702    478.965    26.7539    31.2268     9.7577     9.7554    4909.85    34.6933     0.4304     0.6151      6.766     19.222      7.631  0.000e+00
   1088.250    482.395   3.777323     0.6484    -0.0623    479.186    26.7566    31.2296     9.7531     9.7508    4909.82    34.6957     0.4317     0.6169      6.785     19.278      7.632  0.000e+00
   1088.500    482.588   3.777272     0.6486    -0.0702    479.377    26.7591    31.2322     9.7498     9.7475    4909.80    34.6983     0.4335     0.6194      6.813     19.358      7.632  0.000e+00
   1088.750    482.724   3.777168     0.6484    -0.0781    479.513    26.7605    31.2335     9.7474     9.7451    4909.79    34.6995     0.4335     0.6196      6.814     19.362      7.631  0.000e+00
   1089.000    482.798   3.777142     0.6484    -0.0781    479.586    26.7618    31.2349     9.7457     9.7434    4909.78    34.7008     0.4337     0.6198      6.817     19.369      7.630  0.000e+00
   1089.250    482.823   3.777168     0.6473    -0.0524    479.611    26.7630    31.2361     9.7446     9.7423    4909.77    34.7021     0.4291     0.6132      6.744     19.162      7.632  0.000e+00
   1089.500    482.799   3.777272     0.6468    -0.0781    479.586    26.7643    31.2375     9.7441     9.7417    4909.77    34.7037     0.4252     0.6077      6.683     18.990      7.631  0.000e+00
   1089.750    482.749   3.777324     0.6469    -0.0801    479.537    26.7648    31.2379     9.7441     9.7417    4909.77    34.7043     0.4260     0.6089      6.696     19.027      7.630  0.000e+00
   1090.000    482.693   3.777376     0.6466    -0.0623    479.482    26.7648    31.2379     9.7445     9.7422    4909.77    34.7044     0.4231     0.6046      6.650     18.895      7.631  0.000e+00
   1090.250    482.606   3.777486     0.6473    -0.0444    479.396    26.7652    31.2383     9.7451     9.7427    4909.77    34.7050     0.4258     0.6086      6.693     19.018      7.634  0.000e+00
   1090.500    482.551   3.777590     0.6465    -0.0702    479.340    26.7654    31.2384     9.7458     9.7435    4909.78    34.7054     0.4224     0.6036      6.639     18.864      7.629  0.000e+00
   1090.750    482.489   3.777935     0.6459    -0.0781    479.279    26.7674    31.2405     9.7466     9.7443    4909.80    34.7082     0.4204     0.6008      6.608     18.774      7.629  0.000e+00
   1091.000    482.451   3.777909     0.6455    -0.0543    479.242    26.7656    31.2386     9.7483     9.7460    4909.81    34.7063     0.4189     0.5987      6.585     18.709      7.634  0.000e+00
   1091.250    482.445   3.777987     0.6465    -0.0543    479.236    26.7649    31.2379     9.7498     9.7475    4909.82    34.7057     0.4247     0.6069      6.676     18.967      7.628  0.000e+00
   1091.500    482.464   3.777668     0.6447    -0.0643    479.254    26.7615    31.2345     9.7508     9.7484    4909.82    34.7015     0.4167     0.5955      6.551     18.611      7.633  0.000e+00
   1091.750    482.482   3.777512     0.6460    -0.0623    479.273    26.7605    31.2335     9.7504     9.7481    4909.81    34.7002     0.4220     0.6032      6.634     18.849      7.631  0.000e+00
   1092.000    482.482   3.777460     0.6448    -0.0722    479.273    26.7612    31.2342     9.7493     9.7469    4909.80    34.7008     0.4167     0.5956      6.551     18.612      7.632  0.000e+00
   1092.250    482.476   3.777324     0.6452    -0.0702    479.267    26.7609    31.2340     9.7483     9.7460    4909.79    34.7003     0.4181     0.5975      6.572     18.673      7.629  0.000e+00
   1092.500    482.458   3.777324     0.6460    -0.0623    479.248    26.7620    31.2351     9.7471     9.7448    4909.78    34.7014     0.4243     0.6064      6.669     18.949      7.627  0.000e+00
   1092.750    482.427   3.777408     0.6462    -0.0762    479.218    26.7633    31.2364     9.7465     9.7441    4909.77    34.7030     0.4275     0.6109      6.719     19.090      7.629  0.000e+00
   1093.000    482.396   3.777564     0.6455    -0.0623    479.187    26.7649    31.2379     9.7462     9.7439    4909.78    34.7048     0.4253     0.6078      6.685     18.994      7.632  0.000e+00
   1093.250    482.377   3.777564     0.6444    -0.0623    479.169    26.7644    31.2374     9.7467     9.7444    4909.78    34.7043     0.4192     0.5990      6.589     18.720      7.630  0.000e+00
   1093.500    482.421   3.777642     0.6459    -0.0643    479.212    26.7644    31.2374     9.7474     9.7451    4909.79    34.7045     0.4273     0.6107      6.717     19.084      7.629  0.000e+00
   1093.750    482.489   3.777376     0.6455    -0.0623    479.279    26.7617    31.2347     9.7480     9.7457    4909.79    34.7011     0.4244     0.6065      6.670     18.952      7.630  0.000e+00
   1094.000    482.607   3.777194     0.6459    -0.0722    479.396    26.7605    31.2335     9.7477     9.7453    4909.78    34.6995     0.4276     0.6111      6.722     19.099      7.632  0.000e+00
   1094.250    482.756   3.777038     0.6455    -0.0563    479.544    26.7602    31.2333     9.7465     9.7442    4909.78    34.6990     0.4250     0.6074      6.680     18.981      7.632  0.000e+00
   1094.500    482.898   3.776901     0.6442    -0.0643    479.686    26.7605    31.2337     9.7449     9.7426    4909.76    34.6990     0.4175     0.5966      6.561     18.644      7.630  0.000e+00
   1094.750    483.035   3.776934     0.6462    -0.0543    479.821    26.7621    31.2353     9.7435     9.7411    4909.76    34.7007     0.4265     0.6095      6.703     19.048      7.629  0.000e+00
   1095.000    483.128   3.776875     0.6452    -0.0543    479.913    26.7625    31.2357     9.7425     9.7401    4909.76    34.7010     0.4242     0.6062      6.666     18.943      7.627  0.000e+00
   1095.250    483.171   3.776901     0.6456    -0.0603    479.956    26.7634    31.2366     9.7417     9.7394    4909.75    34.7020     0.4262     0.6091      6.699     19.036      7.631  0.000e+00
   1095.500    483.128   3.776934     0.6445    -0.0702    479.913    26.7640    31.2372     9.7413     9.7390    4909.75    34.7027     0.4188     0.5985      6.582     18.703      7.632  0.000e+00
   1095.750    483.023   3.777038     0.6452    -0.0623    479.809    26.7648    31.2380     9.7414     9.7391    4909.75    34.7037     0.4219     0.6030      6.631     18.844      7.628  0.000e+00
   1096.000    482.849   3.777168     0.6460    -0.0643    479.637    26.7656    31.2388     9.7417     9.7394    4909.75    34.7049     0.4263     0.6093      6.700     19.040      7.629  0.000e+00
   1096.250    482.675   3.777324     0.6441    -0.0702    479.464    26.7660    31.2391     9.7428     9.7404    4909.75    34.7055     0.4184     0.5979      6.576     18.686      7.632  0.000e+00
   1096.500    482.483   3.777408     0.6442    -0.0603    479.274    26.7657    31.2388     9.7439     9.7415    4909.75    34.7054     0.4179     0.5972      6.568     18.662      7.629  0.000e+00
   1096.750    482.309   3.777486     0.6445    -0.0722    479.101    26.7654    31.2384     9.7450     9.7427    4909.76    34.7052     0.4171     0.5961      6.556     18.627      7.629  0.000e+00
   1097.000    482.192   3.777538     0.6441    -0.0682    478.984    26.7648    31.2378     9.7461     9.7438    4909.76    34.7047     0.4160     0.5945      6.539     18.580      7.631  0.000e+00
   1097.250    482.136   3.777538     0.6448    -0.0543    478.929    26.7639    31.2370     9.7471     9.7447    4909.77    34.7038     0.4193     0.5992      6.590     18.724      7.631  0.000e+00
   1097.500    482.142   3.777434     0.6439    -0.0623    478.935    26.7627    31.2357     9.7475     9.7452    4909.77    34.7023     0.4161     0.5947      6.541     18.584      7.630  0.000e+00
   1097.750    482.198   3.777349     0.6451    -0.0702    478.991    26.7620    31.2350     9.7475     9.7452    4909.77    34.7014     0.4212     0.6019      6.620     18.810      7.632  0.000e+00
   1098.000    482.310   3.777297     0.6441    -0.0643    479.101    26.7619    31.2350     9.7471     9.7448    4909.77    34.7012     0.4177     0.5969      6.565     18.654      7.630  0.000e+00
   1098.250    482.440   3.777142     0.6442    -0.0543    479.231    26.7613    31.2344     9.7463     9.7440    4909.76    34.7004     0.4206     0.6011      6.611     18.786      7.631  0.000e+00
   1098.500    482.558   3.777012     0.6437    -0.0643    479.348    26.7611    31.2342     9.7454     9.7431    4909.75    34.6999     0.4173     0.5964      6.559     18.637      7.630  0.000e+00
   1098.750    482.657   3.777012     0.6442    -0.0623    479.446    26.7622    31.2353     9.7442     9.7419    4909.75    34.7010     0.4190     0.5988      6.585     18.713      7.630  0.000e+00
   1099.000    482.719   3.776901     0.6439    -0.0801    479.508    26.7620    31.2352     9.7434     9.7411    4909.74    34.7006     0.4174     0.5966      6.561     18.643      7.626  0.000e+00
   1099.250    482.756   3.776986     0.6449    -0.0563    479.544    26.7634    31.2365     9.7427     9.7403    4909.74    34.7022     0.4218     0.6028      6.629     18.838      7.630  0.000e+00
   1099.500    482.731   3.776986     0.6439    -0.0623    479.520    26.7638    31.2370     9.7422     9.7398    4909.74    34.7026     0.4188     0.5985      6.582     18.703      7.632  0.000e+00
   1099.750    482.663   3.777064     0.6439    -0.0722    479.452    26.7644    31.2376     9.7422     9.7398    4909.74    34.7034     0.4177     0.5970      6.565     18.656      7.629  0.000e+00
   1100.000    482.558   3.777116     0.6444    -0.0643    479.348    26.7647    31.2379     9.7424     9.7400    4909.73    34.7038     0.4213     0.6021      6.621     18.815      7.629  0.000e+00
   1100.250    482.372   3.777220     0.6439    -0.0722    479.163    26.7652    31.2383     9.7429     9.7405    4909.73    34.7045     0.4192     0.5991      6.589     18.721      7.628  0.000e+00
   1100.500    482.179   3.777323     0.6446    -0.0623    478.972    26.7654    31.2385     9.7436     9.7413    4909.73    34.7050     0.4223     0.6035      6.637     18.859      7.628  0.000e+00
   1100.750    481.919   3.777349     0.6445    -0.0543    478.714    26.7647    31.2377     9.7447     9.7424    4909.73    34.7043     0.4216     0.6025      6.627     18.829      7.626  0.000e+00
   1101.000    481.640   3.777408     0.6444    -0.0623    478.437    26.7646    31.2377     9.7454     9.7431    4909.72    34.7043     0.4215     0.6024      6.626     18.826      7.628  0.000e+00
   1101.250    481.349   3.777486     0.6436    -0.0781    478.148    26.7646    31.2376     9.7462     9.7439    4909.72    34.7045     0.4170     0.5960      6.555     18.624      7.631  0.000e+00
   1101.500    481.088   3.777616     0.6428    -0.0643    477.890    26.7650    31.2381     9.7469     9.7446    4909.71    34.7052     0.4129     0.5901      6.490     18.440      7.628  0.000e+00
   1101.750    480.846   3.777771     0.6437    -0.0702    477.650    26.7654    31.2384     9.7480     9.7457    4909.72    34.7059     0.4157     0.5940      6.534     18.564      7.631  0.000e+00
   1102.000    480.679   3.777797     0.6445    -0.0781    477.483    26.7646    31.2376     9.7491     9.7468    4909.72    34.7052     0.4191     0.5990      6.588     18.718      7.630  0.000e+00
   1102.250    480.604   3.778350     0.6439    -0.0623    477.410    26.7681    31.2410     9.7502     9.7479    4909.75    34.7098     0.4176     0.5969      6.565     18.652      7.630  0.000e+00
   1102.500    480.586   3.779325     0.6447    -0.0702    477.391    26.7739    31.2467     9.7524     9.7500    4909.80    34.7178     0.4214     0.6022      6.625     18.819      7.629  0.000e+00
   1102.750    480.654   3.780040     0.6442    -0.0643    477.459    26.7753    31.2480     9.7571     9.7548    4909.87    34.7205     0.4208     0.6014      6.616     18.793      7.629  0.000e+00
   1103.000    480.753   3.780118     0.6444    -0.0623    477.557    26.7701    31.2427     9.7634     9.7611    4909.93    34.7152     0.4227     0.6040      6.646     18.876      7.631  0.000e+00
   1103.250    480.884   3.780144     0.6447    -0.0762    477.687    26.7657    31.2382     9.7684     9.7660    4909.98    34.7107     0.4254     0.6080      6.691     19.000      7.629  0.000e+00
   1103.500    480.989   3.780040     0.6434    -0.0762    477.791    26.7620    31.2345     9.7714     9.7690    4910.01    34.7067     0.4189     0.5986      6.587     18.706      7.629  0.000e+00
   1103.750    481.057   3.779670     0.6436    -0.0543    477.859    26.7578    31.2303     9.7727     9.7704    4910.00    34.7015     0.4164     0.5950      6.548     18.594      7.631  0.000e+00
   1104.000    481.051   3.779722     0.6446    -0.0702    477.853    26.7585    31.2310     9.7725     9.7701    4910.00    34.7023     0.4199     0.6000      6.603     18.751      7.629  0.000e+00
   1104.250    480.964   3.780040     0.6444    -0.0702    477.767    26.7618    31.2343     9.7717     9.7693    4910.01    34.7064     0.4200     0.6003      6.606     18.759      7.630  0.000e+00
   1104.500    480.791   3.780144     0.6452    -0.0781    477.594    26.7623    31.2348     9.7721     9.7697    4910.00    34.7072     0.4241     0.6061      6.670     18.942      7.629  0.000e+00
   1104.750    480.598   3.780196     0.6449    -0.0623    477.403    26.7620    31.2345     9.7729     9.7706    4910.00    34.7069     0.4245     0.6067      6.677     18.959      7.629  0.000e+00
   1105.000    480.356   3.780144     0.6466    -0.0702    477.163    26.7609    31.2334     9.7737     9.7714    4910.00    34.7057     0.4338     0.6199      6.822     19.371      7.632  0.000e+00
   1105.250    480.102   3.780144     0.6463    -0.0762    476.911    26.7603    31.2327     9.7745     9.7722    4909.99    34.7051     0.4346     0.6212      6.836     19.411      7.629  0.000e+00
