cruises/baja2025/cnv/20250424_cast2.cnv
* Sea-Bird SBE19plus Data File:
* FileName = C:\Users\ScienceTech\OneDrive - Western Flyer Foundation\Desktop\ProfilingCTD\data\20250424_SanFrancisquito_cast13.hex
* Software Version 1.59
* Temperature SN =  8289
* Conductivity SN =  8289
* System UpLoad Time = Apr 24 2025 14:54:44
** San Franciscito
** 4/24/2025 1905 UTC
** 24 48.452'N
** 110 29.552'W
** about 300 m on seamount SE of San Franciscito
# nquan = 18
# nvalues = 5628                                  
# units = specified
# name 0 = timeS: Time, Elapsed [seconds]
# name 1 = prdM: Pressure, Strain Gauge [db]
# name 2 = c0S/m: Conductivity [S/m]
# name 3 = sbeox0V: Oxygen raw, SBE 43 [V]
# name 4 = flECO-AFL: Fluorescence, WET Labs ECO-AFL/FL [mg/m^3]
# name 5 = depSM: Depth [salt water, m], lat = 0.00
# name 6 = sigma-t00: Density [sigma-t, kg/m^3 ]
# name 7 = sigma-100: Density [sigma-1, kg/m^3 ]
# name 8 = tv268C: Temperature [IPTS-68, deg C]
# name 9 = tv290C: Temperature [ITS-90, deg C]
# name 10 = svCF: Sound Velocity [Chen-Millero, ft/s]
# name 11 = sal00: Salinity, Practical [PSU]
# name 12 = sbeox0ML/L: Oxygen, SBE 43 [ml/l]
# name 13 = sbeox0Mg/L: Oxygen, SBE 43 [mg/l]
# name 14 = sbeox0PS: Oxygen, SBE 43 [% saturation]
# name 15 = sbeox0Mm/L: Oxygen, SBE 43 [umol/l]
# name 16 = ph: pH
# name 17 = flag:  0.000e+00
# span 0 =      0.000,   1406.750                 
# span 1 =     -0.157,    350.589                 
# span 2 =  -0.467197,   5.242269                 
# span 3 =     0.5338,     3.1809                 
# span 4 =    -0.1734,   128.7495                 
# span 5 =     -0.156,    348.368                 
# span 6 =    -3.9432,    26.8490                 
# span 7 =     0.4149,    31.3035                 
# span 8 =    10.1255,    28.6284                 
# span 9 =    10.1230,    28.6215                 
# span 10 =    4858.85,    5034.81                
# span 11 =     0.0000,    36.1375                
# span 12 =     0.0148,     7.0411                
# span 13 =     0.0211,    10.0624                
# span 14 =      0.217,    144.073                
# span 15 =      0.660,    314.455                
# span 16 =      6.980,      8.188                
# span 17 = 0.0000e+00, 0.0000e+00                
# interval = seconds: 0.25
# start_time = Apr 24 2025 12:03:43 [Instrument's time stamp, header]
# bad_flag = -9.990e-29
*END*
[from data line 3217]
    804.250    322.866   3.840235     0.5388    -0.0801    320.841    26.6168    31.0707    10.5101    10.5076    4910.03    34.6834     0.0331     0.0473      0.529      1.479      7.549  0.000e+00
    804.500    323.070   3.840045     0.5389    -0.0702    321.045    26.6155    31.0695    10.5098    10.5073    4910.03    34.6817     0.0327     0.0468      0.523      1.461      7.548  0.000e+00
    804.750    323.238   3.839940     0.5389    -0.0762    321.211    26.6153    31.0693    10.5090    10.5065    4910.03    34.6813     0.0335     0.0479      0.536      1.498      7.548  0.000e+00
    805.000    323.399   3.839829     0.5384    -0.0861    321.371    26.6154    31.0694    10.5079    10.5054    4910.03    34.6811     0.0306     0.0437      0.489      1.367      7.546  0.000e+00
    805.250    323.529   3.839725     0.5381    -0.0702    321.500    26.6157    31.0698    10.5066    10.5041    4910.02    34.6813     0.0277     0.0395      0.442      1.236      7.547  0.000e+00
    805.500    323.635   3.839613     0.5389    -0.0722    321.605    26.6159    31.0700    10.5054    10.5029    4910.01    34.6813     0.0306     0.0438      0.489      1.368      7.550  0.000e+00
    805.750    323.741   3.839509     0.5387    -0.0643    321.710    26.6161    31.0702    10.5043    10.5018    4910.00    34.6812     0.0311     0.0444      0.497      1.389      7.553  0.000e+00
    806.000    323.846   3.839483     0.5394    -0.0762    321.815    26.6168    31.0709    10.5033    10.5007    4910.00    34.6819     0.0348     0.0498      0.557      1.556      7.548  0.000e+00
    806.250    323.964   3.839483     0.5394    -0.0702    321.932    26.6177    31.0718    10.5022    10.4997    4910.00    34.6828     0.0364     0.0521      0.582      1.627      7.549  0.000e+00
    806.500    324.125   3.839372     0.5388    -0.0781    322.092    26.6173    31.0714    10.5017    10.4992    4910.00    34.6821     0.0342     0.0489      0.546      1.527      7.550  0.000e+00
    806.750    324.311   3.839431     0.5389    -0.0861    322.277    26.6182    31.0724    10.5011    10.4986    4910.01    34.6832     0.0346     0.0495      0.553      1.546      7.548  0.000e+00
    807.000    324.541   3.839372     0.5385    -0.0781    322.505    26.6181    31.0723    10.5006    10.4981    4910.01    34.6830     0.0329     0.0470      0.526      1.470      7.545  0.000e+00
    807.250    324.758   3.839267     0.5382    -0.0841    322.720    26.6174    31.0716    10.5005    10.4979    4910.02    34.6820     0.0303     0.0433      0.484      1.352      7.549  0.000e+00
    807.500    324.963   3.839267     0.5386    -0.0781    322.923    26.6177    31.0720    10.5000    10.4975    4910.03    34.6823     0.0303     0.0432      0.483      1.351      7.546  0.000e+00
    807.750    325.155   3.839405     0.5382    -0.0722    323.114    26.6194    31.0736    10.4993    10.4968    4910.04    34.6843     0.0282     0.0402      0.450      1.258      7.546  0.000e+00
    808.000    325.316   3.839372     0.5387    -0.0762    323.275    26.6191    31.0734    10.4992    10.4967    4910.04    34.6839     0.0300     0.0429      0.479      1.340      7.548  0.000e+00
    808.250    325.453   3.839372     0.5381    -0.0702    323.410    26.6187    31.0729    10.4996    10.4971    4910.05    34.6835     0.0281     0.0402      0.449      1.256      7.550  0.000e+00
    808.500    325.558   3.838947     0.5384    -0.0623    323.515    26.6153    31.0696    10.4996    10.4971    4910.04    34.6792     0.0300     0.0428      0.479      1.339      7.545  0.000e+00
    808.750    325.664   3.838895     0.5388    -0.0801    323.620    26.6161    31.0704    10.4983    10.4958    4910.03    34.6798     0.0326     0.0466      0.520      1.455      7.546  0.000e+00
    809.000    325.757   3.839026     0.5389    -0.0702    323.712    26.6186    31.0729    10.4967    10.4942    4910.03    34.6827     0.0341     0.0487      0.544      1.521      7.547  0.000e+00
    809.250    325.931   3.838862     0.5387    -0.0702    323.885    26.6179    31.0722    10.4960    10.4935    4910.03    34.6816     0.0339     0.0484      0.541      1.514      7.545  0.000e+00
    809.500    326.123   3.838084     0.5381    -0.0682    324.076    26.6121    31.0665    10.4955    10.4930    4910.00    34.6741     0.0307     0.0438      0.490      1.370      7.546  0.000e+00
    809.750    326.322   3.837305     0.5387    -0.0722    324.273    26.6082    31.0627    10.4930    10.4905    4909.96    34.6686     0.0333     0.0476      0.531      1.486      7.548  0.000e+00
    810.000    326.539   3.837096     0.5387    -0.0702    324.488    26.6110    31.0656    10.4881    10.4856    4909.93    34.6710     0.0330     0.0472      0.527      1.475      7.548  0.000e+00
    810.250    326.749   3.836959     0.5386    -0.0801    324.698    26.6145    31.0692    10.4830    10.4805    4909.89    34.6744     0.0327     0.0468      0.523      1.463      7.545  0.000e+00
    810.500    326.923   3.836717     0.5384    -0.0702    324.870    26.6158    31.0705    10.4795    10.4770    4909.86    34.6752     0.0309     0.0442      0.493      1.380      7.547  0.000e+00
    810.750    327.078   3.836691     0.5386    -0.0781    325.024    26.6183    31.0731    10.4765    10.4740    4909.85    34.6778     0.0313     0.0447      0.500      1.398      7.545  0.000e+00
    811.000    327.202   3.836770     0.5384    -0.0722    325.147    26.6209    31.0757    10.4742    10.4717    4909.84    34.6806     0.0305     0.0435      0.486      1.361      7.549  0.000e+00
    811.250    327.296   3.836639     0.5384    -0.0702    325.240    26.6209    31.0757    10.4731    10.4706    4909.83    34.6803     0.0307     0.0439      0.491      1.372      7.548  0.000e+00
    811.500    327.383   3.836639     0.5387    -0.0762    325.326    26.6215    31.0764    10.4724    10.4698    4909.83    34.6810     0.0324     0.0463      0.517      1.447      7.547  0.000e+00
    811.750    327.494   3.836613     0.5384    -0.0682    325.437    26.6219    31.0767    10.4717    10.4692    4909.83    34.6813     0.0305     0.0436      0.487      1.362      7.546  0.000e+00
    812.000    327.649   3.836639     0.5384    -0.0781    325.591    26.6224    31.0773    10.4713    10.4687    4909.83    34.6819     0.0310     0.0443      0.495      1.385      7.547  0.000e+00
    812.250    327.842   3.836639     0.5392    -0.0722    325.782    26.6226    31.0775    10.4711    10.4685    4909.84    34.6820     0.0351     0.0501      0.560      1.567      7.546  0.000e+00
    812.500    328.052   3.836528     0.5384    -0.0781    325.992    26.6219    31.0768    10.4708    10.4683    4909.85    34.6811     0.0323     0.0462      0.516      1.443      7.547  0.000e+00
    812.750    328.257   3.835913     0.5390    -0.0722    326.195    26.6172    31.0721    10.4706    10.4681    4909.83    34.6750     0.0345     0.0493      0.551      1.541      7.546  0.000e+00
    813.000    328.468   3.835298     0.5389    -0.0643    326.404    26.6140    31.0690    10.4687    10.4661    4909.80    34.6705     0.0346     0.0495      0.553      1.547      7.547  0.000e+00
    813.250    328.654   3.834919     0.5376    -0.0781    326.589    26.6146    31.0697    10.4647    10.4622    4909.77    34.6704     0.0282     0.0403      0.450      1.258      7.548  0.000e+00
    813.500    328.822   3.834305     0.5390    -0.0682    326.755    26.6137    31.0689    10.4603    10.4578    4909.72    34.6683     0.0337     0.0481      0.537      1.504      7.549  0.000e+00
    813.750    328.964   3.833958     0.5387    -0.0722    326.897    26.6153    31.0706    10.4556    10.4531    4909.67    34.6692     0.0325     0.0464      0.518      1.450      7.546  0.000e+00
    814.000    329.107   3.833605     0.5386    -0.0762    327.039    26.6170    31.0724    10.4506    10.4481    4909.63    34.6703     0.0317     0.0453      0.506      1.416      7.549  0.000e+00
    814.250    329.250   3.832854     0.5383    -0.0781    327.181    26.6150    31.0705    10.4463    10.4438    4909.57    34.6668     0.0298     0.0425      0.475      1.329      7.546  0.000e+00
    814.500    329.380   3.832161     0.5384    -0.0623    327.310    26.6142    31.0698    10.4412    10.4387    4909.51    34.6645     0.0306     0.0438      0.489      1.368      7.546  0.000e+00
    814.750    329.517   3.831677     0.5381    -0.0702    327.445    26.6160    31.0718    10.4350    10.4325    4909.45    34.6655     0.0287     0.0411      0.458      1.283      7.548  0.000e+00
    815.000    329.672   3.831461     0.5385    -0.0623    327.600    26.6198    31.0757    10.4289    10.4264    4909.40    34.6691     0.0312     0.0446      0.497      1.393      7.547  0.000e+00
    815.250    329.846   3.830716     0.5391    -0.0801    327.772    26.6185    31.0745    10.4239    10.4214    4909.34    34.6662     0.0351     0.0501      0.559      1.565      7.546  0.000e+00
    815.500    330.050   3.830363     0.5381    -0.0722    327.975    26.6201    31.0762    10.4190    10.4165    4909.30    34.6672     0.0296     0.0423      0.472      1.321      7.545  0.000e+00
    815.750    330.249   3.830311     0.5386    -0.0781    328.172    26.6245    31.0807    10.4137    10.4112    4909.26    34.6716     0.0322     0.0460      0.513      1.437      7.546  0.000e+00
    816.000    330.472   3.830017     0.5386    -0.0603    328.394    26.6256    31.0819    10.4099    10.4074    4909.23    34.6722     0.0327     0.0467      0.521      1.458      7.547  0.000e+00
    816.250    330.689   3.829508     0.5381    -0.0722    328.609    26.6242    31.0805    10.4069    10.4044    4909.20    34.6697     0.0304     0.0434      0.485      1.358      7.546  0.000e+00
    816.500    330.888   3.829214     0.5385    -0.0762    328.806    26.6249    31.0813    10.4036    10.4011    4909.17    34.6699     0.0319     0.0457      0.509      1.427      7.547  0.000e+00
    816.750    331.067   3.828678     0.5386    -0.0543    328.985    26.6240    31.0805    10.3999    10.3974    4909.13    34.6679     0.0323     0.0462      0.515      1.442      7.547  0.000e+00
    817.000    331.210   3.828358     0.5378    -0.0702    329.127    26.6250    31.0816    10.3960    10.3935    4909.09    34.6683     0.0280     0.0401      0.447      1.252      7.546  0.000e+00
    817.250    331.328   3.827665     0.5384    -0.0623    329.244    26.6236    31.0803    10.3915    10.3890    4909.04    34.6655     0.0300     0.0428      0.477      1.338      7.546  0.000e+00
    817.500    331.434   3.827208     0.5384    -0.0781    329.349    26.6242    31.0810    10.3869    10.3844    4908.99    34.6652     0.0311     0.0444      0.495      1.388      7.545  0.000e+00
    817.750    331.520   3.827156     0.5375    -0.0801    329.435    26.6286    31.0854    10.3817    10.3792    4908.95    34.6697     0.0266     0.0381      0.424      1.190      7.546  0.000e+00
    818.000    331.614   3.826568     0.5381    -0.0623    329.527    26.6275    31.0845    10.3777    10.3752    4908.90    34.6674     0.0292     0.0417      0.465      1.303      7.547  0.000e+00
    818.250    331.750   3.825013     0.5381    -0.0762    329.663    26.6188    31.0759    10.3738    10.3713    4908.81    34.6554     0.0293     0.0419      0.467      1.310      7.544  0.000e+00
    818.500    331.899   3.824908     0.5385    -0.0702    329.811    26.6247    31.0820    10.3664    10.3639    4908.76    34.6613     0.0313     0.0447      0.498      1.397      7.545  0.000e+00
    818.750    332.073   3.823570     0.5387    -0.0643    329.983    26.6205    31.0780    10.3593    10.3568    4908.66    34.6544     0.0330     0.0471      0.525      1.473      7.545  0.000e+00
    819.000    332.253   3.822877     0.5384    -0.0603    330.162    26.6223    31.0800    10.3513    10.3489    4908.58    34.6549     0.0327     0.0468      0.521      1.461      7.546  0.000e+00
    819.250    332.458   3.822447     0.5384    -0.0841    330.365    26.6267    31.0845    10.3427    10.3403    4908.50    34.6586     0.0327     0.0467      0.520      1.459      7.547  0.000e+00
    819.500    332.650   3.822127     0.5387    -0.0623    330.556    26.6310    31.0889    10.3352    10.3328    4908.44    34.6625     0.0346     0.0494      0.550      1.544      7.546  0.000e+00
    819.750    332.867   3.821970     0.5389    -0.0861    330.772    26.6351    31.0931    10.3294    10.3269    4908.40    34.6664     0.0360     0.0515      0.573      1.609      7.545  0.000e+00
    820.000    333.053   3.821944     0.5380    -0.0861    330.957    26.6389    31.0970    10.3249    10.3225    4908.37    34.6702     0.0308     0.0440      0.490      1.375      7.550  0.000e+00
    820.250    333.233   3.821755     0.5380    -0.0682    331.136    26.6398    31.0979    10.3223    10.3198    4908.35    34.6708     0.0297     0.0424      0.472      1.325      7.547  0.000e+00
    820.500    333.407   3.821650     0.5374    -0.0682    331.308    26.6408    31.0989    10.3202    10.3178    4908.34    34.6716     0.0259     0.0370      0.412      1.155      7.547  0.000e+00
    820.750    333.544   3.821618     0.5382    -0.0702    331.444    26.6422    31.1004    10.3183    10.3159    4908.33    34.6730     0.0287     0.0410      0.457      1.282      7.545  0.000e+00
    821.000    333.680   3.821513     0.5377    -0.0543    331.579    26.6425    31.1007    10.3171    10.3146    4908.33    34.6731     0.0266     0.0380      0.423      1.187      7.546  0.000e+00
    821.250    333.829   3.821357     0.5381    -0.0722    331.727    26.6422    31.1005    10.3159    10.3135    4908.32    34.6725     0.0284     0.0406      0.452      1.269      7.544  0.000e+00
    821.500    333.966   3.820978     0.5375    -0.0643    331.863    26.6401    31.0984    10.3149    10.3124    4908.30    34.6696     0.0258     0.0369      0.411      1.153      7.546  0.000e+00
    821.750    334.108   3.821030     0.5381    -0.0643    332.004    26.6424    31.1007    10.3129    10.3104    4908.29    34.6720     0.0289     0.0413      0.459      1.290      7.546  0.000e+00
    822.000    334.251   3.821030     0.5387    -0.0861    332.146    26.6438    31.1022    10.3112    10.3088    4908.29    34.6735     0.0336     0.0480      0.534      1.498      7.546  0.000e+00
    822.250    334.381   3.820737     0.5384    -0.0682    332.276    26.6422    31.1006    10.3104    10.3079    4908.28    34.6713     0.0330     0.0472      0.526      1.476      7.545  0.000e+00
    822.500    334.543   3.820769     0.5384    -0.0861    332.436    26.6435    31.1019    10.3093    10.3068    4908.28    34.6726     0.0335     0.0479      0.533      1.496      7.546  0.000e+00
    822.750    334.679   3.820338     0.5378    -0.0643    332.571    26.6411    31.0996    10.3080    10.3056    4908.26    34.6694     0.0303     0.0432      0.481      1.351      7.548  0.000e+00
    823.000    334.847   3.820260     0.5381    -0.0643    332.738    26.6420    31.1005    10.3064    10.3039    4908.25    34.6701     0.0316     0.0452      0.503      1.412      7.545  0.000e+00
    823.250    335.008   3.820260     0.5389    -0.0702    332.898    26.6439    31.1024    10.3042    10.3017    4908.24    34.6721     0.0347     0.0497      0.553      1.552      7.551  0.000e+00
    823.500    335.163   3.820182     0.5374    -0.0603    333.052    26.6444    31.1030    10.3029    10.3005    4908.24    34.6724     0.0280     0.0400      0.445      1.251      7.545  0.000e+00
    823.750    335.318   3.819830     0.5380    -0.0722    333.206    26.6425    31.1011    10.3019    10.2994    4908.22    34.6698     0.0289     0.0413      0.460      1.291      7.548  0.000e+00
