cruises/baja2025/cnv/20250506_cast3.cnv
* Sea-Bird SBE19plus Data File:
* FileName = C:\Users\ScienceTech\OneDrive - Western Flyer Foundation\Desktop\ProfilingCTD\data\2025\Gulf of California\Leg 3\raw data\20250506_PP200_cast1.hex
* Software Version 1.59
* Temperature SN =  8289
* Conductivity SN =  8289
* System UpLoad Time = May 07 2025 18:17:40
** "PP200"
** 27-30.51'N
** 112-18.93'W
** Depth 290m at start, 275m at finish
# nquan = 18
# nvalues = 4962                                  
# units = specified
# name 0 = timeS: Time, Elapsed [seconds]
# name 1 = prdM: Pressure, Strain Gauge [db]
# name 2 = c0S/m: Conductivity [S/m]
# name 3 = sbeox0V: Oxygen raw, SBE 43 [V]
# name 4 = flECO-AFL: Fluorescence, WET Labs ECO-AFL/FL [mg/m^3]
# name 5 = depSM: Depth [salt water, m], lat = 0.00
# name 6 = sigma-t00: Density [sigma-t, kg/m^3 ]
# name 7 = sigma-100: Density [sigma-1, kg/m^3 ]
# name 8 = tv268C: Temperature [IPTS-68, deg C]
# name 9 = tv290C: Temperature [ITS-90, deg C]
# name 10 = svCF: Sound Velocity [Chen-Millero, ft/s]
# name 11 = sal00: Salinity, Practical [PSU]
# name 12 = sbeox0ML/L: Oxygen, SBE 43 [ml/l]
# name 13 = sbeox0Mg/L: Oxygen, SBE 43 [mg/l]
# name 14 = sbeox0PS: Oxygen, SBE 43 [% saturation]
# name 15 = sbeox0Mm/L: Oxygen, SBE 43 [umol/l]
# name 16 = ph: pH
# name 17 = flag:  0.000e+00
# span 0 =      0.000,   1240.250                 
# span 1 =     -0.135,    280.010                 
# span 2 =  -0.140182,   4.932350                 
# span 3 =     1.0817,     2.9084                 
# span 4 =    -0.1694,   128.6900                 
# span 5 =     -0.134,    278.283                 
# span 6 =    -1.4547,    26.4310                 
# span 7 =     3.0772,    30.8434                 
# span 8 =    12.4873,    20.9398                 
# span 9 =    12.4843,    20.9348                 
# span 10 =    4845.60,    5001.43                
# span 11 =     0.0000,    36.2280                
# span 12 =     1.8401,     7.1441                
# span 13 =     2.6297,    10.2096                
# span 14 =     30.700,    135.685                
# span 15 =     82.179,    319.055                
# span 16 =      7.763,      8.195                
# span 17 = 0.0000e+00, 0.0000e+00                
# interval = seconds: 0.25
# start_time = May 06 2025 14:22:41 [Instrument's time stamp, header]
# bad_flag = -9.990e-29
*END*
      0.000     -0.092   0.081305     2.5634     0.0925     -0.092    -1.0988     3.4300    18.2754    18.2710    4847.33     0.4621     7.1099    10.1608    108.223    317.530      8.139  0.000e+00
      0.250     -0.098   0.079839     2.5636     0.0964     -0.098    -1.1054     3.4234    18.2755    18.2711    4847.30     0.4535     7.1113    10.1627    108.238    317.590      8.138  0.000e+00
      0.500     -0.098   0.079457     2.5640     0.0984     -0.098    -1.1072     3.4217    18.2757    18.2713    4847.30     0.4512     7.1132    10.1654    108.266    317.674      8.136  0.000e+00
      0.750     -0.105   0.078688     2.5632     0.5745     -0.104    -1.1107     3.4183    18.2757    18.2713    4847.28     0.4467     7.1104    10.1614    108.220    317.549      8.105  0.000e+00
      1.000     -0.105   0.077276     2.5638     0.5705     -0.104    -1.1171     3.4119    18.2758    18.2714    4847.25     0.4384     7.1131    10.1653    108.256    317.670      8.086  0.000e+00
      1.250     -0.098   0.077513     2.5646     0.5626     -0.098    -1.1162     3.4128    18.2768    18.2724    4847.26     0.4398     7.1164    10.1700    108.309    317.817      8.110  0.000e+00
      1.500     -0.098   0.077294     2.5642     0.5685     -0.098    -1.1173     3.4116    18.2776    18.2732    4847.27     0.4385     7.1152    10.1683    108.292    317.763      8.112  0.000e+00
      1.750     -0.104   0.076477     2.5630     1.2291     -0.104    -1.1213     3.4077    18.2788    18.2744    4847.26     0.4337     7.1099    10.1607    108.211    317.527      8.099  0.000e+00
      2.000     -0.098   0.077319     2.5636     1.2410     -0.098    -1.1176     3.4114    18.2793    18.2749    4847.29     0.4386     7.1113    10.1628    108.237    317.591      8.115  0.000e+00
      2.250     -0.098   0.077288     2.5646     1.2410     -0.098    -1.1178     3.4111    18.2799    18.2755    4847.29     0.4384     7.1151    10.1682    108.296    317.760      8.134  0.000e+00
      2.500     -0.092   0.077319     2.5644     1.2549     -0.092    -1.1177     3.4112    18.2799    18.2755    4847.29     0.4386     7.1145    10.1673    108.287    317.732      8.147  0.000e+00
      2.750     -0.086   0.077470     2.5644     0.6062     -0.085    -1.1171     3.4118    18.2804    18.2760    4847.30     0.4395     7.1148    10.1678    108.293    317.747      8.156  0.000e+00
      3.000     -0.092   0.078282     2.5646     0.6003     -0.092    -1.1135     3.4154    18.2807    18.2763    4847.32     0.4442     7.1150    10.1681    108.301    317.758      8.160  0.000e+00
      3.250     -0.104   0.077537     2.5653     0.6181     -0.104    -1.1168     3.4121    18.2805    18.2761    4847.30     0.4399     7.1187    10.1733    108.353    317.920      8.166  0.000e+00
      3.500     -0.104   0.077593     2.5647     0.6181     -0.104    -1.1166     3.4123    18.2805    18.2761    4847.30     0.4402     7.1172    10.1713    108.331    317.856      8.171  0.000e+00
      3.750     -0.098   0.078519     2.5650     0.6003     -0.098    -1.1124     3.4165    18.2804    18.2761    4847.32     0.4456     7.1183    10.1728    108.351    317.903      8.168  0.000e+00
      4.000     -0.111   0.078531     2.5644     0.7391     -0.110    -1.1123     3.4166    18.2803    18.2759    4847.32     0.4457     7.1149    10.1680    108.299    317.753      8.158  0.000e+00
      4.250     -0.073  -0.140182     2.5637     0.7252     -0.073    -1.4547     3.0772    18.2804    18.2761    4845.60     0.0000     7.1294    10.1886    108.231    318.398      8.139  0.000e+00
      4.500      0.007   1.694938     2.5646     0.7352      0.007     7.3322    11.7827    18.4113    18.4069    4890.34    11.5761     6.6375     9.4856    108.253    296.429      8.098  0.000e+00
      4.750      0.100   4.685014     2.5649     0.7272      0.100    24.9082    29.1951    19.0910    19.0864    4982.88    34.8811     5.6943     8.1377    108.123    254.307      8.138  0.000e+00
      5.000      0.193   4.912867     2.5653    -0.0781      0.192    25.7705    30.0389    19.7337    19.7290    4993.78    36.2280     5.5765     7.9694    108.011    249.047      8.160  0.000e+00
      5.250      0.274   4.915155     2.5653    -0.0722      0.272    25.3630    29.6266    20.1922    20.1873    4996.56    35.8532     5.5371     7.9130    107.910    247.286      8.125  0.000e+00
      5.500      0.342   4.906716     2.5653    -0.0563      0.340    25.0395    29.3006    20.4892    20.4842    4998.05    35.5332     5.5150     7.8815    107.858    246.300      8.118  0.000e+00
      5.750      0.397   4.903653     2.5664    -0.0682      0.395    24.8883    29.1481    20.6349    20.6300    4998.82    35.3863     5.5076     7.8709    107.904    245.969      8.135  0.000e+00
      6.000      0.484   4.894641     2.5695    -0.0861      0.481    24.7798    29.0394    20.6935    20.6885    4998.90    35.2646     5.5160     7.8830    108.107    246.346      8.151  0.000e+00
      6.250      0.540   4.889646     2.5745    -0.0702      0.537    24.7492    29.0091    20.6932    20.6882    4998.76    35.2244     5.5357     7.9111    108.466    247.225      8.158  0.000e+00
      6.500      0.620   4.886409     2.5807    -0.0563      0.617    24.7463    29.0065    20.6743    20.6694    4998.56    35.2138     5.5613     7.9476    108.923    248.366      8.165  0.000e+00
      6.750      0.713   4.884401     2.5868    -0.0623      0.709    24.7512    29.0118    20.6551    20.6502    4998.39    35.2135     5.5882     7.9861    109.412    249.568      8.165  0.000e+00
      7.000      0.806   4.881845     2.5948    -0.0781      0.802    24.7532    29.0140    20.6354    20.6305    4998.20    35.2091     5.6222     8.0347    110.036    251.089      8.170  0.000e+00
      7.250      0.911   4.880076     2.6044     0.3245      0.906    24.7628    29.0240    20.6126    20.6076    4998.02    35.2137     5.6624     8.0921    110.779    252.882      8.172  0.000e+00
      7.500      1.004   4.877405     2.6304     0.3107      0.999    24.7717    29.0333    20.5844    20.5794    4997.78    35.2154     5.7574     8.2279    112.581    257.125      8.174  0.000e+00
      7.750      1.110   4.878229     2.6563     0.3245      1.104    24.7999    29.0618    20.5587    20.5538    4997.66    35.2434     5.8573     8.3706    114.500    261.586      8.176  0.000e+00
      8.000      1.215   4.880243     2.6666     0.3245      1.208    24.8252    29.0871    20.5445    20.5396    4997.64    35.2715     5.9067     8.4413    115.456    263.793      8.179  0.000e+00
      8.250      1.333   4.879847     2.6744    -0.0960      1.325    24.8289    29.0909    20.5376    20.5327    4997.59    35.2740     5.9413     8.4907    116.120    265.339      8.179  0.000e+00
      8.500      1.444   4.877110     2.6719    -0.0881      1.436    24.8204    29.0827    20.5283    20.5233    4997.46    35.2596     5.9349     8.4816    115.965    265.055      8.180  0.000e+00
      8.750      1.556   4.874909     2.6596    -0.0920      1.547    24.8197    29.0822    20.5139    20.5090    4997.32    35.2536     5.8844     8.4094    114.943    262.796      8.179  0.000e+00
      9.000      1.655   4.872276     2.6467    -0.1019      1.646    24.8208    29.0836    20.4946    20.4897    4997.13    35.2482     5.8175     8.3138    113.594    259.809      8.180  0.000e+00
      9.250      1.766   4.869513     2.6342    -0.0524      1.757    24.8231    29.0863    20.4731    20.4682    4996.93    35.2436     5.7410     8.2045    112.053    256.393      8.184  0.000e+00
      9.500      1.847   4.867933     2.6187    -0.0226      1.837    24.8323    29.0958    20.4520    20.4471    4996.76    35.2484     5.6477     8.0711    110.192    252.225      8.185  0.000e+00
      9.750      1.940   4.864811     2.5998    -0.0246      1.929    24.8381    29.1020    20.4242    20.4193    4996.51    35.2461     5.5522     7.9346    108.273    247.961      8.185  0.000e+00
     10.000      2.027   4.856515     2.5797    -0.0206      2.016    24.8341    29.0990    20.3715    20.3666    4995.95    35.2225     5.4686     7.8152    106.526    244.227      8.185  0.000e+00
     10.250      2.095   4.850191     2.5611    -0.0305      2.083    24.8486    29.1144    20.3119    20.3070    4995.42    35.2206     5.3974     7.7134    105.024    241.048      8.187  0.000e+00
     10.500      2.175   4.846526     2.5454    -0.0206      2.163    24.8746    29.1412    20.2578    20.2529    4994.99    35.2359     5.3450     7.6386    103.912    238.709      8.187  0.000e+00
     10.750      2.244   4.844468     2.5349    -0.0246      2.231    24.9021    29.1692    20.2132    20.2083    4994.67    35.2563     5.3176     7.5994    103.308    237.486      8.190  0.000e+00
     11.000      2.330   4.842907     2.5296    -0.0365      2.318    24.9241    29.1917    20.1780    20.1732    4994.41    35.2729     5.3118     7.5911    103.138    237.225      8.189  0.000e+00
     11.250      2.411   4.841079     2.5243    -0.0325      2.398    24.9379    29.2058    20.1501    20.1453    4994.20    35.2813     5.3127     7.5924    103.109    237.266      8.191  0.000e+00
     11.500      2.491   4.839770     2.5199     0.2948      2.478    24.9521    29.2204    20.1253    20.1205    4994.01    35.2914     5.3225     7.6064    103.258    237.702      8.190  0.000e+00
     11.750      2.597   4.838432     2.5198     0.2829      2.583    24.9630    29.2315    20.1041    20.0993    4993.85    35.2982     5.3492     7.6446    103.741    238.897      8.191  0.000e+00
     12.000      2.696   4.836965     2.5206     0.2888      2.681    24.9705    29.2393    20.0856    20.0808    4993.70    35.3016     5.3796     7.6880    104.296    240.253      8.191  0.000e+00
     12.250      2.789   4.835498     2.5221     0.2988      2.773    24.9775    29.2465    20.0677    20.0629    4993.56    35.3046     5.4096     7.7309    104.846    241.594      8.193  0.000e+00
     12.500      2.906   4.834556     2.5243     0.0885      2.890    24.9853    29.2545    20.0525    20.0477    4993.44    35.3095     5.4371     7.7702    105.353    242.821      8.193  0.000e+00
     12.750      3.024   4.833449     2.5271     0.1024      3.007    24.9906    29.2601    20.0390    20.0342    4993.34    35.3118     5.4613     7.8048    105.797    243.902      8.190  0.000e+00
     13.000      3.148   4.832471     2.5297     0.1024      3.131    24.9959    29.2656    20.0263    20.0215    4993.24    35.3144     5.4811     7.8330    106.156    244.784      8.194  0.000e+00
     13.250      3.241   4.831299     2.5299     0.1123      3.223    24.9995    29.2694    20.0142    20.0094    4993.14    35.3149     5.4911     7.8473    106.327    245.231      8.194  0.000e+00
     13.500      3.334   4.829998     2.5288     0.1044      3.315    25.0013    29.2713    20.0032    19.9984    4993.03    35.3134     5.4923     7.8490    106.328    245.286      8.193  0.000e+00
     13.750      3.396   4.828697     2.5236     0.1024      3.377    25.0011    29.2713    19.9943    19.9895    4992.95    35.3102     5.4747     7.8240    105.969    244.502      8.192  0.000e+00
     14.000      3.464   4.828467     2.5167     0.0865      3.445    25.0060    29.2763    19.9873    19.9825    4992.90    35.3142     5.4471     7.7844    105.423    243.267      8.192  0.000e+00
     14.250      3.526   4.828237     2.5138     0.0984      3.506    25.0103    29.2807    19.9810    19.9762    4992.86    35.3176     5.4292     7.7589    105.067    242.468      8.195  0.000e+00
     14.500      3.606   4.828108     2.5132     0.0984      3.587    25.0155    29.2859    19.9743    19.9695    4992.82    35.3221     5.4200     7.7457    104.878    242.056      8.193  0.000e+00
     14.750      3.699   4.827785     2.5106     0.1401      3.679    25.0203    29.2909    19.9667    19.9619    4992.77    35.3258     5.4068     7.7268    104.610    241.466      8.193  0.000e+00
     15.000      3.798   4.827131     2.5042     0.1401      3.777    25.0243    29.2949    19.9578    19.9530    4992.70    35.3279     5.3833     7.6933    104.142    240.420      8.194  0.000e+00
     15.250      3.904   4.826678     2.4919     0.1401      3.882    25.0280    29.2988    19.9505    19.9457    4992.65    35.3303     5.3420     7.6342    103.329    238.573      8.192  0.000e+00
     15.500      4.021   4.826189     2.4768     0.1301      3.999    25.0300    29.3009    19.9449    19.9401    4992.61    35.3309     5.2891     7.5587    102.296    236.212      8.194  0.000e+00
     15.750      4.145   4.825572     2.4630     0.1401      4.122    25.0304    29.3014    19.9401    19.9353    4992.57    35.3298     5.2385     7.4863    101.307    233.950      8.194  0.000e+00
     16.000      4.269   4.824724     2.4527     0.1301      4.246    25.0285    29.2995    19.9363    19.9316    4992.53    35.3260     5.1972     7.4274    100.500    232.108      8.193  0.000e+00
     16.250      4.387   4.823653     2.4466     0.1341      4.363    25.0244    29.2955    19.9334    19.9287    4992.48    35.3196     5.1691     7.3872     99.948    230.854      8.195  0.000e+00
     16.500      4.486   4.822748     2.4487     0.1242      4.461    25.0202    29.2914    19.9318    19.9270    4992.45    35.3135     5.1739     7.3941    100.034    231.068      8.194  0.000e+00
     16.750      4.579   4.821864     2.4543     0.1401      4.554    25.0161    29.2874    19.9301    19.9253    4992.42    35.3076     5.2019     7.4341    100.569    232.318      8.193  0.000e+00
     17.000      4.665   4.820894     2.4620     0.1619      4.640    25.0111    29.2825    19.9288    19.9241    4992.39    35.3007     5.2479     7.4997    101.450    234.369      8.191  0.000e+00
     17.250      4.746   4.821893     2.4681     0.1559      4.720    25.0174    29.2887    19.9288    19.9241    4992.42    35.3088     5.2953     7.5675    102.372    236.487      8.195  0.000e+00
     17.500      4.827   4.822453     2.4690     0.1559      4.800    25.0213    29.2926    19.9284    19.9236    4992.44    35.3138     5.3249     7.6099    102.947    237.811      8.192  0.000e+00
     17.750      4.889   4.822612     2.4671     0.1659      4.862    25.0246    29.2959    19.9259    19.9211    4992.43    35.3172     5.3377     7.6281    103.191    238.381      8.195  0.000e+00
     18.000      4.963   4.822418     2.4620     0.1559      4.936    25.0230    29.2943    19.9262    19.9214    4992.43    35.3153     5.3290     7.6157    103.023    237.993      8.193  0.000e+00
     18.250      5.019   4.822159     2.4518     0.1718      4.991    25.0187    29.2900    19.9291    19.9243    4992.44    35.3107     5.2913     7.5617    102.296    236.308      8.193  0.000e+00
     18.500      5.087   4.822001     2.4378     0.1659      5.059    25.0142    29.2855    19.9330    19.9282    4992.47    35.3061     5.2292     7.4730    101.100    233.536      8.193  0.000e+00
     18.750      5.143   4.822813     2.4198     0.1619      5.114    25.0130    29.2842    19.9399    19.9351    4992.54    35.3070     5.1476     7.3564     99.536    229.892      8.189  0.000e+00
     19.000      5.192   4.824336     2.4062     0.2670      5.164    25.0147    29.2857    19.9486    19.9438    4992.64    35.3121     5.0779     7.2568     98.206    226.777      8.194  0.000e+00
     19.250      5.291   4.826125     2.3998     0.2730      5.262    25.0176    29.2884    19.9577    19.9529    4992.75    35.3191     5.0377     7.1994     97.451    224.985      8.193  0.000e+00
     19.500      5.372   4.827167     2.3992     0.2452      5.342    25.0187    29.2894    19.9637    19.9589    4992.82    35.3226     5.0286     7.1864     97.287    224.578      8.194  0.000e+00
     19.750      5.477   4.827297     2.4057     0.2611      5.447    25.0191    29.2898    19.9642    19.9594    4992.83    35.3232     5.0552     7.2244     97.802    225.765      8.193  0.000e+00
