cruises/baja2025/cnv/20250504_cast2.cnv
* Sea-Bird SBE19plus Data File:
* FileName = C:\Users\ScienceTech\OneDrive - Western Flyer Foundation\Desktop\ProfilingCTD\data\Leg 3\20250504_T4_cast1.hex
* Software Version 1.59
* Temperature SN =  8289
* Conductivity SN =  8289
* System UpLoad Time = May 04 2025 19:15:27
** 1655Z
** 27-22.78'N
** 112-11.87;W
** Depth 692m
# nquan = 18
# nvalues = 8019                                  
# units = specified
# name 0 = timeS: Time, Elapsed [seconds]
# name 1 = prdM: Pressure, Strain Gauge [db]
# name 2 = c0S/m: Conductivity [S/m]
# name 3 = sbeox0V: Oxygen raw, SBE 43 [V]
# name 4 = flECO-AFL: Fluorescence, WET Labs ECO-AFL/FL [mg/m^3]
# name 5 = depSM: Depth [salt water, m], lat = 0.00
# name 6 = sigma-t00: Density [sigma-t, kg/m^3 ]
# name 7 = sigma-100: Density [sigma-1, kg/m^3 ]
# name 8 = tv268C: Temperature [IPTS-68, deg C]
# name 9 = tv290C: Temperature [ITS-90, deg C]
# name 10 = svCF: Sound Velocity [Chen-Millero, ft/s]
# name 11 = sal00: Salinity, Practical [PSU]
# name 12 = sbeox0ML/L: Oxygen, SBE 43 [ml/l]
# name 13 = sbeox0Mg/L: Oxygen, SBE 43 [mg/l]
# name 14 = sbeox0PS: Oxygen, SBE 43 [% saturation]
# name 15 = sbeox0Mm/L: Oxygen, SBE 43 [umol/l]
# name 16 = ph: pH
# name 17 = flag:  0.000e+00
# span 0 =      0.000,   2004.500                 
# span 1 =     -0.218,    483.171                 
# span 2 =   0.056470,   4.812498                 
# span 3 =     0.6428,     2.9696                 
# span 4 =    -0.1654,   128.7237                 
# span 5 =     -0.217,    479.956                 
# span 6 =    -1.4302,    26.7753                 
# span 7 =     3.0783,    31.2480                 
# span 8 =     9.7413,    19.9925                 
# span 9 =     9.7390,    19.9877                 
# span 10 =    4857.37,    4990.69                
# span 11 =     0.3092,    35.5672                
# span 12 =     0.4129,     7.5223                
# span 13 =     0.5901,    10.7502                
# span 14 =      6.490,    133.598                
# span 15 =     18.440,    335.948                
# span 16 =      7.467,      8.232                
# span 17 = 0.0000e+00, 0.0000e+00                
# interval = seconds: 0.25
# start_time = May 04 2025 09:54:46 [Instrument's time stamp, header]
# bad_flag = -9.990e-29
*END*
[from data line 4905]
   1226.250    418.681   3.861210     0.7463    -0.0623    415.959    26.6704    31.1244    10.5950    10.5925    4916.56    34.7714     0.7770     1.1104     12.444     34.699      7.657  0.000e+00
   1226.500    418.476   3.861453     0.7465    -0.0543    415.756    26.6704    31.1243    10.5972    10.5947    4916.58    34.7718     0.7778     1.1115     12.457     34.735      7.656  0.000e+00
   1226.750    418.327   3.861695     0.7473    -0.0543    415.609    26.6705    31.1243    10.5992    10.5967    4916.59    34.7724     0.7804     1.1153     12.500     34.853      7.656  0.000e+00
   1227.000    418.240   3.862023     0.7480    -0.0781    415.522    26.6709    31.1247    10.6016    10.5991    4916.62    34.7735     0.7845     1.1212     12.567     35.037      7.658  0.000e+00
   1227.250    418.222   3.862318     0.7469    -0.0643    415.504    26.6709    31.1247    10.6041    10.6015    4916.65    34.7741     0.7797     1.1143     12.491     34.823      7.657  0.000e+00
   1227.500    418.240   3.862699     0.7478    -0.0643    415.523    26.6712    31.1249    10.6070    10.6044    4916.69    34.7752     0.7830     1.1190     12.544     34.969      7.659  0.000e+00
   1227.750    418.253   3.862836     0.7477    -0.0682    415.535    26.6692    31.1228    10.6104    10.6079    4916.72    34.7733     0.7812     1.1164     12.516     34.888      7.659  0.000e+00
   1228.000    418.241   3.862889     0.7481    -0.0543    415.523    26.6671    31.1207    10.6131    10.6105    4916.75    34.7713     0.7834     1.1196     12.552     34.988      7.660  0.000e+00
   1228.250    418.166   3.862941     0.7485    -0.0702    415.449    26.6659    31.1194    10.6150    10.6124    4916.76    34.7700     0.7837     1.1200     12.558     35.001      7.656  0.000e+00
   1228.500    418.011   3.862862     0.7496    -0.0702    415.295    26.6641    31.1176    10.6163    10.6137    4916.76    34.7681     0.7885     1.1268     12.634     35.213      7.659  0.000e+00
   1228.750    417.800   3.862862     0.7494    -0.0603    415.086    26.6635    31.1170    10.6170    10.6145    4916.75    34.7675     0.7879     1.1260     12.624     35.187      7.660  0.000e+00
   1229.000    417.583   3.862862     0.7492    -0.0781    414.870    26.6635    31.1171    10.6170    10.6145    4916.74    34.7676     0.7870     1.1248     12.611     35.149      7.701  0.000e+00
   1229.250    417.348   3.863026     0.7494    -0.0682    414.636    26.6649    31.1184    10.6170    10.6145    4916.74    34.7693     0.7883     1.1266     12.631     35.205      7.690  0.000e+00
   1229.500    417.124   3.863052     0.7506    -0.0603    414.415    26.6647    31.1182    10.6175    10.6150    4916.73    34.7692     0.7927     1.1329     12.702     35.403      7.675  0.000e+00
   1229.750    416.895   3.863183     0.7504    -0.0643    414.187    26.6653    31.1187    10.6181    10.6156    4916.73    34.7700     0.7922     1.1322     12.695     35.381      7.670  0.000e+00
   1230.000    416.672   3.863511     0.7515    -0.0603    413.966    26.6672    31.1207    10.6189    10.6163    4916.73    34.7727     0.7965     1.1383     12.763     35.571      7.665  0.000e+00
   1230.250    416.467   3.864023     0.7510    -0.0543    413.763    26.6697    31.1231    10.6206    10.6180    4916.76    34.7763     0.7941     1.1349     12.726     35.465      7.659  0.000e+00
   1230.500    416.263   3.864351     0.7515    -0.0702    413.559    26.6698    31.1231    10.6234    10.6209    4916.78    34.7770     0.7953     1.1366     12.746     35.518      7.659  0.000e+00
   1230.750    416.108   3.864947     0.7520    -0.0603    413.406    26.6713    31.1245    10.6269    10.6243    4916.83    34.7798     0.7979     1.1403     12.789     35.635      7.661  0.000e+00
   1231.000    415.953   3.865216     0.7521    -0.0543    413.252    26.6698    31.1229    10.6309    10.6284    4916.86    34.7787     0.7986     1.1413     12.801     35.665      7.656  0.000e+00
   1231.250    415.829   3.865918     0.7510    -0.0702    413.129    26.6716    31.1246    10.6350    10.6324    4916.91    34.7820     0.7921     1.1320     12.698     35.375      7.659  0.000e+00
   1231.500    415.723   3.866082     0.7515    -0.0623    413.024    26.6687    31.1216    10.6396    10.6370    4916.95    34.7793     0.7913     1.1309     12.687     35.340      7.658  0.000e+00
   1231.750    415.630   3.866489     0.7522    -0.0543    412.932    26.6680    31.1209    10.6438    10.6412    4916.99    34.7794     0.7937     1.1342     12.725     35.445      7.658  0.000e+00
   1232.000    415.550   3.866758     0.7530    -0.0702    412.852    26.6668    31.1196    10.6474    10.6449    4917.03    34.7787     0.7969     1.1389     12.779     35.591      7.656  0.000e+00
   1232.250    415.450   3.867217     0.7530    -0.0623    412.753    26.6671    31.1198    10.6511    10.6485    4917.07    34.7799     0.7978     1.1401     12.793     35.628      7.660  0.000e+00
   1232.500    415.364   3.867840     0.7534    -0.0623    412.667    26.6683    31.1209    10.6552    10.6526    4917.12    34.7823     0.7998     1.1430     12.827     35.720      7.659  0.000e+00
   1232.750    415.264   3.868142     0.7532    -0.0702    412.569    26.6664    31.1189    10.6599    10.6573    4917.17    34.7809     0.7991     1.1420     12.817     35.688      7.658  0.000e+00
   1233.000    415.159   3.868168     0.7546    -0.0623    412.464    26.6628    31.1152    10.6641    10.6615    4917.20    34.7772     0.8066     1.1527     12.938     36.022      7.659  0.000e+00
   1233.250    415.029   3.868030     0.7549    -0.0643    412.335    26.6591    31.1115    10.6669    10.6643    4917.20    34.7732     0.8094     1.1567     12.984     36.148      7.659  0.000e+00
   1233.500    414.892   3.867787     0.7543    -0.0702    412.200    26.6559    31.1084    10.6683    10.6658    4917.20    34.7695     0.8060     1.1519     12.929     35.996      7.658  0.000e+00
   1233.750    414.725   3.867761     0.7547    -0.0722    412.033    26.6562    31.1086    10.6679    10.6654    4917.19    34.7697     0.8061     1.1519     12.930     35.999      7.657  0.000e+00
   1234.000    414.558   3.868247     0.7558    -0.0603    411.867    26.6603    31.1127    10.6676    10.6651    4917.19    34.7749     0.8101     1.1577     12.995     36.179      7.658  0.000e+00
   1234.250    414.359   3.868817     0.7549    -0.0543    411.670    26.6642    31.1165    10.6683    10.6658    4917.21    34.7801     0.8060     1.1518     12.930     35.995      7.660  0.000e+00
   1234.500    414.155   3.869415     0.7558    -0.0722    411.467    26.6662    31.1184    10.6713    10.6687    4917.25    34.7833     0.8089     1.1559     12.977     36.124      7.659  0.000e+00
   1234.750    413.975   3.869959     0.7550    -0.0722    411.289    26.6665    31.1186    10.6757    10.6731    4917.30    34.7847     0.8045     1.1497     12.908     35.929      7.656  0.000e+00
   1235.000    413.776   3.870228     0.7563    -0.0702    411.092    26.6642    31.1162    10.6806    10.6780    4917.33    34.7828     0.8083     1.1552     12.971     36.100      7.660  0.000e+00
   1235.250    413.603   3.870418     0.7569    -0.0643    410.920    26.6616    31.1136    10.6851    10.6825    4917.37    34.7805     0.8120     1.1604     13.031     36.264      7.658  0.000e+00
   1235.500    413.448   3.870714     0.7559    -0.0464    410.766    26.6607    31.1126    10.6886    10.6860    4917.40    34.7802     0.8078     1.1545     12.965     36.077      7.662  0.000e+00
   1235.750    413.311   3.871390     0.7563    -0.0623    410.630    26.6631    31.1150    10.6918    10.6892    4917.44    34.7841     0.8081     1.1548     12.970     36.088      7.658  0.000e+00
   1236.000    413.175   3.871987     0.7566    -0.0702    410.495    26.6643    31.1160    10.6957    10.6931    4917.49    34.7864     0.8084     1.1553     12.977     36.105      7.660  0.000e+00
   1236.250    413.051   3.872939     0.7586    -0.0543    410.372    26.6675    31.1191    10.7003    10.6978    4917.56    34.7916     0.8191     1.1705     13.150     36.580      7.658  0.000e+00
   1236.500    412.933   3.873372     0.7572    -0.0623    410.255    26.6652    31.1166    10.7066    10.7040    4917.62    34.7900     0.8127     1.1614     13.049     36.295      7.662  0.000e+00
   1236.750    412.809   3.873589     0.7579    -0.0682    410.132    26.6606    31.1120    10.7134    10.7109    4917.67    34.7858     0.8156     1.1656     13.098     36.426      7.659  0.000e+00
   1237.000    412.691   3.873700     0.7589    -0.0682    410.015    26.6569    31.1082    10.7185    10.7159    4917.71    34.7822     0.8190     1.1705     13.154     36.579      7.661  0.000e+00
   1237.250    412.574   3.874238     0.7595    -0.0643    409.898    26.6582    31.1094    10.7217    10.7192    4917.75    34.7845     0.8232     1.1765     13.222     36.766      7.660  0.000e+00
   1237.500    412.481   3.874212     0.7595    -0.0623    409.806    26.6548    31.1060    10.7252    10.7226    4917.77    34.7810     0.8250     1.1789     13.250     36.843      7.662  0.000e+00
   1237.750    412.363   3.874540     0.7602    -0.0623    409.689    26.6549    31.1060    10.7279    10.7254    4917.80    34.7818     0.8273     1.1823     13.289     36.948      7.661  0.000e+00
   1238.000    412.239   3.874947     0.7602    -0.0643    409.566    26.6559    31.1069    10.7304    10.7278    4917.83    34.7836     0.8264     1.1810     13.275     36.908      7.662  0.000e+00
   1238.250    412.084   3.875545     0.7605    -0.0563    409.412    26.6579    31.1088    10.7333    10.7307    4917.87    34.7868     0.8262     1.1807     13.272     36.896      7.660  0.000e+00
   1238.500    411.910   3.875518     0.7615    -0.0484    409.240    26.6543    31.1052    10.7371    10.7345    4917.89    34.7830     0.8315     1.1883     13.359     37.135      7.661  0.000e+00
   1238.750    411.730   3.876090     0.7615    -0.0702    409.061    26.6557    31.1065    10.7405    10.7379    4917.93    34.7856     0.8305     1.1869     13.344     37.090      7.660  0.000e+00
   1239.000    411.526   3.876333     0.7622    -0.0623    408.858    26.6548    31.1055    10.7436    10.7410    4917.95    34.7852     0.8319     1.1889     13.368     37.154      7.660  0.000e+00
   1239.250    411.321   3.876385     0.7634    -0.0623    408.655    26.6521    31.1027    10.7471    10.7446    4917.97    34.7825     0.8374     1.1968     13.457     37.400      7.660  0.000e+00
   1239.500    411.141   3.876575     0.7635    -0.0702    408.476    26.6512    31.1018    10.7498    10.7472    4917.99    34.7820     0.8390     1.1990     13.483     37.470      7.662  0.000e+00
   1239.750    410.974   3.876877     0.7637    -0.0524    408.310    26.6516    31.1022    10.7519    10.7493    4918.01    34.7831     0.8394     1.1996     13.491     37.489      7.662  0.000e+00
   1240.000    410.831   3.877390     0.7644    -0.0524    408.169    26.6538    31.1043    10.7540    10.7514    4918.04    34.7863     0.8428     1.2045     13.546     37.641      7.663  0.000e+00
   1240.250    410.720   3.877744     0.7645    -0.0623    408.058    26.6536    31.1040    10.7572    10.7547    4918.07    34.7868     0.8424     1.2039     13.541     37.624      7.662  0.000e+00
   1240.500    410.614   3.877744     0.7654    -0.0702    407.953    26.6504    31.1008    10.7608    10.7582    4918.09    34.7835     0.8454     1.2081     13.589     37.754      7.663  0.000e+00
   1240.750    410.534   3.878046     0.7661    -0.0543    407.873    26.6504    31.1007    10.7634    10.7608    4918.12    34.7841     0.8483     1.2123     13.637     37.886      7.660  0.000e+00
   1241.000    410.453   3.878532     0.7659    -0.0543    407.793    26.6517    31.1020    10.7661    10.7635    4918.16    34.7864     0.8462     1.2093     13.604     37.793      7.661  0.000e+00
   1241.250    410.341   3.878506     0.7665    -0.0801    407.683    26.6491    31.0993    10.7688    10.7662    4918.17    34.7836     0.8475     1.2112     13.626     37.851      7.662  0.000e+00
   1241.500    410.217   3.878696     0.7666    -0.0762    407.560    26.6483    31.0984    10.7713    10.7688    4918.19    34.7832     0.8476     1.2114     13.628     37.856      7.661  0.000e+00
   1241.750    410.056   3.878558     0.7672    -0.0543    407.399    26.6454    31.0955    10.7734    10.7708    4918.20    34.7799     0.8497     1.2142     13.661     37.946      7.664  0.000e+00
   1242.000    409.870   3.878696     0.7677    -0.0603    407.215    26.6456    31.0957    10.7744    10.7718    4918.20    34.7804     0.8508     1.2158     13.679     37.995      7.664  0.000e+00
   1242.250    409.684   3.878913     0.7682    -0.0623    407.030    26.6468    31.0969    10.7750    10.7724    4918.20    34.7821     0.8528     1.2188     13.713     38.088      7.666  0.000e+00
   1242.500    409.498   3.879511     0.7674    -0.0801    406.846    26.6502    31.1002    10.7765    10.7739    4918.23    34.7868     0.8477     1.2114     13.631     37.858      7.664  0.000e+00
   1242.750    409.318   3.879727     0.7691    -0.0702    406.667    26.6495    31.0995    10.7791    10.7765    4918.25    34.7866     0.8548     1.2215     13.745     38.174      7.663  0.000e+00
   1243.000    409.201   3.880082     0.7695    -0.0543    406.550    26.6495    31.0994    10.7821    10.7795    4918.28    34.7873     0.8574     1.2253     13.789     38.291      7.660  0.000e+00
   1243.250    409.070   3.880220     0.7691    -0.0623    406.421    26.6479    31.0977    10.7852    10.7826    4918.30    34.7858     0.8553     1.2223     13.755     38.196      7.661  0.000e+00
   1243.500    409.015   3.880437     0.7690    -0.0702    406.366    26.6472    31.0970    10.7877    10.7851    4918.33    34.7856     0.8537     1.2200     13.731     38.126      7.662  0.000e+00
   1243.750    408.959   3.880792     0.7685    -0.0722    406.310    26.6475    31.0973    10.7904    10.7878    4918.36    34.7866     0.8497     1.2143     13.668     37.949      7.663  0.000e+00
   1244.000    408.922   3.881199     0.7690    -0.0702    406.273    26.6483    31.0980    10.7931    10.7905    4918.39    34.7882     0.8500     1.2147     13.673     37.961      7.661  0.000e+00
   1244.250    408.884   3.881902     0.7685    -0.0563    406.236    26.6509    31.1004    10.7962    10.7937    4918.45    34.7922     0.8466     1.2098     13.619     37.808      7.662  0.000e+00
   1244.500    408.791   3.882093     0.7703    -0.0543    406.144    26.6483    31.0978    10.8007    10.7981    4918.48    34.7899     0.8540     1.2205     13.740     38.140      7.664  0.000e+00
   1244.750    408.636   3.881797     0.7703    -0.0643    405.990    26.6421    31.0916    10.8050    10.8024    4918.50    34.7830     0.8535     1.2197     13.732     38.117      7.666  0.000e+00
   1245.000    408.469   3.881961     0.7706    -0.0543    405.824    26.6417    31.0911    10.8069    10.8043    4918.51    34.7829     0.8558     1.2230     13.770     38.220      7.663  0.000e+00
   1245.250    408.271   3.882283     0.7696    -0.0722    405.627    26.6435    31.0928    10.8078    10.8052    4918.52    34.7854     0.8526     1.2184     13.719     38.077      7.662  0.000e+00
   1245.500    408.041   3.882506     0.7706    -0.0643    405.399    26.6439    31.0932    10.8093    10.8067    4918.53    34.7863     0.8575     1.2254     13.798     38.295      7.664  0.000e+00
   1245.750    407.824   3.882532     0.7710    -0.0563    405.184    26.6421    31.0914    10.8115    10.8089    4918.53    34.7845     0.8593     1.2280     13.827     38.375      7.661  0.000e+00
