cruises/baja2025/cnv/20250419_cast2.cnv
* Sea-Bird SBE19plus Data File:
* FileName = C:\Users\ScienceTech\OneDrive - Western Flyer Foundation\Desktop\ProfilingCTD\data\20250419_IslaCalavera_cast7.hex
* Software Version 1.59
* Temperature SN =  8289
* Conductivity SN =  8289
* System UpLoad Time = Apr 20 2025 13:40:56
** Isla Calavera
** 4/19/2025
** 2042 UTC
** 29 1.210'N
** 113 29.841W
** ~26 m
** demo for SVO guests
# nquan = 18
# nvalues = 1446                                  
# units = specified
# name 0 = timeS: Time, Elapsed [seconds]
# name 1 = prdM: Pressure, Strain Gauge [db]
# name 2 = c0S/m: Conductivity [S/m]
# name 3 = sbeox0V: Oxygen raw, SBE 43 [V]
# name 4 = flECO-AFL: Fluorescence, WET Labs ECO-AFL/FL [mg/m^3]
# name 5 = depSM: Depth [salt water, m], lat = 0.00
# name 6 = sigma-t00: Density [sigma-t, kg/m^3 ]
# name 7 = sigma-100: Density [sigma-1, kg/m^3 ]
# name 8 = tv268C: Temperature [IPTS-68, deg C]
# name 9 = tv290C: Temperature [ITS-90, deg C]
# name 10 = svCF: Sound Velocity [Chen-Millero, ft/s]
# name 11 = sal00: Salinity, Practical [PSU]
# name 12 = sbeox0ML/L: Oxygen, SBE 43 [ml/l]
# name 13 = sbeox0Mg/L: Oxygen, SBE 43 [mg/l]
# name 14 = sbeox0PS: Oxygen, SBE 43 [% saturation]
# name 15 = sbeox0Mm/L: Oxygen, SBE 43 [umol/l]
# name 16 = ph: pH
# name 17 = flag:  0.000e+00
# span 0 =      0.000,    361.250                 
# span 1 =     -0.109,     19.763                 
# span 2 =   0.000023,   4.457768                 
# span 3 =     1.9988,     2.8815                 
# span 4 =    -0.1277,   128.7237                 
# span 5 =     -0.108,     19.653                 
# span 6 =    -2.2061,    26.5637                 
# span 7 =     2.2574,    30.9025                 
# span 8 =    14.9272,    21.9442                 
# span 9 =    14.9236,    21.9390                 
# span 10 =    4815.75,    4962.71                
# span 11 =     0.0106,    35.9456                
# span 12 =     4.2471,     8.9912                
# span 13 =     6.0695,    12.8493                
# span 14 =     76.881,    133.084                
# span 15 =    189.674,    401.546                
# span 16 =      7.269,      8.025                
# span 17 = 0.0000e+00, 0.0000e+00                
# interval = seconds: 0.25
# start_time = Apr 19 2025 13:51:32 [Instrument's time stamp, header]
# bad_flag = -9.990e-29
*END*
[from data line 885]
    221.250      6.042   4.351654     2.4257     4.0539      6.009    25.9800    30.3271    15.4523    15.4486    4948.64    35.1395     5.7268     8.1842    101.588    255.761      7.973  0.000e+00
    221.500      6.061   4.352102     2.4262     4.0618      6.027    25.9827    30.3298    15.4527    15.4490    4948.66    35.1432     5.7272     8.1847    101.597    255.777      7.974  0.000e+00
    221.750      6.048   4.352281     2.4257     4.0677      6.015    25.9827    30.3297    15.4541    15.4504    4948.67    35.1436     5.7235     8.1795    101.535    255.614      7.973  0.000e+00
    222.000      6.049   4.352164     2.4279     4.0638      6.015    25.9800    30.3270    15.4562    15.4524    4948.68    35.1407     5.7302     8.1890    101.656    255.911      7.969  0.000e+00
    222.250      6.030   4.352164     2.4278     3.9567      5.997    25.9790    30.3260    15.4572    15.4535    4948.69    35.1398     5.7292     8.1876    101.639    255.866      7.974  0.000e+00
    222.500      6.011   4.352219     2.4276     3.9745      5.978    25.9793    30.3263    15.4574    15.4537    4948.69    35.1401     5.7286     8.1867    101.629    255.838      7.973  0.000e+00
    222.750      5.987   4.352164     2.4263     3.9626      5.954    25.9785    30.3255    15.4578    15.4541    4948.69    35.1393     5.7253     8.1820    101.571    255.691      7.974  0.000e+00
    223.000      5.968   4.352164     2.4257     3.9765      5.935    25.9783    30.3253    15.4580    15.4543    4948.69    35.1391     5.7241     8.1803    101.550    255.639      7.974  0.000e+00
    223.250      5.949   4.352164     2.4234     3.8039      5.917    25.9786    30.3256    15.4577    15.4540    4948.69    35.1394     5.7147     8.1669    101.383    255.220      7.971  0.000e+00
    223.500      5.912   4.352129     2.4234     3.7761      5.880    25.9783    30.3253    15.4578    15.4541    4948.69    35.1390     5.7114     8.1622    101.325    255.072      7.971  0.000e+00
    223.750      5.881   4.352191     2.4225     3.7900      5.849    25.9788    30.3258    15.4577    15.4540    4948.69    35.1396     5.7058     8.1541    101.225    254.820      7.971  0.000e+00
    224.000      5.875   4.352219     2.4217     3.8218      5.843    25.9790    30.3260    15.4577    15.4540    4948.69    35.1399     5.7002     8.1461    101.126    254.571      7.973  0.000e+00
    224.250      5.863   4.352219     2.4214     3.7900      5.831    25.9786    30.3256    15.4582    15.4545    4948.69    35.1395     5.6989     8.1444    101.104    254.515      7.974  0.000e+00
    224.500      5.875   4.352219     2.4222     3.4984      5.843    25.9784    30.3254    15.4583    15.4546    4948.69    35.1393     5.7032     8.1505    101.181    254.706      7.974  0.000e+00
    224.750      5.869   4.352164     2.4229     3.4945      5.837    25.9777    30.3247    15.4587    15.4549    4948.69    35.1385     5.7086     8.1582    101.276    254.947      7.971  0.000e+00
    225.000      5.888   4.352040     2.4212     3.5004      5.855    25.9772    30.3242    15.4583    15.4546    4948.69    35.1377     5.7051     8.1532    101.213    254.790      7.972  0.000e+00
    225.250      5.894   4.352012     2.4218     3.4766      5.862    25.9775    30.3245    15.4578    15.4541    4948.68    35.1379     5.7092     8.1590    101.285    254.974      7.973  0.000e+00
    225.500      5.913   4.351923     2.4186     3.4984      5.880    25.9774    30.3245    15.4571    15.4534    4948.67    35.1377     5.6977     8.1426    101.079    254.459      7.971  0.000e+00
    225.750      5.938   4.351806     2.4172     3.4865      5.905    25.9771    30.3242    15.4566    15.4529    4948.67    35.1371     5.6915     8.1337    100.968    254.182      7.972  0.000e+00
    226.000      5.944   4.352012     2.4180     3.5004      5.911    25.9793    30.3263    15.4558    15.4520    4948.67    35.1397     5.6927     8.1354    100.988    254.234      7.973  0.000e+00
    226.250      5.938   4.352281     2.4190     3.4964      5.905    25.9812    30.3282    15.4558    15.4520    4948.68    35.1422     5.6957     8.1397    101.044    254.370      7.975  0.000e+00
    226.500      5.956   4.352432     2.4173     3.5163      5.923    25.9813    30.3283    15.4568    15.4531    4948.69    35.1426     5.6889     8.1300    100.926    254.067      7.971  0.000e+00
    226.750      5.938   4.352487     2.4180     3.5202      5.905    25.9802    30.3272    15.4584    15.4547    4948.70    35.1416     5.6922     8.1347    100.986    254.212      7.970  0.000e+00
    227.000      5.919   4.352577     2.4188     3.5222      5.887    25.9796    30.3265    15.4598    15.4561    4948.72    35.1412     5.6977     8.1426    101.087    254.460      7.972  0.000e+00
    227.250      5.913   4.352639     2.4177     3.5242      5.880    25.9791    30.3261    15.4607    15.4570    4948.72    35.1409     5.6959     8.1401    101.057    254.381      7.971  0.000e+00
    227.500      5.907   4.352577     2.4189     3.5361      5.874    25.9779    30.3248    15.4616    15.4579    4948.73    35.1396     5.7032     8.1505    101.187    254.706      7.975  0.000e+00
    227.750      5.888   4.352342     2.4195     3.6373      5.856    25.9759    30.3228    15.4620    15.4583    4948.72    35.1371     5.7067     8.1554    101.248    254.860      7.972  0.000e+00
    228.000      5.882   4.352432     2.4212     3.6333      5.850    25.9768    30.3237    15.4617    15.4580    4948.72    35.1382     5.7134     8.1650    101.367    255.160      7.973  0.000e+00
    228.250      5.864   4.352432     2.4207     3.6135      5.831    25.9771    30.3241    15.4614    15.4577    4948.72    35.1385     5.7127     8.1640    101.354    255.129      7.972  0.000e+00
    228.500      5.876   4.352460     2.4219     3.6214      5.844    25.9774    30.3244    15.4612    15.4575    4948.72    35.1389     5.7189     8.1729    101.465    255.408      7.973  0.000e+00
    228.750      5.858   4.352432     2.4242     3.3457      5.825    25.9776    30.3245    15.4609    15.4572    4948.72    35.1389     5.7278     8.1857    101.622    255.806      7.973  0.000e+00
    229.000      5.851   4.352460     2.4246     3.3377      5.819    25.9777    30.3247    15.4609    15.4572    4948.72    35.1392     5.7306     8.1896    101.672    255.930      7.972  0.000e+00
    229.250      5.839   4.352521     2.4263     3.3417      5.807    25.9783    30.3252    15.4608    15.4571    4948.72    35.1398     5.7385     8.2008    101.811    256.279      7.972  0.000e+00
    229.500      5.839   4.352549     2.4276     3.3477      5.807    25.9781    30.3250    15.4612    15.4575    4948.72    35.1397     5.7432     8.2076    101.896    256.492      7.971  0.000e+00
    229.750      5.827   4.352611     2.4282     3.3675      5.794    25.9782    30.3251    15.4616    15.4578    4948.72    35.1400     5.7452     8.2105    101.932    256.581      7.971  0.000e+00
    230.000      5.858   4.352639     2.4282     3.3695      5.826    25.9780    30.3249    15.4620    15.4583    4948.73    35.1398     5.7443     8.2091    101.917    256.539      7.973  0.000e+00
    230.250      5.870   4.352666     2.4294     3.3675      5.838    25.9779    30.3248    15.4623    15.4586    4948.73    35.1398     5.7481     8.2146    101.985    256.710      7.971  0.000e+00
    230.500      5.895   4.352818     2.4298     3.3873      5.863    25.9786    30.3255    15.4627    15.4590    4948.74    35.1408     5.7473     8.2135    101.973    256.676      7.972  0.000e+00
    230.750      5.914   4.352879     2.4290     3.3675      5.881    25.9782    30.3251    15.4636    15.4599    4948.75    35.1406     5.7418     8.2056    101.876    256.428      7.971  0.000e+00
    231.000      5.939   4.352907     2.4290     3.2346      5.906    25.9778    30.3247    15.4642    15.4605    4948.76    35.1402     5.7395     8.2024    101.837    256.327      7.973  0.000e+00
    231.250      5.951   4.352907     2.4279     3.2167      5.918    25.9774    30.3242    15.4647    15.4610    4948.76    35.1398     5.7325     8.1923    101.713    256.014      7.973  0.000e+00
    231.500      5.957   4.352879     2.4281     3.2227      5.924    25.9768    30.3237    15.4651    15.4614    4948.76    35.1392     5.7305     8.1894    101.678    255.923      7.975  0.000e+00
    231.750      5.951   4.352969     2.4285     3.2326      5.918    25.9772    30.3241    15.4653    15.4616    4948.77    35.1398     5.7305     8.1894    101.678    255.923      7.971  0.000e+00
    232.000      5.939   4.352997     2.4279     3.5024      5.906    25.9772    30.3241    15.4656    15.4619    4948.77    35.1398     5.7276     8.1854    101.629    255.797      7.971  0.000e+00
    232.250      5.920   4.352935     2.4283     3.5143      5.888    25.9765    30.3234    15.4658    15.4621    4948.77    35.1391     5.7280     8.1859    101.635    255.812      7.972  0.000e+00
    232.500      5.908   4.352907     2.4274     3.4964      5.875    25.9762    30.3231    15.4660    15.4623    4948.77    35.1387     5.7249     8.1815    101.580    255.675      7.971  0.000e+00
    232.750      5.877   4.352907     2.4274     3.5024      5.845    25.9762    30.3231    15.4660    15.4623    4948.77    35.1387     5.7254     8.1822    101.590    255.698      7.972  0.000e+00
    233.000      5.865   4.352935     2.4281     3.7027      5.832    25.9766    30.3234    15.4658    15.4621    4948.77    35.1391     5.7283     8.1864    101.641    255.827      7.973  0.000e+00
    233.250      5.865   4.352969     2.4273     3.7008      5.832    25.9768    30.3237    15.4658    15.4621    4948.77    35.1394     5.7264     8.1836    101.606    255.740      7.972  0.000e+00
    233.500      5.852   4.352935     2.4272     3.7067      5.820    25.9765    30.3233    15.4659    15.4622    4948.77    35.1390     5.7254     8.1821    101.588    255.694      7.973  0.000e+00
    233.750      5.852   4.352935     2.4272     3.7206      5.820    25.9765    30.3233    15.4659    15.4622    4948.77    35.1390     5.7251     8.1818    101.584    255.684      7.973  0.000e+00
    234.000      5.846   4.352935     2.4280     3.7067      5.814    25.9766    30.3234    15.4658    15.4621    4948.77    35.1391     5.7288     8.1870    101.649    255.847      7.974  0.000e+00
    234.250      5.859   4.352907     2.4284     3.4885      5.826    25.9763    30.3232    15.4659    15.4622    4948.77    35.1388     5.7309     8.1900    101.686    255.941      7.972  0.000e+00
    234.500      5.840   4.352845     2.4298     3.4806      5.808    25.9760    30.3229    15.4657    15.4620    4948.76    35.1384     5.7375     8.1995    101.803    256.237      7.975  0.000e+00
    234.750      5.846   4.352817     2.4309     3.4905      5.814    25.9761    30.3230    15.4654    15.4617    4948.76    35.1384     5.7432     8.2075    101.903    256.489      7.973  0.000e+00
    235.000      5.858   4.352756     2.4296     3.5024      5.826    25.9761    30.3229    15.4650    15.4613    4948.75    35.1382     5.7393     8.2020    101.833    256.316      7.971  0.000e+00
    235.250      5.883   4.352700     2.4302     3.6948      5.851    25.9758    30.3227    15.4649    15.4611    4948.75    35.1378     5.7425     8.2066    101.889    256.459      7.971  0.000e+00
    235.500      5.902   4.352487     2.4279     3.7087      5.869    25.9748    30.3217    15.4644    15.4607    4948.74    35.1363     5.7335     8.1937    101.728    256.058      7.972  0.000e+00
    235.750      5.920   4.351771     2.4273     3.7008      5.888    25.9709    30.3179    15.4631    15.4594    4948.71    35.1310     5.7287     8.1869    101.637    255.843      7.971  0.000e+00
    236.000      5.951   4.350973     2.4257     3.7226      5.919    25.9684    30.3154    15.4598    15.4561    4948.66    35.1267     5.7199     8.1744    101.472    255.453      7.973  0.000e+00
    236.250      5.970   4.350904     2.4244     4.1511      5.937    25.9731    30.3202    15.4541    15.4504    4948.62    35.1311     5.7125     8.1637    101.332    255.120      7.973  0.000e+00
    236.500      5.964   4.351055     2.4234     4.1550      5.931    25.9779    30.3250    15.4500    15.4463    4948.60    35.1362     5.7059     8.1542    101.209    254.823      7.974  0.000e+00
    236.750      5.964   4.351324     2.4231     4.1649      5.931    25.9816    30.3288    15.4479    15.4442    4948.59    35.1405     5.7034     8.1507    101.163    254.712      7.973  0.000e+00
    237.000      5.939   4.351503     2.4234     4.1530      5.906    25.9828    30.3300    15.4480    15.4443    4948.60    35.1420     5.7052     8.1532    101.196    254.792      7.971  0.000e+00
    237.250      5.920   4.351503     2.4208     4.1590      5.888    25.9817    30.3289    15.4492    15.4455    4948.61    35.1410     5.6963     8.1406    101.040    254.396      7.973  0.000e+00
    237.500      5.902   4.351475     2.4215     4.0876      5.869    25.9807    30.3279    15.4501    15.4464    4948.61    35.1399     5.7009     8.1472    101.123    254.602      7.972  0.000e+00
    237.750      5.871   4.351592     2.4242     4.0995      5.839    25.9812    30.3283    15.4505    15.4468    4948.62    35.1406     5.7130     8.1644    101.339    255.142      7.971  0.000e+00
    238.000      5.834   4.351895     2.4235     4.0836      5.802    25.9827    30.3298    15.4512    15.4475    4948.63    35.1428     5.7143     8.1663    101.365    255.201      7.972  0.000e+00
    238.250      5.809   4.351950     2.4234     4.0876      5.777    25.9819    30.3289    15.4525    15.4488    4948.64    35.1421     5.7162     8.1690    101.401    255.286      7.973  0.000e+00
    238.500      5.791   4.351895     2.4231     3.9289      5.759    25.9802    30.3272    15.4540    15.4503    4948.65    35.1403     5.7166     8.1696    101.410    255.303      7.974  0.000e+00
    238.750      5.784   4.351895     2.4244     3.9447      5.753    25.9794    30.3264    15.4549    15.4512    4948.65    35.1395     5.7225     8.1780    101.516    255.567      7.974  0.000e+00
    239.000      5.785   4.352012     2.4258     3.9328      5.753    25.9799    30.3269    15.4552    15.4515    4948.66    35.1403     5.7291     8.1874    101.634    255.861      7.972  0.000e+00
    239.250      5.797   4.352129     2.4252     3.9328      5.765    25.9805    30.3275    15.4554    15.4517    4948.66    35.1411     5.7288     8.1871    101.630    255.849      7.972  0.000e+00
    239.500      5.822   4.352281     2.4254     3.8337      5.790    25.9806    30.3276    15.4564    15.4527    4948.68    35.1416     5.7277     8.1855    101.613    255.800      7.972  0.000e+00
    239.750      5.828   4.352040     2.4251     3.8456      5.796    25.9778    30.3249    15.4576    15.4539    4948.68    35.1384     5.7252     8.1819    101.569    255.688      7.971  0.000e+00
    240.000      5.853   4.351895     2.4267     3.8277      5.821    25.9769    30.3239    15.4575    15.4538    4948.67    35.1371     5.7318     8.1913    101.685    255.983      7.971  0.000e+00
    240.250      5.847   4.351861     2.4274     3.8337      5.815    25.9773    30.3244    15.4568    15.4531    4948.67    35.1375     5.7350     8.1958    101.740    256.124      7.973  0.000e+00
    240.500      5.859   4.351861     2.4285     3.8495      5.827    25.9782    30.3253    15.4558    15.4521    4948.66    35.1383     5.7392     8.2019    101.814    256.314      7.971  0.000e+00
    240.750      5.872   4.351985     2.4299     3.7742      5.839    25.9796    30.3266    15.4553    15.4516    4948.66    35.1399     5.7444     8.2093    101.905    256.543      7.973  0.000e+00
