cruises/baja2025/cnv/20250421.cnv
* Sea-Bird SBE19plus Data File:
* FileName = C:\Users\ScienceTech\OneDrive - Western Flyer Foundation\Desktop\ProfilingCTD\data\20250421_IslaTiburon_cast10.hex
* Software Version 1.59
* Temperature SN =  8289
* Conductivity SN =  8289
* System UpLoad Time = Apr 21 2025 08:55:31
** Isla Tiburon
** April 21 2025 1305 UTC
** Lat: 28 50.474 'N
** Long: 112 37.037 'W
** 600+m water
# nquan = 18
# nvalues = 9333                                  
# units = specified
# name 0 = timeS: Time, Elapsed [seconds]
# name 1 = prdM: Pressure, Strain Gauge [db]
# name 2 = c0S/m: Conductivity [S/m]
# name 3 = sbeox0V: Oxygen raw, SBE 43 [V]
# name 4 = flECO-AFL: Fluorescence, WET Labs ECO-AFL/FL [mg/m^3]
# name 5 = depSM: Depth [salt water, m], lat = 0.00
# name 6 = sigma-t00: Density [sigma-t, kg/m^3 ]
# name 7 = sigma-100: Density [sigma-1, kg/m^3 ]
# name 8 = tv268C: Temperature [IPTS-68, deg C]
# name 9 = tv290C: Temperature [ITS-90, deg C]
# name 10 = svCF: Sound Velocity [Chen-Millero, ft/s]
# name 11 = sal00: Salinity, Practical [PSU]
# name 12 = sbeox0ML/L: Oxygen, SBE 43 [ml/l]
# name 13 = sbeox0Mg/L: Oxygen, SBE 43 [mg/l]
# name 14 = sbeox0PS: Oxygen, SBE 43 [% saturation]
# name 15 = sbeox0Mm/L: Oxygen, SBE 43 [umol/l]
# name 16 = ph: pH
# name 17 = flag:  0.000e+00
# span 0 =      0.000,   2333.000                 
# span 1 =     -0.145,    545.742                 
# span 2 =  -0.000027,   4.393691                 
# span 3 =     0.8936,     3.0052                 
# span 4 =    -0.1376,   128.6840                 
# span 5 =     -0.144,    542.029                 
# span 6 =    -1.1577,    26.7013                 
# span 7 =     3.4080,    31.1579                 
# span 8 =    10.5831,    16.6186                 
# span 9 =    10.5806,    16.6146                 
# span 10 =    4821.84,    4953.42                
# span 11 =     0.0000,    35.1641                
# span 12 =     1.3126,     8.7048                
# span 13 =     1.8758,    12.4401                
# span 14 =     21.024,    134.699                
# span 15 =     58.621,    388.758                
# span 16 =      7.389,      7.984                
# span 17 = 0.0000e+00, 0.0000e+00                
# interval = seconds: 0.25
# start_time = Apr 21 2025 06:04:58 [Instrument's time stamp, header]
# bad_flag = -9.990e-29
*END*
[from data line 5548]
   1387.000    492.719   3.883866     0.9207    -0.0682    489.429    26.6789    31.1313    10.7511    10.7486    4922.57    34.8179     1.3992     1.9996     22.492     62.489      7.667  0.000e+00
   1387.250    492.570   3.883866     0.9204    -0.0702    489.281    26.6787    31.1311    10.7514    10.7488    4922.56    34.8177     1.3977     1.9975     22.468     62.422      7.667  0.000e+00
   1387.500    492.427   3.883866     0.9213    -0.0623    489.140    26.6786    31.1310    10.7516    10.7490    4922.56    34.8176     1.4003     2.0011     22.509     62.536      7.667  0.000e+00
   1387.750    492.278   3.883866     0.9209    -0.0623    488.992    26.6784    31.1307    10.7519    10.7493    4922.55    34.8173     1.3994     1.9999     22.495     62.497      7.667  0.000e+00
   1388.000    492.123   3.883839     0.9217    -0.0464    488.838    26.6780    31.1304    10.7521    10.7495    4922.54    34.8169     1.4031     2.0052     22.555     62.664      7.664  0.000e+00
   1388.250    491.987   3.883813     0.9204    -0.0603    488.703    26.6779    31.1303    10.7520    10.7495    4922.54    34.8168     1.3970     1.9964     22.456     62.389      7.665  0.000e+00
   1388.500    491.850   3.883839     0.9207    -0.0543    488.568    26.6782    31.1306    10.7520    10.7494    4922.53    34.8172     1.3978     1.9975     22.469     62.424      7.666  0.000e+00
   1388.750    491.733   3.883839     0.9203    -0.0563    488.451    26.6783    31.1307    10.7519    10.7493    4922.52    34.8173     1.3963     1.9955     22.445     62.359      7.665  0.000e+00
   1389.000    491.621   3.883866     0.9202    -0.0623    488.340    26.6788    31.1311    10.7517    10.7491    4922.52    34.8178     1.3958     1.9948     22.438     62.338      7.668  0.000e+00
   1389.250    491.515   3.883866     0.9209    -0.0563    488.235    26.6786    31.1310    10.7519    10.7493    4922.51    34.8177     1.3985     1.9986     22.480     62.457      7.665  0.000e+00
   1389.500    491.429   3.883898     0.9210    -0.0543    488.149    26.6786    31.1309    10.7523    10.7497    4922.51    34.8177     1.3989     1.9991     22.486     62.473      7.664  0.000e+00
   1389.750    491.329   3.883865     0.9211    -0.0524    488.051    26.6782    31.1306    10.7524    10.7498    4922.51    34.8173     1.4003     2.0012     22.510     62.538      7.667  0.000e+00
   1390.000    491.218   3.883925     0.9209    -0.0623    487.940    26.6786    31.1309    10.7525    10.7500    4922.50    34.8178     1.3997     2.0004     22.501     62.512      7.663  0.000e+00
   1390.250    491.100   3.883865     0.9204    -0.0623    487.823    26.6781    31.1304    10.7526    10.7500    4922.50    34.8172     1.3988     1.9990     22.486     62.470      7.665  0.000e+00
   1390.500    490.945   3.883839     0.9211    -0.0702    487.669    26.6778    31.1301    10.7528    10.7502    4922.49    34.8168     1.4016     2.0031     22.531     62.597      7.662  0.000e+00
   1390.750    490.790   3.883865     0.9213    -0.0643    487.515    26.6782    31.1305    10.7526    10.7500    4922.48    34.8173     1.4029     2.0049     22.552     62.654      7.663  0.000e+00
   1391.000    490.610   3.883898     0.9216    -0.0762    487.337    26.6784    31.1307    10.7528    10.7502    4922.47    34.8175     1.4042     2.0067     22.572     62.709      7.663  0.000e+00
   1391.250    490.430   3.883898     0.9217    -0.0623    487.158    26.6784    31.1306    10.7529    10.7503    4922.46    34.8176     1.4045     2.0071     22.577     62.724      7.666  0.000e+00
   1391.500    490.250   3.883885     0.9217    -0.0543    486.980    26.6782    31.1305    10.7530    10.7504    4922.46    34.8174     1.4049     2.0078     22.584     62.744      7.664  0.000e+00
   1391.750    490.089   3.883898     0.9217    -0.0543    486.820    26.6781    31.1304    10.7533    10.7507    4922.45    34.8173     1.4053     2.0084     22.591     62.763      7.666  0.000e+00
   1392.000    489.959   3.883898     0.9219    -0.0643    486.691    26.6781    31.1303    10.7534    10.7508    4922.44    34.8173     1.4064     2.0099     22.609     62.811      7.664  0.000e+00
   1392.250    489.835   3.883924     0.9217    -0.0801    486.568    26.6783    31.1305    10.7534    10.7509    4922.44    34.8176     1.4052     2.0081     22.588     62.754      7.666  0.000e+00
   1392.500    489.736   3.883898     0.9222    -0.0464    486.469    26.6780    31.1302    10.7536    10.7510    4922.43    34.8172     1.4062     2.0096     22.605     62.799      7.666  0.000e+00
   1392.750    489.655   3.883950     0.9217    -0.0623    486.389    26.6783    31.1306    10.7536    10.7511    4922.43    34.8177     1.4037     2.0060     22.565     62.688      7.668  0.000e+00
   1393.000    489.580   3.884003     0.9217    -0.0464    486.315    26.6785    31.1308    10.7539    10.7513    4922.43    34.8180     1.4025     2.0043     22.546     62.635      7.663  0.000e+00
   1393.250    489.487   3.884003     0.9219    -0.0682    486.223    26.6784    31.1306    10.7541    10.7515    4922.43    34.8178     1.4031     2.0052     22.556     62.664      7.665  0.000e+00
   1393.500    489.376   3.884003     0.9220    -0.0543    486.112    26.6781    31.1303    10.7545    10.7519    4922.43    34.8176     1.4035     2.0057     22.562     62.680      7.667  0.000e+00
   1393.750    489.246   3.884003     0.9217    -0.0781    485.983    26.6781    31.1303    10.7545    10.7520    4922.42    34.8175     1.4020     2.0035     22.537     62.612      7.667  0.000e+00
   1394.000    489.078   3.884029     0.9206    -0.0623    485.817    26.6782    31.1304    10.7547    10.7521    4922.41    34.8178     1.3962     1.9953     22.445     62.355      7.664  0.000e+00
   1394.250    488.911   3.884029     0.9217    -0.0543    485.651    26.6783    31.1305    10.7546    10.7520    4922.40    34.8179     1.4003     2.0012     22.511     62.538      7.665  0.000e+00
   1394.500    488.725   3.884029     0.9207    -0.0643    485.466    26.6780    31.1302    10.7550    10.7524    4922.40    34.8176     1.3957     1.9946     22.437     62.331      7.665  0.000e+00
   1394.750    488.563   3.884029     0.9210    -0.0623    485.306    26.6780    31.1302    10.7551    10.7525    4922.39    34.8176     1.3971     1.9966     22.460     62.395      7.667  0.000e+00
   1395.000    488.408   3.884002     0.9218    -0.0543    485.152    26.6778    31.1300    10.7552    10.7526    4922.38    34.8173     1.4009     2.0020     22.520     62.563      7.668  0.000e+00
   1395.250    488.272   3.884002     0.9217    -0.0643    485.017    26.6779    31.1301    10.7550    10.7524    4922.37    34.8175     1.4014     2.0027     22.528     62.585      7.666  0.000e+00
   1395.500    488.160   3.883976     0.9211    -0.0524    484.906    26.6777    31.1299    10.7551    10.7525    4922.37    34.8172     1.3991     1.9994     22.491     62.482      7.665  0.000e+00
   1395.750    488.073   3.883976     0.9210    -0.0603    484.820    26.6777    31.1299    10.7551    10.7525    4922.36    34.8173     1.3993     1.9997     22.495     62.492      7.667  0.000e+00
   1396.000    487.968   3.884002     0.9213    -0.0801    484.716    26.6782    31.1304    10.7549    10.7523    4922.35    34.8178     1.4011     2.0023     22.524     62.574      7.664  0.000e+00
   1396.250    487.900   3.884028     0.9214    -0.0524    484.648    26.6781    31.1303    10.7552    10.7526    4922.35    34.8178     1.4009     2.0020     22.520     62.562      7.665  0.000e+00
   1396.500    487.794   3.884002     0.9211    -0.0603    484.543    26.6778    31.1300    10.7554    10.7528    4922.35    34.8174     1.4001     2.0009     22.508     62.529      7.667  0.000e+00
   1396.750    487.670   3.884002     0.9211    -0.0722    484.420    26.6778    31.1300    10.7554    10.7528    4922.34    34.8174     1.3987     1.9988     22.485     62.465      7.666  0.000e+00
   1397.000    487.534   3.883949     0.9220    -0.0643    484.285    26.6775    31.1296    10.7554    10.7528    4922.33    34.8170     1.4025     2.0043     22.546     62.636      7.665  0.000e+00
   1397.250    487.373   3.883949     0.9217    -0.0762    484.125    26.6775    31.1297    10.7554    10.7528    4922.32    34.8170     1.4025     2.0044     22.547     62.637      7.665  0.000e+00
   1397.500    487.230   3.883923     0.9217    -0.0524    483.983    26.6775    31.1297    10.7552    10.7526    4922.32    34.8170     1.4040     2.0064     22.570     62.701      7.666  0.000e+00
   1397.750    487.063   3.883923     0.9220    -0.0543    483.817    26.6779    31.1300    10.7549    10.7523    4922.30    34.8174     1.4051     2.0080     22.587     62.750      7.664  0.000e+00
   1398.000    486.901   3.883923     0.9220    -0.0543    483.657    26.6779    31.1300    10.7550    10.7524    4922.30    34.8174     1.4052     2.0082     22.590     62.758      7.666  0.000e+00
   1398.250    486.752   3.883949     0.9217    -0.0603    483.509    26.6782    31.1303    10.7549    10.7523    4922.29    34.8178     1.4038     2.0062     22.567     62.694      7.664  0.000e+00
   1398.500    486.616   3.883975     0.9224    -0.0643    483.374    26.6783    31.1304    10.7550    10.7524    4922.28    34.8180     1.4066     2.0102     22.612     62.819      7.667  0.000e+00
   1398.750    486.473   3.883949     0.9219    -0.0643    483.233    26.6781    31.1303    10.7550    10.7524    4922.28    34.8178     1.4041     2.0066     22.572     62.706      7.665  0.000e+00
   1399.000    486.380   3.883949     0.9216    -0.0543    483.140    26.6782    31.1303    10.7550    10.7524    4922.27    34.8178     1.4013     2.0026     22.527     62.581      7.666  0.000e+00
   1399.250    486.275   3.883975     0.9217    -0.0722    483.036    26.6782    31.1304    10.7552    10.7526    4922.27    34.8179     1.4018     2.0032     22.535     62.602      7.667  0.000e+00
   1399.500    486.176   3.884002     0.9214    -0.0643    482.937    26.6783    31.1304    10.7554    10.7529    4922.26    34.8180     1.3993     1.9998     22.495     62.494      7.665  0.000e+00
   1399.750    486.070   3.883949     0.9220    -0.0623    482.833    26.6778    31.1299    10.7556    10.7530    4922.26    34.8174     1.4019     2.0035     22.537     62.610      7.668  0.000e+00
   1400.000    485.965   3.883975     0.9217    -0.0682    482.728    26.6780    31.1301    10.7556    10.7531    4922.25    34.8177     1.4008     2.0019     22.520     62.561      7.665  0.000e+00
   1400.250    485.847   3.883975     0.9217    -0.0623    482.611    26.6779    31.1300    10.7558    10.7532    4922.25    34.8176     1.4011     2.0022     22.523     62.571      7.666  0.000e+00
   1400.500    485.711   3.884061     0.9222    -0.0643    482.476    26.6786    31.1307    10.7557    10.7531    4922.24    34.8186     1.4031     2.0052     22.557     62.663      7.666  0.000e+00
   1400.750    485.549   3.884087     0.9219    -0.0643    482.316    26.6785    31.1306    10.7561    10.7535    4922.24    34.8185     1.4029     2.0049     22.554     62.654      7.664  0.000e+00
   1401.000    485.400   3.884087     0.9213    -0.0623    482.168    26.6781    31.1301    10.7567    10.7541    4922.24    34.8180     1.4001     2.0009     22.509     62.530      7.665  0.000e+00
   1401.250    485.252   3.884060     0.9221    -0.0623    482.020    26.6778    31.1299    10.7567    10.7542    4922.23    34.8178     1.4030     2.0051     22.556     62.659      7.667  0.000e+00
   1401.500    485.103   3.884139     0.9214    -0.0682    481.873    26.6784    31.1305    10.7568    10.7542    4922.22    34.8186     1.4002     2.0011     22.511     62.535      7.665  0.000e+00
   1401.750    484.954   3.884139     0.9217    -0.0524    481.725    26.6784    31.1305    10.7569    10.7543    4922.22    34.8186     1.4006     2.0016     22.517     62.551      7.665  0.000e+00
   1402.000    484.824   3.884113     0.9213    -0.0464    481.596    26.6779    31.1299    10.7573    10.7547    4922.21    34.8180     1.3987     1.9988     22.486     62.465      7.665  0.000e+00
   1402.250    484.687   3.884086     0.9212    -0.0543    481.460    26.6775    31.1295    10.7576    10.7550    4922.21    34.8175     1.3977     1.9975     22.471     62.423      7.665  0.000e+00
   1402.500    484.582   3.884060     0.9209    -0.0702    481.356    26.6774    31.1294    10.7575    10.7549    4922.20    34.8173     1.3957     1.9946     22.439     62.334      7.665  0.000e+00
   1402.750    484.464   3.884060     0.9211    -0.0524    481.239    26.6774    31.1295    10.7575    10.7549    4922.19    34.8174     1.3967     1.9960     22.454     62.376      7.667  0.000e+00
   1403.000    484.352   3.884027     0.9214    -0.0543    481.128    26.6775    31.1296    10.7572    10.7546    4922.18    34.8174     1.3989     1.9991     22.489     62.474      7.666  0.000e+00
   1403.250    484.228   3.884060     0.9213    -0.0543    481.005    26.6777    31.1298    10.7572    10.7547    4922.18    34.8178     1.3980     1.9979     22.475     62.435      7.668  0.000e+00
   1403.500    484.110   3.884060     0.9217    -0.0702    480.888    26.6779    31.1300    10.7571    10.7545    4922.17    34.8179     1.4013     2.0026     22.528     62.583      7.664  0.000e+00
   1403.750    483.986   3.884165     0.9218    -0.0623    480.765    26.6786    31.1306    10.7573    10.7547    4922.17    34.8189     1.4024     2.0042     22.546     62.631      7.665  0.000e+00
   1404.000    483.875   3.884165     0.9218    -0.0682    480.654    26.6783    31.1303    10.7576    10.7551    4922.17    34.8186     1.4036     2.0059     22.565     62.684      7.669  0.000e+00
   1404.250    483.763   3.884303     0.9219    -0.0702    480.544    26.6789    31.1309    10.7582    10.7556    4922.17    34.8195     1.4043     2.0069     22.578     62.717      7.668  0.000e+00
   1404.500    483.627   3.884329     0.9218    -0.0524    480.408    26.6785    31.1304    10.7590    10.7564    4922.17    34.8191     1.4041     2.0065     22.574     62.706      7.668  0.000e+00
   1404.750    483.484   3.884355     0.9217    -0.0643    480.267    26.6781    31.1301    10.7597    10.7571    4922.17    34.8188     1.4029     2.0049     22.556     62.655      7.667  0.000e+00
   1405.000    483.335   3.884329     0.9223    -0.0623    480.119    26.6776    31.1296    10.7600    10.7574    4922.16    34.8182     1.4047     2.0075     22.585     62.736      7.668  0.000e+00
   1405.250    483.186   3.884138     0.9214    -0.0524    479.971    26.6760    31.1280    10.7602    10.7576    4922.15    34.8162     1.4007     2.0017     22.520     62.556      7.667  0.000e+00
   1405.500    483.050   3.884000     0.9214    -0.0623    479.836    26.6755    31.1274    10.7597    10.7571    4922.13    34.8154     1.3994     1.9999     22.499     62.498      7.668  0.000e+00
   1405.750    482.895   3.883974     0.9218    -0.0643    479.682    26.6762    31.1282    10.7587    10.7561    4922.12    34.8161     1.4008     2.0019     22.520     62.559      7.664  0.000e+00
   1406.000    482.740   3.883974     0.9225    -0.0543    479.528    26.6770    31.1290    10.7579    10.7553    4922.10    34.8170     1.4043     2.0069     22.577     62.717      7.667  0.000e+00
   1406.250    482.603   3.884000     0.9218    -0.0563    479.393    26.6775    31.1295    10.7576    10.7550    4922.09    34.8175     1.4017     2.0032     22.535     62.600      7.664  0.000e+00
   1406.500    482.455   3.883974     0.9221    -0.0603    479.245    26.6776    31.1295    10.7574    10.7548    4922.08    34.8175     1.4028     2.0048     22.553     62.650      7.663  0.000e+00
   1406.750    482.330   3.883948     0.9217    -0.0524    479.122    26.6776    31.1296    10.7572    10.7546    4922.07    34.8175     1.4010     2.0022     22.524     62.570      7.668  0.000e+00
