cruises/baja2025/cnv/20250506_cast2.cnv
* Sea-Bird SBE19plus Data File:
* FileName = C:\Users\ScienceTech\OneDrive - Western Flyer Foundation\Desktop\ProfilingCTD\data\2025\Gulf of California\Leg 3\raw data\20250506_PP130_cast1.hex
* Software Version 1.59
* Temperature SN =  8289
* Conductivity SN =  8289
* System UpLoad Time = May 07 2025 17:09:02
** "PP130"
** 27-30.89'N
** 112-19.05'W
** Depth 120m
# nquan = 18
# nvalues = 3201                                  
# units = specified
# name 0 = timeS: Time, Elapsed [seconds]
# name 1 = prdM: Pressure, Strain Gauge [db]
# name 2 = c0S/m: Conductivity [S/m]
# name 3 = sbeox0V: Oxygen raw, SBE 43 [V]
# name 4 = flECO-AFL: Fluorescence, WET Labs ECO-AFL/FL [mg/m^3]
# name 5 = depSM: Depth [salt water, m], lat = 0.00
# name 6 = sigma-t00: Density [sigma-t, kg/m^3 ]
# name 7 = sigma-100: Density [sigma-1, kg/m^3 ]
# name 8 = tv268C: Temperature [IPTS-68, deg C]
# name 9 = tv290C: Temperature [ITS-90, deg C]
# name 10 = svCF: Sound Velocity [Chen-Millero, ft/s]
# name 11 = sal00: Salinity, Practical [PSU]
# name 12 = sbeox0ML/L: Oxygen, SBE 43 [ml/l]
# name 13 = sbeox0Mg/L: Oxygen, SBE 43 [mg/l]
# name 14 = sbeox0PS: Oxygen, SBE 43 [% saturation]
# name 15 = sbeox0Mm/L: Oxygen, SBE 43 [umol/l]
# name 16 = ph: pH
# name 17 = flag:  0.000e+00
# span 0 =      0.000,    800.000                 
# span 1 =     -0.134,    131.549                 
# span 2 =  -0.194136,   4.871799                 
# span 3 =     1.3604,     2.6837                 
# span 4 =    -0.1079,   128.7654                 
# span 5 =     -0.133,    130.784                 
# span 6 =    -3.0275,    26.2262                 
# span 7 =     1.3804,    30.5074                 
# span 8 =    14.7516,    25.3102                 
# span 9 =    14.7480,    25.3042                 
# span 10 =    4851.72,    5009.60                
# span 11 =     0.0000,    36.5160                
# span 12 =     2.5617,     6.9929                
# span 13 =     3.6610,     9.9936                
# span 14 =     44.831,    123.010                
# span 15 =    114.408,    312.304                
# span 16 =      7.412,      8.140                
# span 17 = 0.0000e+00, 0.0000e+00                
# interval = seconds: 0.25
# start_time = May 06 2025 14:00:17 [Instrument's time stamp, header]
# bad_flag = -9.990e-29
*END*
[from data line 3136]
    784.000     -0.120   0.281992     2.5246     0.3265     -0.120    -0.2686     4.2417    18.7980    18.7935    4857.43     1.6796     6.8480     9.7864    106.113    305.830      8.127  0.000e+00
    784.250     -0.120   0.239001     2.5258     0.0032     -0.120    -0.4733     4.0389    18.7949    18.7904    4856.38     1.4105     6.8675     9.8143    106.239    306.702      8.126  0.000e+00
    784.500     -0.114   0.215094     2.5260     0.0012     -0.114    -0.5857     3.9276    18.7913    18.7868    4855.78     1.2624     6.8777     9.8289    106.295    307.156      8.127  0.000e+00
    784.750     -0.114   0.205144     2.5266     0.0072     -0.114    -0.6319     3.8819    18.7881    18.7836    4855.51     1.2011     6.8832     9.8368    106.335    307.404      8.129  0.000e+00
    785.000     -0.120   0.190996     2.5270    -0.0008     -0.120    -0.6976     3.8169    18.7845    18.7800    4855.15     1.1142     6.8881     9.8437    106.347    307.621      8.125  0.000e+00
    785.250     -0.120   0.177745     2.5283    -0.0722     -0.120    -0.7588     3.7563    18.7809    18.7764    4854.80     1.0332     6.8961     9.8552    106.412    307.978      8.128  0.000e+00
    785.500     -0.120   0.190411     2.5286    -0.0623     -0.120    -0.6988     3.8157    18.7777    18.7732    4855.06     1.1108     6.8934     9.8513    106.413    307.859      8.129  0.000e+00
    785.750     -0.126   0.187746     2.5283    -0.0643     -0.126    -0.7109     3.8039    18.7756    18.7711    4854.98     1.0945     6.8914     9.8485    106.367    307.770      8.127  0.000e+00
    786.000     -0.120   0.160093     2.5300    -0.0841     -0.119    -0.8394     3.6766    18.7739    18.7694    4854.32     0.9260     6.9044     9.8670    106.457    308.349      8.124  0.000e+00
    786.250     -0.120   0.147644     2.5305    -0.0643     -0.119    -0.8966     3.6199    18.7723    18.7678    4854.02     0.8507     6.9095     9.8744    106.486    308.580      8.126  0.000e+00
    786.500     -0.120   0.137333     2.5299    -0.0801     -0.119    -0.9437     3.5732    18.7707    18.7662    4853.76     0.7886     6.9097     9.8747    106.446    308.589      8.123  0.000e+00
    786.750     -0.114   0.140685     2.5301    -0.0643     -0.113    -0.9280     3.5888    18.7693    18.7648    4853.83     0.8088     6.9087     9.8732    106.439    308.541      8.123  0.000e+00
    787.000     -0.126   0.133536     2.5301    -0.0702     -0.125    -0.9605     3.5567    18.7674    18.7629    4853.64     0.7659     6.9094     9.8743    106.420    308.575      8.123  0.000e+00
    787.250     -0.114   0.138234     2.5303    -0.0623     -0.113    -0.9384     3.5786    18.7650    18.7605    4853.73     0.7942     6.9081     9.8724    106.412    308.516      8.126  0.000e+00
    787.500     -0.132   0.135230     2.5299    -0.0682     -0.131    -0.9516     3.5656    18.7620    18.7575    4853.63     0.7762     6.9069     9.8707    106.376    308.462      8.118  0.000e+00
    787.750     -0.113   0.128825     2.5309    -0.0722     -0.113    -0.9803     3.5372    18.7589    18.7544    4853.45     0.7378     6.9121     9.8781    106.426    308.696      8.119  0.000e+00
    788.000     -0.119   0.125742     2.5308    -0.0762     -0.119    -0.9937     3.5239    18.7557    18.7512    4853.34     0.7194     6.9120     9.8779    106.404    308.688      8.122  0.000e+00
    788.250     -0.119   0.108695     2.5307    -0.0643     -0.119    -1.0707     3.4478    18.7523    18.7478    4852.92     0.6180     6.9162     9.8839    106.398    308.876      8.123  0.000e+00
    788.500     -0.119   0.092303     2.5318    -0.0702     -0.119    -1.1441     3.3751    18.7492    18.7447    4852.52     0.5214     6.9257     9.8975    106.476    309.300      8.119  0.000e+00
    788.750     -0.119   0.090595     2.5314    -0.0762     -0.119    -1.1511     3.3682    18.7461    18.7416    4852.45     0.5114     6.9254     9.8970    106.458    309.287      8.122  0.000e+00
    789.000     -0.119   0.091406     2.5312    -0.0801     -0.119    -1.1468     3.3725    18.7429    18.7384    4852.43     0.5162     6.9250     9.8965    106.449    309.270      8.120  0.000e+00
    789.250     -0.119   0.096159     2.5315    -0.0702     -0.119    -1.1248     3.3944    18.7398    18.7353    4852.51     0.5442     6.9252     9.8969    106.464    309.282      8.118  0.000e+00
    789.500     -0.113   0.103444     2.5312    -0.0543     -0.112    -1.0913     3.4277    18.7366    18.7321    4852.64     0.5872     6.9221     9.8924    106.436    309.142      8.117  0.000e+00
    789.750     -0.119   0.109334     2.5318    -0.0781     -0.119    -1.0640     3.4548    18.7337    18.7292    4852.74     0.6221     6.9227     9.8932    106.460    309.167      8.115  0.000e+00
    790.000     -0.125   0.110698     2.5315    -0.0722     -0.125    -1.0571     3.4617    18.7305    18.7260    4852.74     0.6302     6.9216     9.8916    106.442    309.118      8.116  0.000e+00
    790.250     -0.119   0.107457     2.5333    -0.0603     -0.119    -1.0711     3.4478    18.7272    18.7227    4852.63     0.6110     6.9304     9.9042    106.558    309.512      8.115  0.000e+00
    790.500     -0.119   0.105163     2.5327    -0.0781     -0.118    -1.0809     3.4382    18.7242    18.7197    4852.55     0.5975     6.9293     9.9027    106.526    309.462      8.115  0.000e+00
    790.750     -0.113   0.101737     2.5331    -0.0702     -0.112    -1.0958     3.4235    18.7212    18.7167    4852.44     0.5773     6.9330     9.9079    106.563    309.626      8.114  0.000e+00
    791.000     -0.113   0.099076     2.5339    -0.0702     -0.112    -1.1072     3.4123    18.7179    18.7134    4852.35     0.5616     6.9381     9.9152    106.624    309.854      8.113  0.000e+00
    791.250     -0.113   0.097865     2.5330    -0.0781     -0.112    -1.1120     3.4075    18.7150    18.7105    4852.29     0.5545     6.9352     9.9111    106.570    309.727      8.114  0.000e+00
    791.500     -0.113   0.096795     2.5334    -0.0563     -0.112    -1.1163     3.4034    18.7120    18.7075    4852.24     0.5483     6.9374     9.9143    106.594    309.826      8.111  0.000e+00
    791.750     -0.119   0.096308     2.5339    -0.0702     -0.118    -1.1179     3.4019    18.7091    18.7046    4852.19     0.5454     6.9391     9.9166    106.611    309.899      8.112  0.000e+00
    792.000     -0.119   0.095889     2.5332    -0.0543     -0.118    -1.1192     3.4006    18.7063    18.7018    4852.16     0.5430     6.9362     9.9125    106.559    309.771      8.111  0.000e+00
    792.250     -0.119   0.096891     2.5347    -0.0722     -0.118    -1.1141     3.4058    18.7035    18.6990    4852.15     0.5489     6.9413     9.9199    106.635    310.000      8.109  0.000e+00
    792.500     -0.119   0.097071     2.5360    -0.0801     -0.118    -1.1127     3.4072    18.7005    18.6960    4852.12     0.5500     6.9479     9.9292    106.731    310.293      8.107  0.000e+00
    792.750     -0.125   0.097499     2.5366    -0.0722     -0.124    -1.1102     3.4097    18.6979    18.6934    4852.11     0.5526     6.9515     9.9345    106.783    310.456      8.107  0.000e+00
    793.000     -0.119   0.097583     2.5376    -0.0722     -0.118    -1.1093     3.4107    18.6950    18.6905    4852.08     0.5531     6.9574     9.9428    106.867    310.717      8.104  0.000e+00
    793.250     -0.119   0.096885     2.5383    -0.0702     -0.118    -1.1118     3.4082    18.6922    18.6877    4852.03     0.5490     6.9626     9.9503    106.938    310.950      8.110  0.000e+00
    793.500     -0.119   0.096698     2.5392    -0.0702     -0.118    -1.1121     3.4080    18.6895    18.6851    4852.00     0.5480     6.9673     9.9570    107.004    311.161      8.106  0.000e+00
    793.750     -0.112   0.096574     2.5389    -0.0603     -0.112    -1.1122     3.4080    18.6871    18.6826    4851.97     0.5473     6.9663     9.9556    106.983    311.117      8.107  0.000e+00
    794.000     -0.118   0.097372     2.5398    -0.0722     -0.118    -1.1081     3.4121    18.6845    18.6800    4851.96     0.5520     6.9697     9.9605    107.033    311.269      8.108  0.000e+00
    794.250     -0.112   0.096500     2.5411    -0.0623     -0.112    -1.1115     3.4088    18.6819    18.6774    4851.92     0.5469     6.9740     9.9666    107.089    311.459      8.109  0.000e+00
    794.500     -0.112   0.095517     2.5419    -0.0543     -0.112    -1.1154     3.4050    18.6794    18.6749    4851.87     0.5411     6.9774     9.9714    107.132    311.609      8.107  0.000e+00
    794.750     -0.112   0.094903     2.5427    -0.0702     -0.112    -1.1177     3.4028    18.6768    18.6723    4851.83     0.5376     6.9811     9.9768    107.182    311.778      8.109  0.000e+00
    795.000     -0.131   0.094757     2.5435    -0.0643     -0.130    -1.1179     3.4026    18.6746    18.6701    4851.80     0.5367     6.9843     9.9813    107.225    311.919      8.109  0.000e+00
    795.250     -0.112   0.092802     2.5443    -0.0543     -0.112    -1.1263     3.3943    18.6727    18.6682    4851.74     0.5252     6.9885     9.9873    107.279    312.109      8.102  0.000e+00
    795.500     -0.106   0.092347     2.5453    -0.0543     -0.105    -1.1282     3.3925    18.6718    18.6673    4851.72     0.5226     6.9929     9.9936    107.342    312.304      8.100  0.000e+00
    795.750     -0.118   0.092947     2.5448    -0.0722     -0.117    -1.1254     3.3952    18.6715    18.6670    4851.73     0.5261     6.9907     9.9904    107.309    312.203      8.102  0.000e+00
    796.000     -0.112   0.093521     2.5451    -0.0603     -0.111    -1.1227     3.3979    18.6709    18.6665    4851.74     0.5295     6.9900     9.9895    107.301    312.175      8.106  0.000e+00
    796.250     -0.118   0.095228     2.5460    -0.0781     -0.117    -1.1149     3.4056    18.6705    18.6660    4851.77     0.5395     6.9917     9.9918    107.331    312.247      8.103  0.000e+00
    796.500     -0.118   0.182344     2.5465    -0.0682     -0.117    -0.7136     3.8034    18.6701    18.6657    4853.77     1.0641     6.9708     9.9619    107.343    311.314      8.103  0.000e+00
    796.750     -0.118   0.336029     2.5466    -0.0702     -0.117     0.0225     4.5329    18.6697    18.6652    4857.42     2.0282     6.9306     9.9045    107.338    309.521      8.102  0.000e+00
    797.000     -0.124   0.477637     2.5467    -0.0702     -0.123     0.7227     5.2269    18.6692    18.6648    4860.88     2.9468     6.8922     9.8497    107.327    307.807      8.104  0.000e+00
    797.250     -0.112   0.461485     2.5476    -0.0702     -0.111     0.6421     5.1470    18.6687    18.6642    4860.47     2.8409     6.8996     9.8602    107.373    308.136      8.116  0.000e+00
    797.500     -0.112   0.363509     2.5474    -0.0623     -0.111     0.1574     4.6667    18.6676    18.6631    4858.06     2.2046     6.9248     9.8962    107.356    309.261      8.120  0.000e+00
    797.750     -0.118   0.323355     2.5481    -0.0762     -0.117    -0.0383     4.4728    18.6656    18.6612    4857.07     1.9474     6.9386     9.9160    107.402    309.880      8.122  0.000e+00
    798.000     -0.130   0.275216     2.5490    -0.0682     -0.129    -0.2707     4.2425    18.6630    18.6586    4855.89     1.6422     6.9550     9.9394    107.455    310.612      8.118  0.000e+00
    798.250     -0.118   0.236166     2.5485    -0.0643     -0.117    -0.4571     4.0579    18.6603    18.6558    4854.93     1.3973     6.9630     9.9508    107.415    310.968      8.085  0.000e+00
    798.500     -0.117   0.215244     2.5491    -0.0722     -0.117    -0.5558     3.9601    18.6573    18.6528    4854.41     1.2673     6.9710     9.9622    107.448    311.323      8.121  0.000e+00
    798.750     -0.124   0.200787     2.5493    -0.0722     -0.123    -0.6236     3.8929    18.6548    18.6503    4854.04     1.1779     6.9759     9.9692    107.461    311.542      8.137  0.000e+00
    799.000     -0.124   0.210174     2.5501    -0.0702     -0.123    -0.5787     3.9375    18.6523    18.6478    4854.24     1.2360     6.9767     9.9704    107.506    311.580      8.140  0.000e+00
    799.250     -0.123   0.312638     2.5505    -0.0781     -0.123    -0.0868     4.4251    18.6498    18.6453    4856.65     1.8798     6.9517     9.9346    107.526    310.462      8.111  0.000e+00
    799.500     -0.130   0.412741     2.5514    -0.0702     -0.129     0.4049     4.9124    18.6473    18.6429    4859.06     2.5241     6.9298     9.9034    107.594    309.484      8.118  0.000e+00
    799.750     -0.117   0.438791     2.5514    -0.0702     -0.117     0.5348     5.0412    18.6451    18.6406    4859.68     2.6940     6.9227     9.8932    107.587    309.168      8.124  0.000e+00
    800.000     -0.117   0.398018     2.5526    -0.0702     -0.117     0.3333     4.8415    18.6426    18.6381    4858.65     2.4288     6.9389     9.9165    107.664    309.893      8.125  0.000e+00
