cruises/baja2025/cnv/20250419_cast2.cnv
* Sea-Bird SBE19plus Data File:
* FileName = C:\Users\ScienceTech\OneDrive - Western Flyer Foundation\Desktop\ProfilingCTD\data\20250419_IslaCalavera_cast7.hex
* Software Version 1.59
* Temperature SN =  8289
* Conductivity SN =  8289
* System UpLoad Time = Apr 20 2025 13:40:56
** Isla Calavera
** 4/19/2025
** 2042 UTC
** 29 1.210'N
** 113 29.841W
** ~26 m
** demo for SVO guests
# nquan = 18
# nvalues = 1446                                  
# units = specified
# name 0 = timeS: Time, Elapsed [seconds]
# name 1 = prdM: Pressure, Strain Gauge [db]
# name 2 = c0S/m: Conductivity [S/m]
# name 3 = sbeox0V: Oxygen raw, SBE 43 [V]
# name 4 = flECO-AFL: Fluorescence, WET Labs ECO-AFL/FL [mg/m^3]
# name 5 = depSM: Depth [salt water, m], lat = 0.00
# name 6 = sigma-t00: Density [sigma-t, kg/m^3 ]
# name 7 = sigma-100: Density [sigma-1, kg/m^3 ]
# name 8 = tv268C: Temperature [IPTS-68, deg C]
# name 9 = tv290C: Temperature [ITS-90, deg C]
# name 10 = svCF: Sound Velocity [Chen-Millero, ft/s]
# name 11 = sal00: Salinity, Practical [PSU]
# name 12 = sbeox0ML/L: Oxygen, SBE 43 [ml/l]
# name 13 = sbeox0Mg/L: Oxygen, SBE 43 [mg/l]
# name 14 = sbeox0PS: Oxygen, SBE 43 [% saturation]
# name 15 = sbeox0Mm/L: Oxygen, SBE 43 [umol/l]
# name 16 = ph: pH
# name 17 = flag:  0.000e+00
# span 0 =      0.000,    361.250                 
# span 1 =     -0.109,     19.763                 
# span 2 =   0.000023,   4.457768                 
# span 3 =     1.9988,     2.8815                 
# span 4 =    -0.1277,   128.7237                 
# span 5 =     -0.108,     19.653                 
# span 6 =    -2.2061,    26.5637                 
# span 7 =     2.2574,    30.9025                 
# span 8 =    14.9272,    21.9442                 
# span 9 =    14.9236,    21.9390                 
# span 10 =    4815.75,    4962.71                
# span 11 =     0.0106,    35.9456                
# span 12 =     4.2471,     8.9912                
# span 13 =     6.0695,    12.8493                
# span 14 =     76.881,    133.084                
# span 15 =    189.674,    401.546                
# span 16 =      7.269,      8.025                
# span 17 = 0.0000e+00, 0.0000e+00                
# interval = seconds: 0.25
# start_time = Apr 19 2025 13:51:32 [Instrument's time stamp, header]
# bad_flag = -9.990e-29
*END*
[from data line 805]
    201.250      5.854   4.353713     2.4206     3.1830      5.822    25.9806    30.3274    15.4674    15.4636    4948.80    35.1447     5.6975     8.1424    101.101    254.452      7.973  0.000e+00
    201.500      5.867   4.353595     2.4222     3.3120      5.835    25.9775    30.3243    15.4699    15.4661    4948.82    35.1415     5.7059     8.1543    101.252    254.825      7.972  0.000e+00
    201.750      5.910   4.353327     2.4237     3.3060      5.878    25.9740    30.3207    15.4716    15.4679    4948.82    35.1374     5.7130     8.1644    101.379    255.141      7.973  0.000e+00
    202.000      5.941   4.352996     2.4256     3.3020      5.909    25.9718    30.3186    15.4715    15.4678    4948.81    35.1346     5.7235     8.1795    101.564    255.613      7.972  0.000e+00
    202.250      5.979   4.352935     2.4263     3.3080      5.946    25.9728    30.3197    15.4699    15.4661    4948.80    35.1354     5.7303     8.1892    101.682    255.917      7.973  0.000e+00
    202.500      6.003   4.352818     2.4264     3.2961      5.970    25.9737    30.3206    15.4680    15.4643    4948.78    35.1360     5.7353     8.1964    101.768    256.141      7.972  0.000e+00
    202.750      6.016   4.352818     2.4266     3.5877      5.983    25.9749    30.3218    15.4667    15.4630    4948.78    35.1372     5.7368     8.1984    101.791    256.204      7.974  0.000e+00
    203.000      6.040   4.352790     2.4277     3.5917      6.007    25.9756    30.3225    15.4657    15.4620    4948.77    35.1379     5.7413     8.2049    101.870    256.406      7.970  0.000e+00
    203.250      6.016   4.352969     2.4286     3.5956      5.983    25.9773    30.3242    15.4652    15.4615    4948.77    35.1399     5.7432     8.2076    101.904    256.492      7.972  0.000e+00
    203.500      5.985   4.353059     2.4280     3.5798      5.952    25.9778    30.3246    15.4654    15.4617    4948.77    35.1405     5.7388     8.2013    101.827    256.295      7.973  0.000e+00
    203.750      5.960   4.353093     2.4287     3.6948      5.927    25.9772    30.3240    15.4663    15.4626    4948.78    35.1400     5.7388     8.2013    101.828    256.295      7.972  0.000e+00
    204.000      5.917   4.352996     2.4282     3.6730      5.884    25.9759    30.3227    15.4670    15.4633    4948.78    35.1385     5.7348     8.1957    101.758    256.118      7.973  0.000e+00
    204.250      5.873   4.352969     2.4282     3.6869      5.841    25.9758    30.3226    15.4670    15.4632    4948.78    35.1384     5.7336     8.1939    101.737    256.064      7.972  0.000e+00
    204.500      5.842   4.352996     2.4266     3.6789      5.810    25.9762    30.3230    15.4667    15.4630    4948.77    35.1389     5.7265     8.1837    101.610    255.744      7.971  0.000e+00
    204.750      5.817   4.352879     2.4243     3.7384      5.785    25.9755    30.3223    15.4666    15.4629    4948.77    35.1379     5.7153     8.1678    101.411    255.247      7.974  0.000e+00
    205.000      5.830   4.352845     2.4231     3.7563      5.798    25.9756    30.3224    15.4662    15.4625    4948.76    35.1379     5.7073     8.1563    101.268    254.889      7.971  0.000e+00
    205.250      5.817   4.352879     2.4238     3.7464      5.785    25.9763    30.3232    15.4657    15.4620    4948.76    35.1387     5.7074     8.1564    101.268    254.891      7.973  0.000e+00
    205.500      5.848   4.352935     2.4215     3.7484      5.816    25.9768    30.3236    15.4656    15.4619    4948.76    35.1393     5.6979     8.1429    101.101    254.468      7.970  0.000e+00
    205.750      5.873   4.353176     2.4226     3.7642      5.841    25.9786    30.3255    15.4654    15.4617    4948.77    35.1416     5.7009     8.1472    101.155    254.603      7.970  0.000e+00
    206.000      5.904   4.353416     2.4199     3.9011      5.871    25.9792    30.3261    15.4665    15.4628    4948.79    35.1428     5.6916     8.1339    100.993    254.187      7.973  0.000e+00
    206.250      5.935   4.353355     2.4171     3.9011      5.902    25.9774    30.3242    15.4681    15.4644    4948.80    35.1408     5.6813     8.1192    100.812    253.728      7.973  0.000e+00
    206.500      5.960   4.353444     2.4153     3.9190      5.927    25.9768    30.3236    15.4694    15.4657    4948.81    35.1405     5.6746     8.1095    100.695    253.427      7.974  0.000e+00
    206.750      5.978   4.353416     2.4146     3.9011      5.946    25.9761    30.3228    15.4700    15.4663    4948.82    35.1396     5.6718     8.1056    100.647    253.305      7.971  0.000e+00
    207.000      5.979   4.353595     2.4148     3.8753      5.946    25.9769    30.3237    15.4704    15.4667    4948.83    35.1409     5.6721     8.1060    100.654    253.317      7.972  0.000e+00
    207.250      5.972   4.353444     2.4157     3.8714      5.940    25.9751    30.3218    15.4713    15.4676    4948.83    35.1387     5.6761     8.1118    100.726    253.497      7.972  0.000e+00
    207.500      5.973   4.353444     2.4175     3.8654      5.940    25.9749    30.3216    15.4715    15.4678    4948.83    35.1385     5.6866     8.1267    100.911    253.962      7.975  0.000e+00
    207.750      5.960   4.353210     2.4185     3.8694      5.927    25.9733    30.3201    15.4715    15.4678    4948.82    35.1365     5.6945     8.1379    101.049    254.314      7.971  0.000e+00
    208.000      5.960   4.353024     2.4198     3.9527      5.927    25.9729    30.3197    15.4705    15.4668    4948.81    35.1357     5.7063     8.1549    101.258    254.845      7.972  0.000e+00
    208.250      5.954   4.352700     2.4211     3.9487      5.921    25.9718    30.3186    15.4692    15.4655    4948.79    35.1339     5.7171     8.1702    101.444    255.324      7.974  0.000e+00
    208.500      5.960   4.352370     2.4210     3.9229      5.928    25.9715    30.3184    15.4670    15.4633    4948.76    35.1329     5.7204     8.1751    101.499    255.474      7.972  0.000e+00
    208.750      5.967   4.352253     2.4199     3.9487      5.934    25.9734    30.3203    15.4641    15.4603    4948.74    35.1345     5.7168     8.1698    101.429    255.310      7.971  0.000e+00
    209.000      5.954   4.352253     2.4191     3.9289      5.922    25.9756    30.3226    15.4616    15.4579    4948.72    35.1366     5.7117     8.1627    101.337    255.087      7.973  0.000e+00
    209.250      5.942   4.352370     2.4173     4.0558      5.909    25.9778    30.3248    15.4601    15.4564    4948.71    35.1391     5.7011     8.1474    101.146    254.610      7.973  0.000e+00
    209.500      5.917   4.352432     2.4190     4.0598      5.885    25.9786    30.3255    15.4598    15.4561    4948.71    35.1399     5.7031     8.1503    101.182    254.701      7.973  0.000e+00
    209.750      5.899   4.352487     2.4208     4.0598      5.866    25.9784    30.3254    15.4603    15.4566    4948.72    35.1399     5.7078     8.1570    101.266    254.910      7.976  0.000e+00
    210.000      5.880   4.352522     2.4218     4.0539      5.848    25.9785    30.3254    15.4606    15.4569    4948.72    35.1400     5.7117     8.1626    101.336    255.085      7.970  0.000e+00
    210.250      5.868   4.352549     2.4249     4.0539      5.835    25.9782    30.3252    15.4611    15.4574    4948.72    35.1399     5.7249     8.1815    101.571    255.675      7.975  0.000e+00
    210.500      5.849   4.352577     2.4249     4.0638      5.817    25.9782    30.3251    15.4613    15.4576    4948.72    35.1399     5.7292     8.1876    101.648    255.868      7.975  0.000e+00
    210.750      5.855   4.352879     2.4245     4.0578      5.823    25.9799    30.3268    15.4617    15.4580    4948.74    35.1423     5.7311     8.1903    101.683    255.950      7.971  0.000e+00
    211.000      5.899   4.353210     2.4241     4.0757      5.866    25.9812    30.3281    15.4628    15.4591    4948.76    35.1442     5.7305     8.1895    101.677    255.926      7.972  0.000e+00
    211.250      5.924   4.353238     2.4239     4.0618      5.891    25.9793    30.3262    15.4651    15.4614    4948.78    35.1424     5.7285     8.1866    101.644    255.834      7.970  0.000e+00
    211.500      5.967   4.353210     2.4250     3.9071      5.934    25.9775    30.3243    15.4669    15.4632    4948.79    35.1406     5.7286     8.1868    101.649    255.841      7.972  0.000e+00
    211.750      6.011   4.353293     2.4253     3.9051      5.977    25.9771    30.3239    15.4679    15.4642    4948.80    35.1404     5.7265     8.1837    101.613    255.744      7.971  0.000e+00
    212.000      6.041   4.353210     2.4244     3.8852      6.008    25.9760    30.3228    15.4685    15.4648    4948.80    35.1391     5.7210     8.1758    101.516    255.498      7.974  0.000e+00
    212.250      6.060   4.353265     2.4254     3.9071      6.027    25.9762    30.3230    15.4686    15.4649    4948.81    35.1395     5.7222     8.1776    101.538    255.554      7.972  0.000e+00
    212.500      6.054   4.353417     2.4234     3.8694      6.021    25.9771    30.3239    15.4688    15.4651    4948.81    35.1407     5.7149     8.1672    101.410    255.229      7.971  0.000e+00
    212.750      6.035   4.353568     2.4263     3.8733      6.002    25.9776    30.3244    15.4694    15.4657    4948.82    35.1415     5.7254     8.1822    101.598    255.697      7.973  0.000e+00
    213.000      5.986   4.353568     2.4247     3.8813      5.953    25.9767    30.3235    15.4704    15.4667    4948.83    35.1406     5.7205     8.1752    101.512    255.477      7.972  0.000e+00
    213.250      5.942   4.353533     2.4230     3.8714      5.910    25.9756    30.3224    15.4714    15.4677    4948.83    35.1395     5.7129     8.1643    101.379    255.139      7.970  0.000e+00
    213.500      5.911   4.353506     2.4242     3.8297      5.879    25.9752    30.3219    15.4717    15.4680    4948.83    35.1390     5.7155     8.1680    101.424    255.253      7.971  0.000e+00
    213.750      5.912   4.353533     2.4238     3.8475      5.879    25.9753    30.3220    15.4718    15.4681    4948.83    35.1391     5.7137     8.1655    101.394    255.175      7.969  0.000e+00
    214.000      5.918   4.353478     2.4231     3.8356      5.885    25.9748    30.3216    15.4719    15.4682    4948.83    35.1386     5.7113     8.1620    101.350    255.066      7.973  0.000e+00
    214.250      5.930   4.353506     2.4212     3.8416      5.898    25.9751    30.3219    15.4717    15.4680    4948.83    35.1390     5.7034     8.1507    101.210    254.712      7.974  0.000e+00
    214.500      5.936   4.353506     2.4205     3.8416      5.904    25.9753    30.3220    15.4715    15.4678    4948.83    35.1391     5.7001     8.1460    101.151    254.565      7.973  0.000e+00
    214.750      5.955   4.353389     2.4221     3.9011      5.922    25.9745    30.3213    15.4715    15.4678    4948.83    35.1381     5.7036     8.1511    101.214    254.725      7.969  0.000e+00
    215.000      5.937   4.353389     2.4220     3.8971      5.904    25.9747    30.3215    15.4713    15.4676    4948.82    35.1383     5.7057     8.1540    101.249    254.816      7.973  0.000e+00
    215.250      5.924   4.353237     2.4228     3.9090      5.892    25.9742    30.3209    15.4707    15.4670    4948.81    35.1374     5.7103     8.1605    101.329    255.021      7.972  0.000e+00
    215.500      5.899   4.353299     2.4239     3.9011      5.867    25.9751    30.3219    15.4702    15.4665    4948.81    35.1385     5.7155     8.1680    101.421    255.252      7.973  0.000e+00
    215.750      5.887   4.353299     2.4236     3.9071      5.854    25.9754    30.3222    15.4699    15.4661    4948.81    35.1388     5.7171     8.1703    101.450    255.327      7.971  0.000e+00
    216.000      5.881   4.353086     2.4210     3.8932      5.848    25.9739    30.3207    15.4699    15.4661    4948.80    35.1368     5.7093     8.1592    101.310    254.979      7.973  0.000e+00
    216.250      5.899   4.352845     2.4209     3.9031      5.867    25.9732    30.3200    15.4688    15.4651    4948.79    35.1356     5.7087     8.1584    101.297    254.952      7.973  0.000e+00
    216.500      5.924   4.352191     2.4200     3.9011      5.892    25.9700    30.3169    15.4673    15.4636    4948.75    35.1310     5.7040     8.1516    101.208    254.742      7.971  0.000e+00
    216.750      5.968   4.351565     2.4205     4.3593      5.935    25.9687    30.3157    15.4640    15.4603    4948.71    35.1283     5.7036     8.1510    101.192    254.724      7.973  0.000e+00
    217.000      6.017   4.351324     2.4202     4.3415      5.984    25.9714    30.3184    15.4591    15.4554    4948.67    35.1304     5.7021     8.1488    101.156    254.655      7.972  0.000e+00
    217.250      6.060   4.351351     2.4196     4.3335      6.027    25.9757    30.3228    15.4546    15.4509    4948.65    35.1347     5.6990     8.1444    101.095    254.517      7.971  0.000e+00
    217.500      6.085   4.351083     2.4201     4.3415      6.052    25.9764    30.3235    15.4518    15.4481    4948.62    35.1348     5.7013     8.1478    101.131    254.621      7.972  0.000e+00
    217.750      6.085   4.351028     2.4215     4.3435      6.052    25.9782    30.3253    15.4495    15.4458    4948.60    35.1364     5.7094     8.1593    101.270    254.981      7.972  0.000e+00
    218.000      6.079   4.351296     2.4236     4.3673      6.046    25.9813    30.3285    15.4481    15.4444    4948.60    35.1400     5.7210     8.1759    101.477    255.502      7.975  0.000e+00
    218.250      6.042   4.351682     2.4254     4.3831      6.009    25.9840    30.3311    15.4481    15.4444    4948.61    35.1435     5.7306     8.1896    101.648    255.929      7.973  0.000e+00
    218.500      5.980   4.351806     2.4244     4.3673      5.947    25.9835    30.3306    15.4496    15.4459    4948.62    35.1433     5.7296     8.1881    101.633    255.883      7.973  0.000e+00
    218.750      5.918   4.351861     2.4259     4.3851      5.886    25.9821    30.3292    15.4516    15.4479    4948.63    35.1421     5.7355     8.1966    101.741    256.147      7.973  0.000e+00
    219.000      5.869   4.352012     2.4255     4.2800      5.836    25.9818    30.3289    15.4530    15.4493    4948.65    35.1422     5.7349     8.1957    101.733    256.119      7.974  0.000e+00
    219.250      5.838   4.352040     2.4260     4.2859      5.805    25.9807    30.3278    15.4545    15.4508    4948.66    35.1412     5.7361     8.1975    101.757    256.174      7.971  0.000e+00
    219.500      5.832   4.351806     2.4256     4.2681      5.799    25.9784    30.3254    15.4553    15.4516    4948.65    35.1383     5.7321     8.1918    101.686    255.996      7.972  0.000e+00
    219.750      5.844   4.351654     2.4257     4.2760      5.812    25.9771    30.3242    15.4554    15.4517    4948.65    35.1368     5.7291     8.1875    101.633    255.863      7.972  0.000e+00
    220.000      5.869   4.351406     2.4254     4.2681      5.836    25.9764    30.3235    15.4544    15.4507    4948.64    35.1355     5.7256     8.1824    101.566    255.703      7.972  0.000e+00
    220.250      5.912   4.351324     2.4268     4.2740      5.880    25.9774    30.3245    15.4526    15.4489    4948.62    35.1363     5.7294     8.1879    101.632    255.875      7.976  0.000e+00
    220.500      5.956   4.351475     2.4285     4.2879      5.923    25.9797    30.3268    15.4512    15.4475    4948.62    35.1389     5.7368     8.1985    101.762    256.206      7.974  0.000e+00
    220.750      5.987   4.351716     2.4283     4.2740      5.954    25.9818    30.3289    15.4508    15.4471    4948.63    35.1415     5.7367     8.1983    101.761    256.201      7.972  0.000e+00
