cruises/baja2025/cnv/20250421.cnv
* Sea-Bird SBE19plus Data File:
* FileName = C:\Users\ScienceTech\OneDrive - Western Flyer Foundation\Desktop\ProfilingCTD\data\20250421_IslaTiburon_cast10.hex
* Software Version 1.59
* Temperature SN =  8289
* Conductivity SN =  8289
* System UpLoad Time = Apr 21 2025 08:55:31
** Isla Tiburon
** April 21 2025 1305 UTC
** Lat: 28 50.474 'N
** Long: 112 37.037 'W
** 600+m water
# nquan = 18
# nvalues = 9333                                  
# units = specified
# name 0 = timeS: Time, Elapsed [seconds]
# name 1 = prdM: Pressure, Strain Gauge [db]
# name 2 = c0S/m: Conductivity [S/m]
# name 3 = sbeox0V: Oxygen raw, SBE 43 [V]
# name 4 = flECO-AFL: Fluorescence, WET Labs ECO-AFL/FL [mg/m^3]
# name 5 = depSM: Depth [salt water, m], lat = 0.00
# name 6 = sigma-t00: Density [sigma-t, kg/m^3 ]
# name 7 = sigma-100: Density [sigma-1, kg/m^3 ]
# name 8 = tv268C: Temperature [IPTS-68, deg C]
# name 9 = tv290C: Temperature [ITS-90, deg C]
# name 10 = svCF: Sound Velocity [Chen-Millero, ft/s]
# name 11 = sal00: Salinity, Practical [PSU]
# name 12 = sbeox0ML/L: Oxygen, SBE 43 [ml/l]
# name 13 = sbeox0Mg/L: Oxygen, SBE 43 [mg/l]
# name 14 = sbeox0PS: Oxygen, SBE 43 [% saturation]
# name 15 = sbeox0Mm/L: Oxygen, SBE 43 [umol/l]
# name 16 = ph: pH
# name 17 = flag:  0.000e+00
# span 0 =      0.000,   2333.000                 
# span 1 =     -0.145,    545.742                 
# span 2 =  -0.000027,   4.393691                 
# span 3 =     0.8936,     3.0052                 
# span 4 =    -0.1376,   128.6840                 
# span 5 =     -0.144,    542.029                 
# span 6 =    -1.1577,    26.7013                 
# span 7 =     3.4080,    31.1579                 
# span 8 =    10.5831,    16.6186                 
# span 9 =    10.5806,    16.6146                 
# span 10 =    4821.84,    4953.42                
# span 11 =     0.0000,    35.1641                
# span 12 =     1.3126,     8.7048                
# span 13 =     1.8758,    12.4401                
# span 14 =     21.024,    134.699                
# span 15 =     58.621,    388.758                
# span 16 =      7.389,      7.984                
# span 17 = 0.0000e+00, 0.0000e+00                
# interval = seconds: 0.25
# start_time = Apr 21 2025 06:04:58 [Instrument's time stamp, header]
# bad_flag = -9.990e-29
*END*
[from data line 6754]
   1688.500    330.503   3.932197     0.9932    -0.0762    328.425    26.6135    31.0508    11.2909    11.2882    4920.15    34.8595     1.6133     2.3055     26.239     72.048      7.687  0.000e+00
   1688.750    330.342   3.932197     0.9924    -0.0444    328.265    26.6133    31.0506    11.2912    11.2885    4920.14    34.8593     1.6090     2.2995     26.170     71.859      7.685  0.000e+00
   1689.000    330.218   3.932250     0.9930    -0.0524    328.142    26.6135    31.0508    11.2914    11.2887    4920.14    34.8596     1.6108     2.3020     26.200     71.939      7.686  0.000e+00
   1689.250    330.088   3.932250     0.9928    -0.0563    328.012    26.6134    31.0507    11.2916    11.2889    4920.13    34.8595     1.6079     2.2978     26.152     71.808      7.685  0.000e+00
   1689.500    329.964   3.932276     0.9931    -0.0543    327.889    26.6133    31.0506    11.2920    11.2893    4920.13    34.8595     1.6071     2.2967     26.140     71.774      7.684  0.000e+00
   1689.750    329.840   3.932276     0.9927    -0.0643    327.766    26.6133    31.0505    11.2921    11.2894    4920.12    34.8595     1.6037     2.2919     26.084     71.622      7.686  0.000e+00
   1690.000    329.710   3.932303     0.9933    -0.0543    327.637    26.6133    31.0506    11.2923    11.2896    4920.12    34.8596     1.6063     2.2956     26.127     71.737      7.687  0.000e+00
   1690.250    329.598   3.932329     0.9926    -0.0484    327.526    26.6133    31.0506    11.2926    11.2898    4920.12    34.8596     1.6013     2.2884     26.046     71.515      7.686  0.000e+00
   1690.500    329.468   3.932362     0.9937    -0.0444    327.397    26.6133    31.0506    11.2928    11.2901    4920.11    34.8597     1.6065     2.2959     26.131     71.747      7.685  0.000e+00
   1690.750    329.325   3.932388     0.9937    -0.0722    327.255    26.6133    31.0506    11.2931    11.2904    4920.11    34.8598     1.6078     2.2977     26.151     71.804      7.687  0.000e+00
   1691.000    329.189   3.932415     0.9936    -0.0543    327.120    26.6131    31.0504    11.2936    11.2909    4920.11    34.8597     1.6069     2.2964     26.137     71.765      7.686  0.000e+00
   1691.250    329.046   3.932441     0.9940    -0.0722    326.978    26.6133    31.0505    11.2937    11.2910    4920.10    34.8599     1.6093     2.2998     26.175     71.869      7.685  0.000e+00
   1691.500    328.904   3.932441     0.9936    -0.0623    326.837    26.6131    31.0503    11.2940    11.2913    4920.10    34.8597     1.6072     2.2969     26.143     71.779      7.688  0.000e+00
   1691.750    328.755   3.932441     0.9936    -0.0643    326.689    26.6127    31.0499    11.2945    11.2917    4920.09    34.8593     1.6070     2.2966     26.140     71.771      7.688  0.000e+00
   1692.000    328.600   3.932467     0.9937    -0.0702    326.535    26.6128    31.0500    11.2946    11.2919    4920.09    34.8595     1.6067     2.2961     26.134     71.755      7.688  0.000e+00
   1692.250    328.432   3.932527     0.9933    -0.0623    326.369    26.6131    31.0503    11.2948    11.2921    4920.08    34.8600     1.6044     2.2929     26.097     71.653      7.688  0.000e+00
   1692.500    328.277   3.932527     0.9949    -0.0702    326.215    26.6130    31.0502    11.2950    11.2923    4920.07    34.8598     1.6101     2.3010     26.190     71.908      7.689  0.000e+00
   1692.750    328.116   3.932526     0.9935    -0.0702    326.055    26.6128    31.0500    11.2953    11.2926    4920.07    34.8596     1.6049     2.2935     26.105     71.673      7.685  0.000e+00
   1693.000    327.968   3.932526     0.9937    -0.0702    325.907    26.6127    31.0499    11.2954    11.2927    4920.06    34.8596     1.6055     2.2944     26.116     71.702      7.689  0.000e+00
   1693.250    327.831   3.932526     0.9949    -0.0563    325.772    26.6126    31.0497    11.2957    11.2929    4920.06    34.8594     1.6109     2.3022     26.204     71.944      7.688  0.000e+00
   1693.500    327.726   3.932526     0.9955    -0.0623    325.667    26.6124    31.0495    11.2959    11.2932    4920.05    34.8592     1.6150     2.3079     26.269     72.124      7.688  0.000e+00
   1693.750    327.620   3.932500     0.9949    -0.0623    325.562    26.6123    31.0495    11.2958    11.2931    4920.05    34.8591     1.6134     2.3057     26.244     72.055      7.686  0.000e+00
   1694.000    327.527   3.932526     0.9950    -0.0702    325.470    26.6125    31.0497    11.2958    11.2931    4920.04    34.8594     1.6136     2.3060     26.248     72.065      7.688  0.000e+00
   1694.250    327.434   3.932526     0.9950    -0.0702    325.378    26.6125    31.0496    11.2959    11.2932    4920.04    34.8593     1.6134     2.3057     26.243     72.053      7.685  0.000e+00
   1694.500    327.341   3.932500     0.9955    -0.0781    325.285    26.6123    31.0494    11.2959    11.2932    4920.03    34.8591     1.6141     2.3067     26.256     72.087      7.685  0.000e+00
   1694.750    327.205   3.932500     0.9956    -0.0563    325.150    26.6123    31.0494    11.2960    11.2933    4920.03    34.8591     1.6155     2.3087     26.278     72.149      7.689  0.000e+00
   1695.000    327.062   3.932526     0.9950    -0.0623    325.008    26.6127    31.0498    11.2958    11.2931    4920.02    34.8596     1.6117     2.3032     26.216     71.977      7.691  0.000e+00
   1695.250    326.883   3.932526     0.9951    -0.0603    324.830    26.6126    31.0497    11.2960    11.2933    4920.01    34.8595     1.6099     2.3007     26.187     71.899      7.687  0.000e+00
   1695.500    326.703   3.932500     0.9956    -0.0623    324.651    26.6124    31.0496    11.2960    11.2933    4920.00    34.8593     1.6116     2.3031     26.215     71.973      7.685  0.000e+00
   1695.750    326.517   3.932499     0.9957    -0.0623    324.467    26.6125    31.0496    11.2960    11.2933    4919.99    34.8594     1.6131     2.3052     26.239     72.039      7.686  0.000e+00
   1696.000    326.349   3.932440     0.9956    -0.0543    324.300    26.6122    31.0493    11.2959    11.2932    4919.98    34.8590     1.6127     2.3047     26.233     72.024      7.690  0.000e+00
   1696.250    326.182   3.932440     0.9959    -0.0702    324.134    26.6125    31.0496    11.2957    11.2929    4919.97    34.8593     1.6140     2.3066     26.254     72.081      7.689  0.000e+00
   1696.500    326.027   3.932440     0.9955    -0.0643    323.980    26.6125    31.0496    11.2957    11.2929    4919.96    34.8594     1.6117     2.3033     26.217     71.980      7.685  0.000e+00
   1696.750    325.897   3.932440     0.9943    -0.0543    323.851    26.6124    31.0495    11.2959    11.2932    4919.95    34.8592     1.6059     2.2949     26.121     71.718      7.687  0.000e+00
   1697.000    325.798   3.932413     0.9943    -0.0722    323.753    26.6123    31.0494    11.2957    11.2930    4919.95    34.8591     1.6047     2.2933     26.103     71.668      7.686  0.000e+00
   1697.250    325.692   3.932413     0.9952    -0.0563    323.648    26.6122    31.0493    11.2959    11.2932    4919.94    34.8591     1.6075     2.2973     26.148     71.792      7.688  0.000e+00
   1697.500    325.599   3.932466     0.9956    -0.0563    323.556    26.6128    31.0499    11.2957    11.2930    4919.94    34.8598     1.6094     2.3000     26.179     71.875      7.688  0.000e+00
   1697.750    325.519   3.932466     0.9953    -0.0781    323.476    26.6127    31.0498    11.2959    11.2932    4919.93    34.8597     1.6084     2.2986     26.163     71.832      7.687  0.000e+00
   1698.000    325.426   3.932499     0.9940    -0.0682    323.383    26.6128    31.0499    11.2961    11.2934    4919.93    34.8598     1.6033     2.2913     26.080     71.603      7.686  0.000e+00
   1698.250    325.283   3.932499     0.9946    -0.0543    323.242    26.6129    31.0500    11.2960    11.2933    4919.92    34.8600     1.6054     2.2942     26.114     71.696      7.690  0.000e+00
   1698.500    325.140   3.932499     0.9953    -0.0702    323.100    26.6126    31.0497    11.2964    11.2936    4919.92    34.8597     1.6100     2.3009     26.189     71.904      7.689  0.000e+00
   1698.750    324.961   3.932525     0.9957    -0.0781    322.922    26.6128    31.0498    11.2965    11.2938    4919.91    34.8599     1.6133     2.3056     26.243     72.050      7.688  0.000e+00
   1699.000    324.781   3.932525     0.9949    -0.0643    322.743    26.6126    31.0497    11.2967    11.2940    4919.90    34.8598     1.6096     2.3003     26.183     71.886      7.689  0.000e+00
   1699.250    324.589   3.932492     0.9956    -0.0543    322.552    26.6124    31.0494    11.2968    11.2941    4919.89    34.8595     1.6116     2.3032     26.216     71.975      7.686  0.000e+00
   1699.500    324.409   3.932525     0.9956    -0.0682    322.374    26.6126    31.0496    11.2969    11.2942    4919.89    34.8597     1.6123     2.3041     26.226     72.003      7.685  0.000e+00
   1699.750    324.248   3.932525     0.9958    -0.0543    322.214    26.6125    31.0495    11.2971    11.2943    4919.88    34.8597     1.6142     2.3069     26.258     72.091      7.688  0.000e+00
   1700.000    324.111   3.932499     0.9953    -0.0623    322.078    26.6122    31.0492    11.2972    11.2945    4919.87    34.8593     1.6128     2.3049     26.235     72.029      7.689  0.000e+00
   1700.250    324.000   3.932498     0.9951    -0.0543    321.967    26.6123    31.0493    11.2971    11.2944    4919.87    34.8594     1.6100     2.3008     26.189     71.901      7.686  0.000e+00
   1700.500    323.907   3.932525     0.9962    -0.0702    321.875    26.6126    31.0496    11.2971    11.2943    4919.86    34.8598     1.6135     2.3058     26.246     72.057      7.688  0.000e+00
   1700.750    323.801   3.932525     0.9954    -0.0781    321.770    26.6125    31.0495    11.2972    11.2945    4919.86    34.8597     1.6104     2.3014     26.195     71.918      7.687  0.000e+00
   1701.000    323.715   3.932498     0.9957    -0.0643    321.684    26.6123    31.0494    11.2972    11.2945    4919.85    34.8595     1.6119     2.3036     26.221     71.989      7.690  0.000e+00
   1701.250    323.622   3.932498     0.9960    -0.0543    321.592    26.6122    31.0492    11.2974    11.2947    4919.85    34.8593     1.6127     2.3047     26.233     72.022      7.688  0.000e+00
   1701.500    323.498   3.932465     0.9956    -0.0623    321.469    26.6122    31.0492    11.2971    11.2944    4919.84    34.8593     1.6113     2.3027     26.211     71.961      7.685  0.000e+00
   1701.750    323.355   3.932498     0.9958    -0.0484    321.327    26.6125    31.0495    11.2971    11.2944    4919.83    34.8597     1.6120     2.3037     26.222     71.991      7.685  0.000e+00
   1702.000    323.219   3.932525     0.9952    -0.0543    321.192    26.6127    31.0497    11.2972    11.2945    4919.83    34.8600     1.6094     2.3000     26.180     71.877      7.686  0.000e+00
   1702.250    323.064   3.932525     0.9959    -0.0543    321.038    26.6126    31.0496    11.2973    11.2946    4919.82    34.8599     1.6120     2.3038     26.223     71.994      7.689  0.000e+00
   1702.500    322.884   3.932524     0.9963    -0.0643    320.859    26.6126    31.0496    11.2975    11.2948    4919.81    34.8599     1.6133     2.3055     26.243     72.049      7.687  0.000e+00
   1702.750    322.735   3.932498     0.9963    -0.0623    320.712    26.6123    31.0493    11.2976    11.2948    4919.80    34.8596     1.6142     2.3068     26.257     72.088      7.689  0.000e+00
   1703.000    322.574   3.932577     0.9955    -0.0603    320.551    26.6129    31.0499    11.2977    11.2950    4919.80    34.8603     1.6104     2.3015     26.197     71.921      7.688  0.000e+00
   1703.250    322.444   3.932604     0.9953    -0.0524    320.422    26.6130    31.0500    11.2978    11.2951    4919.79    34.8605     1.6087     2.2990     26.169     71.845      7.692  0.000e+00
   1703.500    322.282   3.932604     0.9956    -0.0543    320.262    26.6127    31.0496    11.2983    11.2955    4919.79    34.8602     1.6102     2.3012     26.194     71.913      7.691  0.000e+00
   1703.750    322.158   3.932603     0.9951    -0.0563    320.139    26.6125    31.0494    11.2985    11.2958    4919.78    34.8600     1.6074     2.2972     26.148     71.788      7.688  0.000e+00
   1704.000    322.059   3.932577     0.9946    -0.0801    320.041    26.6122    31.0491    11.2987    11.2960    4919.78    34.8596     1.6044     2.2928     26.099     71.651      7.689  0.000e+00
   1704.250    321.941   3.932577     0.9948    -0.0623    319.924    26.6121    31.0490    11.2988    11.2961    4919.77    34.8595     1.6036     2.2917     26.087     71.618      7.690  0.000e+00
   1704.500    321.842   3.932603     0.9949    -0.0623    319.825    26.6123    31.0492    11.2988    11.2961    4919.77    34.8598     1.6038     2.2920     26.090     71.627      7.687  0.000e+00
   1704.750    321.737   3.932603     0.9953    -0.0543    319.720    26.6122    31.0491    11.2990    11.2962    4919.77    34.8598     1.6069     2.2964     26.140     71.763      7.689  0.000e+00
   1705.000    321.638   3.932603     0.9945    -0.0464    319.622    26.6122    31.0491    11.2990    11.2963    4919.76    34.8597     1.6046     2.2931     26.102     71.659      7.688  0.000e+00
   1705.250    321.507   3.932630     0.9951    -0.0623    319.493    26.6123    31.0492    11.2992    11.2965    4919.76    34.8599     1.6074     2.2971     26.148     71.785      7.689  0.000e+00
   1705.500    321.365   3.932603     0.9951    -0.0623    319.351    26.6121    31.0490    11.2992    11.2965    4919.75    34.8596     1.6078     2.2977     26.155     71.806      7.689  0.000e+00
   1705.750    321.222   3.932596     0.9956    -0.0563    319.209    26.6121    31.0490    11.2992    11.2965    4919.74    34.8597     1.6111     2.3025     26.209     71.953      7.688  0.000e+00
   1706.000    321.042   3.932603     0.9963    -0.0543    319.031    26.6121    31.0490    11.2993    11.2966    4919.73    34.8597     1.6156     2.3089     26.282     72.153      7.689  0.000e+00
   1706.250    320.894   3.932603     0.9961    -0.0603    318.883    26.6121    31.0490    11.2994    11.2967    4919.72    34.8597     1.6151     2.3082     26.274     72.131      7.688  0.000e+00
   1706.500    320.732   3.932603     0.9957    -0.0603    318.723    26.6120    31.0489    11.2995    11.2968    4919.72    34.8597     1.6135     2.3058     26.248     72.059      7.688  0.000e+00
   1706.750    320.571   3.932576     0.9960    -0.0543    318.563    26.6119    31.0488    11.2995    11.2968    4919.71    34.8595     1.6145     2.3072     26.263     72.102      7.688  0.000e+00
   1707.000    320.447   3.932603     0.9953    -0.0524    318.440    26.6124    31.0493    11.2992    11.2965    4919.70    34.8600     1.6111     2.3025     26.209     71.954      7.691  0.000e+00
   1707.250    320.311   3.932603     0.9956    -0.0643    318.305    26.6122    31.0491    11.2994    11.2967    4919.69    34.8599     1.6106     2.3017     26.200     71.929      7.691  0.000e+00
   1707.500    320.193   3.932576     0.9953    -0.0543    318.188    26.6121    31.0490    11.2994    11.2967    4919.69    34.8597     1.6082     2.2982     26.161     71.821      7.688  0.000e+00
   1707.750    320.094   3.932603     0.9954    -0.0524    318.089    26.6122    31.0491    11.2996    11.2969    4919.68    34.8599     1.6075     2.2972     26.150     71.790      7.687  0.000e+00
   1708.000    319.976   3.932603     0.9956    -0.0524    317.972    26.6122    31.0491    11.2996    11.2969    4919.68    34.8599     1.6076     2.2974     26.152     71.796      7.689  0.000e+00
   1708.250    319.865   3.932603     0.9953    -0.0643    317.861    26.6123    31.0491    11.2996    11.2969    4919.67    34.8600     1.6070     2.2966     26.142     71.768      7.688  0.000e+00
