cruises/baja2025/cnv/20250502_cast1.cnv
* Sea-Bird SBE19plus Data File:
* FileName = C:\Users\ScienceTech\OneDrive - Western Flyer Foundation\Desktop\ProfilingCTD\data\Leg 3\20250502_T12_cast1.hex
* Software Version 1.59
* Temperature SN =  8289
* Conductivity SN =  8289
* System UpLoad Time = May 03 2025 05:32:41
** Site "T12"
** 27-19.97'N 112-08.86'W
** Start 2025-05-02 2135Z
** Cast to 500m
# nquan = 18
# nvalues = 8299                                  
# units = specified
# name 0 = timeS: Time, Elapsed [seconds]
# name 1 = prdM: Pressure, Strain Gauge [db]
# name 2 = c0S/m: Conductivity [S/m]
# name 3 = sbeox0V: Oxygen raw, SBE 43 [V]
# name 4 = flECO-AFL: Fluorescence, WET Labs ECO-AFL/FL [mg/m^3]
# name 5 = depSM: Depth [salt water, m], lat = 0.00
# name 6 = sigma-t00: Density [sigma-t, kg/m^3 ]
# name 7 = sigma-100: Density [sigma-1, kg/m^3 ]
# name 8 = tv268C: Temperature [IPTS-68, deg C]
# name 9 = tv290C: Temperature [ITS-90, deg C]
# name 10 = svCF: Sound Velocity [Chen-Millero, ft/s]
# name 11 = sal00: Salinity, Practical [PSU]
# name 12 = sbeox0ML/L: Oxygen, SBE 43 [ml/l]
# name 13 = sbeox0Mg/L: Oxygen, SBE 43 [mg/l]
# name 14 = sbeox0PS: Oxygen, SBE 43 [% saturation]
# name 15 = sbeox0Mm/L: Oxygen, SBE 43 [umol/l]
# name 16 = ph: pH
# name 17 = flag:  0.000e+00
# span 0 =      0.000,   2074.500                 
# span 1 =     -0.188,    497.763                 
# span 2 =   0.000545,   5.060422                 
# span 3 =     0.6314,     3.5807                 
# span 4 =    -0.1654,   128.7495                 
# span 5 =     -0.187,    494.434                 
# span 6 =    -3.6771,    26.7872                 
# span 7 =     0.6936,    31.2624                 
# span 8 =     9.6430,    27.7393                 
# span 9 =     9.6407,    27.7326                 
# span 10 =    4866.24,    5021.88                
# span 11 =     0.0135,    36.5190                
# span 12 =     0.3699,     8.7707                
# span 13 =     0.5286,    12.5342                
# span 14 =      5.827,    162.294                
# span 15 =     16.521,    391.698                
# span 16 =      7.439,      8.260                
# span 17 = 0.0000e+00, 0.0000e+00                
# interval = seconds: 0.25
# start_time = May 02 2025 14:35:01 [Instrument's time stamp, header]
# bad_flag = -9.990e-29
*END*
[from data line 2332]
    583.000    159.168   4.137856     1.1882    -0.0781    158.233    26.2884    30.6797    13.3924    13.3892    4934.62    34.9670     2.1202     3.0300     36.049     94.688      7.744  0.000e+00
    583.250    159.218   4.137830     1.1886    -0.0722    158.282    26.2892    30.6805    13.3913    13.3881    4934.62    34.9677     2.1225     3.0333     36.088     94.792      7.741  0.000e+00
    583.500    159.286   4.137803     1.1870    -0.0781    158.350    26.2899    30.6812    13.3903    13.3871    4934.61    34.9684     2.1164     3.0245     35.983     94.518      7.743  0.000e+00
    583.750    159.404   4.137715     1.1870    -0.0781    158.467    26.2897    30.6811    13.3897    13.3865    4934.61    34.9680     2.1153     3.0230     35.964     94.469      7.742  0.000e+00
    584.000    159.559   4.137439     1.1863    -0.0643    158.621    26.2882    30.6796    13.3891    13.3859    4934.60    34.9659     2.1126     3.0191     35.917     94.347      7.742  0.000e+00
    584.250    159.732   4.137182     1.1856    -0.0643    158.793    26.2873    30.6786    13.3881    13.3849    4934.60    34.9644     2.1086     3.0135     35.849     94.172      7.744  0.000e+00
    584.500    159.912   4.136960     1.1858    -0.0702    158.972    26.2873    30.6787    13.3862    13.3830    4934.58    34.9639     2.1097     3.0150     35.866     94.220      7.743  0.000e+00
    584.750    160.123   4.136899     1.1850    -0.0702    159.182    26.2888    30.6803    13.3839    13.3807    4934.58    34.9653     2.1071     3.0113     35.820     94.104      7.744  0.000e+00
    585.000    160.303   4.136933     1.1854    -0.0702    159.360    26.2906    30.6821    13.3822    13.3790    4934.57    34.9672     2.1083     3.0130     35.840     94.159      7.745  0.000e+00
    585.250    160.495   4.136900     1.1852    -0.0623    159.551    26.2911    30.6827    13.3813    13.3781    4934.58    34.9676     2.1087     3.0135     35.845     94.173      7.745  0.000e+00
    585.500    160.669   4.136704     1.1853    -0.0841    159.724    26.2902    30.6817    13.3807    13.3775    4934.57    34.9662     2.1112     3.0171     35.887     94.286      7.743  0.000e+00
    585.750    160.874   4.136313     1.1846    -0.0762    159.928    26.2882    30.6798    13.3797    13.3765    4934.56    34.9633     2.1094     3.0145     35.855     94.204      7.744  0.000e+00
    586.000    161.047   4.136030     1.1841    -0.0762    160.100    26.2878    30.6795    13.3778    13.3746    4934.55    34.9624     2.1083     3.0130     35.836     94.158      7.742  0.000e+00
    586.250    161.246   4.135498     1.1838    -0.0762    160.297    26.2861    30.6778    13.3753    13.3721    4934.52    34.9595     2.1075     3.0118     35.819     94.120      7.741  0.000e+00
    586.500    161.450   4.134486     1.1831    -0.0781    160.501    26.2816    30.6734    13.3721    13.3689    4934.47    34.9528     2.1041     3.0069     35.757     93.968      7.743  0.000e+00
    586.750    161.661   4.134150     1.1834    -0.0722    160.710    26.2842    30.6761    13.3665    13.3633    4934.43    34.9547     2.1057     3.0093     35.782     94.042      7.742  0.000e+00
    587.000    161.909   4.133873     1.1826    -0.0643    160.956    26.2874    30.6794    13.3607    13.3575    4934.39    34.9573     2.1022     3.0043     35.718     93.885      7.741  0.000e+00
    587.250    162.157   4.133786     1.1827    -0.0781    161.203    26.2907    30.6828    13.3563    13.3531    4934.37    34.9604     2.1027     3.0050     35.724     93.906      7.743  0.000e+00
    587.500    162.399   4.133503     1.1814    -0.0841    161.443    26.2914    30.6836    13.3531    13.3499    4934.35    34.9606     2.0978     2.9980     35.639     93.690      7.742  0.000e+00
    587.750    162.622   4.133449     1.1811    -0.0861    161.665    26.2934    30.6856    13.3505    13.3473    4934.34    34.9624     2.0969     2.9967     35.622     93.649      7.742  0.000e+00
    588.000    162.808   4.132721     1.1804    -0.0781    161.850    26.2899    30.6822    13.3484    13.3452    4934.31    34.9573     2.0943     2.9930     35.575     93.533      7.740  0.000e+00
    588.250    162.944   4.132580     1.1790    -0.0861    161.985    26.2922    30.6845    13.3447    13.3415    4934.28    34.9593     2.0885     2.9847     35.474     93.273      7.744  0.000e+00
    588.500    163.043   4.132607     1.1782    -0.0841    162.084    26.2955    30.6879    13.3413    13.3381    4934.26    34.9626     2.0845     2.9789     35.404     93.092      7.741  0.000e+00
    588.750    163.118   4.132634     1.1779    -0.0801    162.158    26.2974    30.6898    13.3394    13.3362    4934.25    34.9646     2.0826     2.9762     35.370     93.007      7.744  0.000e+00
    589.000    163.162   4.132607     1.1773    -0.0781    162.201    26.2981    30.6905    13.3384    13.3352    4934.25    34.9653     2.0806     2.9734     35.336     92.919      7.742  0.000e+00
    589.250    163.205   4.132607     1.1753    -0.0722    162.244    26.2986    30.6910    13.3379    13.3347    4934.25    34.9657     2.0726     2.9619     35.200     92.561      7.743  0.000e+00
    589.500    163.285   4.132553     1.1757    -0.0722    162.324    26.2984    30.6908    13.3376    13.3344    4934.25    34.9654     2.0743     2.9644     35.229     92.639      7.741  0.000e+00
    589.750    163.391   4.132324     1.1731    -0.0861    162.429    26.2967    30.6892    13.3376    13.3344    4934.24    34.9633     2.0641     2.9498     35.055     92.182      7.741  0.000e+00
    590.000    163.576   4.131994     1.1741    -0.0762    162.613    26.2952    30.6877    13.3365    13.3333    4934.23    34.9610     2.0687     2.9564     35.132     92.388      7.741  0.000e+00
    590.250    163.787   4.132048     1.1728    -0.0702    162.823    26.2972    30.6897    13.3347    13.3315    4934.23    34.9631     2.0652     2.9514     35.072     92.232      7.741  0.000e+00
    590.500    164.029   4.131960     1.1728    -0.0881    163.063    26.2978    30.6904    13.3332    13.3300    4934.23    34.9636     2.0661     2.9526     35.086     92.271      7.741  0.000e+00
    590.750    164.320   4.131994     1.1724    -0.0702    163.352    26.2991    30.6917    13.3320    13.3288    4934.24    34.9649     2.0659     2.9523     35.081     92.261      7.740  0.000e+00
    591.000    164.593   4.131907     1.1716    -0.0682    163.624    26.2989    30.6915    13.3314    13.3282    4934.25    34.9645     2.0645     2.9503     35.057     92.198      7.741  0.000e+00
    591.250    164.866   4.131907     1.1716    -0.0781    163.895    26.2993    30.6919    13.3309    13.3277    4934.26    34.9648     2.0666     2.9534     35.094     92.295      7.741  0.000e+00
    591.500    165.095   4.131934     1.1709    -0.0781    164.122    26.2998    30.6924    13.3305    13.3273    4934.27    34.9653     2.0647     2.9507     35.061     92.210      7.743  0.000e+00
    591.750    165.312   4.131994     1.1706    -0.0702    164.338    26.3005    30.6931    13.3301    13.3269    4934.28    34.9662     2.0653     2.9515     35.070     92.235      7.740  0.000e+00
    592.000    165.455   4.132075     1.1711    -0.0801    164.480    26.3010    30.6936    13.3302    13.3270    4934.29    34.9668     2.0670     2.9539     35.100     92.312      7.739  0.000e+00
    592.250    165.566   4.132075     1.1704    -0.0781    164.591    26.3006    30.6933    13.3305    13.3273    4934.30    34.9665     2.0656     2.9520     35.076     92.250      7.740  0.000e+00
    592.500    165.653   4.132049     1.1703    -0.0781    164.677    26.3000    30.6927    13.3309    13.3277    4934.31    34.9658     2.0656     2.9520     35.077     92.251      7.739  0.000e+00
    592.750    165.728   4.132076     1.1696    -0.0781    164.751    26.3000    30.6926    13.3312    13.3280    4934.31    34.9658     2.0636     2.9491     35.043     92.161      7.740  0.000e+00
    593.000    165.839   4.132076     1.1701    -0.0861    164.862    26.2997    30.6924    13.3314    13.3282    4934.32    34.9655     2.0662     2.9527     35.086     92.274      7.740  0.000e+00
    593.250    165.938   4.132103     1.1691    -0.0643    164.961    26.2999    30.6925    13.3314    13.3282    4934.33    34.9658     2.0625     2.9475     35.024     92.110      7.737  0.000e+00
    593.500    166.056   4.132103     1.1692    -0.0781    165.078    26.2998    30.6924    13.3315    13.3283    4934.33    34.9656     2.0630     2.9482     35.032     92.133      7.739  0.000e+00
    593.750    166.217   4.132103     1.1688    -0.0940    165.238    26.2996    30.6923    13.3316    13.3284    4934.34    34.9654     2.0614     2.9459     35.005     92.061      7.738  0.000e+00
    594.000    166.379   4.132130     1.1695    -0.0762    165.398    26.2997    30.6924    13.3316    13.3284    4934.35    34.9656     2.0641     2.9498     35.051     92.182      7.740  0.000e+00
    594.250    166.577   4.132103     1.1692    -0.0722    165.595    26.2994    30.6921    13.3317    13.3285    4934.36    34.9652     2.0643     2.9501     35.055     92.192      7.738  0.000e+00
    594.500    166.788   4.131995     1.1698    -0.0643    165.805    26.2987    30.6914    13.3315    13.3283    4934.37    34.9642     2.0677     2.9549     35.112     92.342      7.737  0.000e+00
    594.750    166.999   4.132022     1.1697    -0.0762    166.014    26.2993    30.6920    13.3310    13.3278    4934.38    34.9649     2.0688     2.9565     35.130     92.392      7.739  0.000e+00
    595.000    167.185   4.132022     1.1691    -0.0722    166.199    26.2996    30.6923    13.3306    13.3274    4934.38    34.9652     2.0668     2.9536     35.096     92.302      7.740  0.000e+00
    595.250    167.365   4.131995     1.1690    -0.0623    166.378    26.2996    30.6923    13.3303    13.3271    4934.39    34.9651     2.0671     2.9542     35.102     92.319      7.738  0.000e+00
    595.500    167.501   4.131995     1.1689    -0.0841    166.513    26.2998    30.6925    13.3301    13.3269    4934.39    34.9653     2.0664     2.9531     35.089     92.285      7.741  0.000e+00
    595.750    167.613   4.131995     1.1682    -0.0781    166.624    26.2998    30.6925    13.3300    13.3268    4934.40    34.9653     2.0628     2.9479     35.027     92.123      7.740  0.000e+00
    596.000    167.743   4.131962     1.1668    -0.0781    166.754    26.2997    30.6924    13.3299    13.3267    4934.40    34.9650     2.0555     2.9374     34.903     91.796      7.737  0.000e+00
    596.250    167.929   4.131996     1.1671    -0.0762    166.939    26.3000    30.6928    13.3297    13.3265    4934.41    34.9655     2.0553     2.9373     34.901     91.792      7.738  0.000e+00
    596.500    168.146   4.131740     1.1672    -0.0702    167.154    26.2981    30.6909    13.3297    13.3265    4934.42    34.9630     2.0548     2.9366     34.892     91.769      7.740  0.000e+00
    596.750    168.382   4.131571     1.1673    -0.0682    167.388    26.2974    30.6902    13.3290    13.3258    4934.42    34.9619     2.0557     2.9379     34.907     91.810      7.741  0.000e+00
    597.000    168.629   4.131740     1.1682    -0.0722    167.635    26.2998    30.6926    13.3276    13.3244    4934.43    34.9646     2.0609     2.9452     34.994     92.040      7.740  0.000e+00
    597.250    168.890   4.131908     1.1677    -0.0702    167.893    26.3016    30.6945    13.3269    13.3237    4934.44    34.9668     2.0607     2.9450     34.991     92.031      7.739  0.000e+00
    597.500    169.107   4.131935     1.1685    -0.0722    168.109    26.3015    30.6943    13.3272    13.3240    4934.46    34.9667     2.0655     2.9518     35.072     92.245      7.740  0.000e+00
    597.750    169.311   4.131794     1.1696    -0.0781    168.312    26.2996    30.6925    13.3280    13.3248    4934.47    34.9645     2.0724     2.9617     35.190     92.556      7.739  0.000e+00
    598.000    169.473   4.131403     1.1692    -0.0623    168.472    26.2967    30.6896    13.3280    13.3248    4934.46    34.9608     2.0732     2.9628     35.202     92.588      7.741  0.000e+00
    598.250    169.609   4.131403     1.1701    -0.0623    168.608    26.2980    30.6909    13.3266    13.3234    4934.46    34.9620     2.0770     2.9682     35.266     92.759      7.738  0.000e+00
    598.500    169.733   4.131686     1.1696    -0.0623    168.731    26.3011    30.6940    13.3254    13.3222    4934.47    34.9657     2.0750     2.9655     35.233     92.672      7.741  0.000e+00
    598.750    169.857   4.131295     1.1696    -0.0623    168.854    26.2988    30.6917    13.3248    13.3216    4934.45    34.9625     2.0747     2.9649     35.225     92.655      7.738  0.000e+00
    599.000    170.006   4.130817     1.1692    -0.0682    169.002    26.2953    30.6883    13.3246    13.3214    4934.44    34.9581     2.0719     2.9609     35.177     92.530      7.738  0.000e+00
    599.250    170.149   4.131491     1.1695    -0.0781    169.144    26.3024    30.6954    13.3222    13.3190    4934.46    34.9666     2.0719     2.9610     35.177     92.531      7.738  0.000e+00
    599.500    170.279   4.132246     1.1698    -0.0801    169.274    26.3085    30.7014    13.3216    13.3184    4934.49    34.9743     2.0715     2.9604     35.172     92.512      7.739  0.000e+00
    599.750    170.421   4.132219     1.1689    -0.0801    169.415    26.3055    30.6984    13.3246    13.3214    4934.52    34.9712     2.0669     2.9538     35.095     92.308      7.737  0.000e+00
    600.000    170.552   4.132024     1.1693    -0.0781    169.545    26.3015    30.6943    13.3274    13.3242    4934.54    34.9667     2.0680     2.9554     35.115     92.357      7.738  0.000e+00
    600.250    170.688   4.132078     1.1702    -0.0801    169.680    26.3008    30.6936    13.3285    13.3253    4934.55    34.9661     2.0711     2.9597     35.167     92.493      7.740  0.000e+00
    600.500    170.880   4.132132     1.1701    -0.0643    169.871    26.3008    30.6936    13.3289    13.3257    4934.57    34.9662     2.0720     2.9612     35.185     92.538      7.738  0.000e+00
    600.750    171.060   4.132105     1.1702    -0.0841    170.050    26.3002    30.6931    13.3292    13.3260    4934.58    34.9656     2.0729     2.9624     35.200     92.577      7.737  0.000e+00
    601.000    171.283   4.132051     1.1707    -0.0881    170.272    26.2996    30.6925    13.3294    13.3262    4934.59    34.9649     2.0758     2.9665     35.248     92.705      7.741  0.000e+00
    601.250    171.544   4.132192     1.1706    -0.0762    170.530    26.3007    30.6935    13.3293    13.3261    4934.61    34.9662     2.0758     2.9666     35.249     92.707      7.737  0.000e+00
    601.500    171.810   4.132219     1.1709    -0.0781    170.795    26.3006    30.6934    13.3295    13.3263    4934.63    34.9661     2.0774     2.9688     35.275     92.775      7.737  0.000e+00
    601.750    172.070   4.132247     1.1705    -0.0643    171.054    26.3004    30.6933    13.3298    13.3266    4934.64    34.9660     2.0760     2.9668     35.252     92.712      7.737  0.000e+00
    602.000    172.325   4.132247     1.1709    -0.0702    171.307    26.3001    30.6930    13.3300    13.3268    4934.66    34.9657     2.0767     2.9678     35.265     92.746      7.734  0.000e+00
    602.250    172.560   4.132166     1.1710    -0.0722    171.541    26.2993    30.6922    13.3302    13.3270    4934.67    34.9647     2.0763     2.9672     35.257     92.728      7.740  0.000e+00
    602.500    172.734   4.132301     1.1708    -0.0682    171.713    26.3004    30.6933    13.3300    13.3268    4934.68    34.9660     2.0753     2.9658     35.241     92.683      7.739  0.000e+00
    602.750    172.870   4.132301     1.1707    -0.0781    171.849    26.3001    30.6930    13.3303    13.3271    4934.69    34.9657     2.0744     2.9646     35.226     92.644      7.738  0.000e+00
