cruises/baja2025/cnv/20250430_cast2.cnv
* Sea-Bird SBE19plus Data File:
* FileName = C:\Users\ScienceTech\OneDrive - Western Flyer Foundation\Desktop\ProfilingCTD\data\20250430_Seamount2_cast1.hex
* Software Version 1.59
* Temperature SN =  8289
* Conductivity SN =  8289
* System UpLoad Time = Apr 30 2025 18:32:27
** "Seamount2"
** 27-18.113
** 112-05.848
** 520m of water
** SB cast 31
** WF cast 16
# nquan = 18
# nvalues = 7522                                  
# units = specified
# name 0 = timeS: Time, Elapsed [seconds]
# name 1 = prdM: Pressure, Strain Gauge [db]
# name 2 = c0S/m: Conductivity [S/m]
# name 3 = sbeox0V: Oxygen raw, SBE 43 [V]
# name 4 = flECO-AFL: Fluorescence, WET Labs ECO-AFL/FL [mg/m^3]
# name 5 = depSM: Depth [salt water, m], lat = 0.00
# name 6 = sigma-t00: Density [sigma-t, kg/m^3 ]
# name 7 = sigma-100: Density [sigma-1, kg/m^3 ]
# name 8 = tv268C: Temperature [IPTS-68, deg C]
# name 9 = tv290C: Temperature [ITS-90, deg C]
# name 10 = svCF: Sound Velocity [Chen-Millero, ft/s]
# name 11 = sal00: Salinity, Practical [PSU]
# name 12 = sbeox0ML/L: Oxygen, SBE 43 [ml/l]
# name 13 = sbeox0Mg/L: Oxygen, SBE 43 [mg/l]
# name 14 = sbeox0PS: Oxygen, SBE 43 [% saturation]
# name 15 = sbeox0Mm/L: Oxygen, SBE 43 [umol/l]
# name 16 = ph: pH
# name 17 = flag:  0.000e+00
# span 0 =      0.000,   1880.250                 
# span 1 =     -0.171,    435.455                 
# span 2 =   0.027764,   5.026865                 
# span 3 =     0.6971,     3.6775                 
# span 4 =    -0.1694,   128.7217                 
# span 5 =     -0.170,    432.607                 
# span 6 =    -2.0911,    26.7537                 
# span 7 =     2.3727,    31.2197                 
# span 8 =    10.0018,    21.9131                 
# span 9 =     9.9994,    21.9078                 
# span 10 =    4861.82,    5008.96                
# span 11 =     0.1426,    35.6436                
# span 12 =     0.6033,     8.9840                
# span 13 =     0.8622,    12.8391                
# span 14 =      9.544,    179.260                
# span 15 =     26.945,    401.227                
# span 16 =      7.582,      8.285                
# span 17 = 0.0000e+00, 0.0000e+00                
# interval = seconds: 0.25
# start_time = Apr 30 2025 15:46:16 [Instrument's time stamp, header]
# bad_flag = -9.990e-29
*END*
[from data line 5227]
   1306.750    275.401   4.048934     1.0321    -0.0861    273.706    26.4394    30.8520    12.4673    12.4643    4930.63    34.9229     1.6796     2.4003     28.011     75.009      7.709  0.000e+00
   1307.000    275.240   4.049148     1.0334    -0.0484    273.545    26.4376    30.8501    12.4710    12.4681    4930.66    34.9216     1.6845     2.4073     28.095     75.229      7.712  0.000e+00
   1307.250    275.060   4.049582     1.0331    -0.0623    273.367    26.4381    30.8505    12.4742    12.4712    4930.69    34.9229     1.6833     2.4056     28.078     75.177      7.710  0.000e+00
   1307.500    274.887   4.049769     1.0341    -0.0603    273.195    26.4364    30.8488    12.4775    12.4746    4930.72    34.9217     1.6888     2.4135     28.171     75.423      7.707  0.000e+00
   1307.750    274.725   4.049996     1.0342    -0.0722    273.035    26.4354    30.8478    12.4805    12.4775    4930.74    34.9211     1.6906     2.4160     28.202     75.502      7.711  0.000e+00
   1308.000    274.564   4.050224     1.0353    -0.0623    272.875    26.4348    30.8471    12.4832    12.4802    4930.76    34.9210     1.6951     2.4224     28.278     75.702      7.713  0.000e+00
   1308.250    274.384   4.050431     1.0358    -0.0623    272.696    26.4341    30.8463    12.4857    12.4827    4930.77    34.9207     1.6989     2.4279     28.344     75.874      7.713  0.000e+00
   1308.500    274.205   4.050825     1.0363    -0.0722    272.518    26.4349    30.8471    12.4881    12.4851    4930.80    34.9224     1.7013     2.4313     28.385     75.979      7.709  0.000e+00
   1308.750    274.031   4.050979     1.0363    -0.0682    272.345    26.4334    30.8455    12.4910    12.4880    4930.82    34.9212     1.7015     2.4316     28.390     75.988      7.713  0.000e+00
   1309.000    273.870   4.051340     1.0367    -0.0563    272.185    26.4339    30.8460    12.4935    12.4905    4930.84    34.9224     1.7019     2.4322     28.399     76.008      7.713  0.000e+00
   1309.250    273.672   4.051854     1.0364    -0.0603    271.988    26.4352    30.8471    12.4964    12.4934    4930.87    34.9248     1.6999     2.4294     28.368     75.920      7.711  0.000e+00
   1309.500    273.504   4.052483     1.0370    -0.0623    271.822    26.4366    30.8484    12.5001    12.4971    4930.91    34.9275     1.7002     2.4297     28.374     75.929      7.712  0.000e+00
   1309.750    273.325   4.053038     1.0372    -0.0762    271.643    26.4363    30.8481    12.5049    12.5019    4930.96    34.9285     1.6999     2.4293     28.373     75.918      7.710  0.000e+00
   1310.000    273.157   4.053974     1.0379    -0.0722    271.477    26.4387    30.8503    12.5100    12.5070    4931.02    34.9328     1.7015     2.4316     28.404     75.990      7.713  0.000e+00
   1310.250    272.965   4.054214     1.0386    -0.0781    271.286    26.4343    30.8459    12.5168    12.5138    4931.07    34.9289     1.7041     2.4354     28.451     76.107      7.712  0.000e+00
   1310.500    272.779   4.054722     1.0382    -0.0623    271.102    26.4330    30.8444    12.5225    12.5195    4931.13    34.9286     1.7022     2.4326     28.422     76.021      7.710  0.000e+00
   1310.750    272.618   4.054903     1.0383    -0.0722    270.942    26.4296    30.8409    12.5277    12.5247    4931.16    34.9255     1.7022     2.4326     28.424     76.020      7.712  0.000e+00
   1311.000    272.432   4.055144     1.0383    -0.0682    270.757    26.4280    30.8393    12.5315    12.5285    4931.19    34.9244     1.7014     2.4315     28.413     75.984      7.710  0.000e+00
   1311.250    272.271   4.055779     1.0390    -0.0643    270.597    26.4299    30.8411    12.5346    12.5316    4931.23    34.9277     1.7041     2.4353     28.460     76.104      7.711  0.000e+00
   1311.500    272.116   4.055966     1.0392    -0.0682    270.443    26.4277    30.8388    12.5386    12.5356    4931.26    34.9259     1.7038     2.4349     28.458     76.093      7.712  0.000e+00
   1311.750    271.942   4.056267     1.0383    -0.0643    270.271    26.4268    30.8378    12.5422    12.5392    4931.29    34.9255     1.6989     2.4279     28.378     75.874      7.709  0.000e+00
   1312.000    271.775   4.056488     1.0384    -0.0841    270.104    26.4258    30.8368    12.5451    12.5421    4931.31    34.9250     1.6977     2.4262     28.360     75.821      7.712  0.000e+00
   1312.250    271.602   4.056668     1.0397    -0.0722    269.932    26.4244    30.8354    12.5481    12.5451    4931.33    34.9240     1.7026     2.4332     28.443     76.040      7.709  0.000e+00
   1312.500    271.440   4.056822     1.0396    -0.0623    269.772    26.4233    30.8342    12.5507    12.5477    4931.34    34.9232     1.7034     2.4343     28.457     76.072      7.711  0.000e+00
   1312.750    271.261   4.056849     1.0393    -0.0623    269.593    26.4217    30.8325    12.5527    12.5497    4931.35    34.9216     1.7020     2.4324     28.436     76.013      7.710  0.000e+00
   1313.000    271.075   4.056929     1.0395    -0.0623    269.409    26.4212    30.8320    12.5540    12.5510    4931.35    34.9213     1.7022     2.4326     28.439     76.021      7.711  0.000e+00
   1313.250    270.889   4.056875     1.0400    -0.0643    269.224    26.4199    30.8307    12.5550    12.5520    4931.35    34.9199     1.7040     2.4351     28.469     76.099      7.712  0.000e+00
   1313.500    270.703   4.056955     1.0402    -0.0781    269.039    26.4203    30.8311    12.5553    12.5523    4931.34    34.9205     1.7052     2.4369     28.490     76.154      7.712  0.000e+00
   1313.750    270.529   4.057096     1.0395    -0.0543    268.867    26.4207    30.8315    12.5560    12.5530    4931.35    34.9213     1.7027     2.4334     28.449     76.044      7.712  0.000e+00
   1314.000    270.343   4.057357     1.0404    -0.0702    268.682    26.4221    30.8328    12.5568    12.5537    4931.35    34.9232     1.7052     2.4369     28.492     76.156      7.709  0.000e+00
   1314.250    270.170   4.057751     1.0405    -0.0623    268.510    26.4236    30.8343    12.5584    12.5554    4931.37    34.9256     1.7046     2.4360     28.482     76.127      7.711  0.000e+00
   1314.500    269.996   4.057845     1.0409    -0.0702    268.338    26.4222    30.8328    12.5607    12.5577    4931.38    34.9244     1.7067     2.4390     28.519     76.221      7.710  0.000e+00
   1314.750    269.835   4.057945     1.0410    -0.0643    268.177    26.4210    30.8316    12.5629    12.5599    4931.39    34.9234     1.7078     2.4406     28.538     76.269      7.711  0.000e+00
   1315.000    269.668   4.058139     1.0412    -0.0762    268.011    26.4210    30.8315    12.5646    12.5616    4931.40    34.9237     1.7082     2.4412     28.546     76.288      7.711  0.000e+00
   1315.250    269.519   4.058333     1.0423    -0.0682    267.863    26.4210    30.8316    12.5661    12.5631    4931.41    34.9242     1.7130     2.4480     28.627     76.501      7.712  0.000e+00
   1315.500    269.358   4.058547     1.0410    -0.0861    267.703    26.4212    30.8316    12.5678    12.5648    4931.43    34.9248     1.7080     2.4409     28.545     76.280      7.712  0.000e+00
   1315.750    269.197   4.058681     1.0409    -0.0702    267.543    26.4203    30.8307    12.5699    12.5669    4931.44    34.9242     1.7070     2.4395     28.529     76.234      7.713  0.000e+00
   1316.000    269.035   4.058875     1.0411    -0.0722    267.383    26.4203    30.8307    12.5716    12.5685    4931.45    34.9246     1.7057     2.4376     28.509     76.177      7.712  0.000e+00
   1316.250    268.880   4.059135     1.0403    -0.0623    267.229    26.4205    30.8309    12.5735    12.5704    4931.46    34.9254     1.7013     2.4314     28.437     75.982      7.712  0.000e+00
   1316.500    268.713   4.059370     1.0409    -0.0543    267.063    26.4204    30.8307    12.5756    12.5726    4931.48    34.9258     1.7020     2.4324     28.450     76.013      7.713  0.000e+00
   1316.750    268.558   4.059450     1.0413    -0.0623    266.909    26.4188    30.8290    12.5781    12.5751    4931.49    34.9243     1.7034     2.4344     28.475     76.076      7.710  0.000e+00
   1317.000    268.403   4.059737     1.0412    -0.0702    266.755    26.4192    30.8294    12.5800    12.5770    4931.51    34.9254     1.7031     2.4339     28.470     76.059      7.714  0.000e+00
   1317.250    268.230   4.059972     1.0414    -0.0643    266.583    26.4193    30.8294    12.5819    12.5789    4931.52    34.9259     1.7038     2.4349     28.483     76.091      7.710  0.000e+00
   1317.500    268.087   4.060688     1.0411    -0.0543    266.441    26.4226    30.8327    12.5842    12.5811    4931.56    34.9308     1.7042     2.4354     28.491     76.108      7.711  0.000e+00
   1317.750    267.932   4.061263     1.0410    -0.0643    266.288    26.4236    30.8336    12.5878    12.5848    4931.60    34.9330     1.7037     2.4347     28.486     76.086      7.713  0.000e+00
   1318.000    267.771   4.061785     1.0407    -0.0623    266.127    26.4228    30.8327    12.5930    12.5899    4931.65    34.9333     1.7019     2.4322     28.459     76.007      7.714  0.000e+00
   1318.250    267.585   4.062641     1.0409    -0.0623    265.943    26.4246    30.8343    12.5981    12.5951    4931.71    34.9369     1.7021     2.4325     28.466     76.015      7.713  0.000e+00
   1318.500    267.418   4.063110     1.0422    -0.0623    265.777    26.4224    30.8320    12.6043    12.6013    4931.77    34.9357     1.7069     2.4393     28.550     76.231      7.713  0.000e+00
   1318.750    267.219   4.064736     1.0421    -0.0643    265.580    26.4290    30.8385    12.6104    12.6074    4931.86    34.9457     1.7066     2.4388     28.550     76.215      7.714  0.000e+00
   1319.000    267.027   4.065198     1.0425    -0.0861    265.389    26.4242    30.8336    12.6194    12.6164    4931.94    34.9419     1.7088     2.4420     28.591     76.314      7.709  0.000e+00
   1319.250    266.847   4.065667     1.0423    -0.0543    265.210    26.4197    30.8288    12.6283    12.6253    4932.01    34.9382     1.7086     2.4418     28.593     76.306      7.713  0.000e+00
   1319.500    266.637   4.066410     1.0420    -0.0643    265.001    26.4191    30.8281    12.6351    12.6320    4932.08    34.9392     1.7075     2.4402     28.579     76.257      7.712  0.000e+00
   1319.750    266.469   4.067153     1.0424    -0.0623    264.835    26.4184    30.8272    12.6420    12.6389    4932.15    34.9400     1.7085     2.4416     28.600     76.303      7.712  0.000e+00
   1320.000    266.290   4.068626     1.0434    -0.0643    264.656    26.4230    30.8317    12.6489    12.6459    4932.24    34.9478     1.7122     2.4468     28.666     76.465      7.712  0.000e+00
   1320.250    266.104   4.069215     1.0441    -0.0702    264.471    26.4193    30.8278    12.6578    12.6548    4932.32    34.9453     1.7148     2.4506     28.716     76.583      7.714  0.000e+00
   1320.500    265.930   4.070454     1.0445    -0.0643    264.299    26.4201    30.8284    12.6671    12.6641    4932.43    34.9487     1.7158     2.4520     28.738     76.627      7.713  0.000e+00
   1320.750    265.763   4.071586     1.0443    -0.0702    264.133    26.4198    30.8280    12.6766    12.6736    4932.53    34.9508     1.7154     2.4515     28.738     76.610      7.712  0.000e+00
   1321.000    265.620   4.072303     1.0444    -0.0543    263.991    26.4158    30.8237    12.6869    12.6839    4932.63    34.9482     1.7153     2.4514     28.742     76.607      7.711  0.000e+00
   1321.250    265.459   4.072410     1.0454    -0.0643    263.831    26.4077    30.8155    12.6967    12.6936    4932.70    34.9403     1.7194     2.4572     28.815     76.789      7.712  0.000e+00
   1321.500    265.304   4.073234     1.0465    -0.0623    263.677    26.4080    30.8157    12.7031    12.7001    4932.77    34.9422     1.7243     2.4642     28.901     77.006      7.713  0.000e+00
   1321.750    265.149   4.073817     1.0481    -0.0682    263.523    26.4070    30.8146    12.7089    12.7059    4932.82    34.9425     1.7309     2.4736     29.015     77.302      7.715  0.000e+00
   1322.000    264.969   4.074835     1.0475    -0.0643    263.345    26.4087    30.8161    12.7155    12.7124    4932.90    34.9463     1.7282     2.4698     28.975     77.182      7.713  0.000e+00
   1322.250    264.808   4.075277     1.0487    -0.0762    263.185    26.4054    30.8127    12.7227    12.7197    4932.96    34.9439     1.7330     2.4766     29.059     77.395      7.714  0.000e+00
   1322.500    264.628   4.075773     1.0501    -0.0643    263.006    26.4031    30.8102    12.7293    12.7263    4933.02    34.9426     1.7394     2.4858     29.170     77.682      7.713  0.000e+00
   1322.750    264.443   4.075967     1.0503    -0.0643    262.822    26.3993    30.8063    12.7351    12.7321    4933.06    34.9392     1.7408     2.4878     29.197     77.746      7.714  0.000e+00
   1323.000    264.250   4.076892     1.0503    -0.0762    262.631    26.4019    30.8089    12.7398    12.7367    4933.12    34.9438     1.7401     2.4868     29.189     77.714      7.714  0.000e+00
   1323.250    264.071   4.077321     1.0504    -0.0603    262.452    26.4003    30.8072    12.7451    12.7420    4933.16    34.9431     1.7379     2.4837     29.155     77.616      7.713  0.000e+00
   1323.500    263.885   4.077542     1.0525    -0.0643    262.267    26.3968    30.8036    12.7508    12.7477    4933.20    34.9401     1.7444     2.4929     29.266     77.903      7.713  0.000e+00
   1323.750    263.699   4.078219     1.0529    -0.0643    262.083    26.3980    30.8046    12.7551    12.7521    4933.25    34.9426     1.7453     2.4941     29.284     77.943      7.716  0.000e+00
   1324.000    263.531   4.078340     1.0518    -0.0781    261.917    26.3947    30.8012    12.7598    12.7567    4933.28    34.9395     1.7407     2.4876     29.209     77.738      7.714  0.000e+00
   1324.250    263.352   4.078836     1.0521    -0.0682    261.738    26.3945    30.8010    12.7640    12.7610    4933.32    34.9404     1.7390     2.4852     29.184     77.665      7.714  0.000e+00
   1324.500    263.203   4.079493     1.0548    -0.0543    261.590    26.3963    30.8027    12.7674    12.7644    4933.36    34.9436     1.7491     2.4996     29.355     78.113      7.713  0.000e+00
   1324.750    263.036   4.079915     1.0538    -0.0623    261.424    26.3952    30.8015    12.7721    12.7691    4933.41    34.9434     1.7454     2.4944     29.297     77.951      7.714  0.000e+00
   1325.000    262.850   4.080357     1.0543    -0.0682    261.239    26.3939    30.8001    12.7772    12.7742    4933.45    34.9430     1.7469     2.4964     29.324     78.015      7.718  0.000e+00
   1325.250    262.676   4.080847     1.0547    -0.0603    261.067    26.3935    30.7996    12.7817    12.7786    4933.49    34.9436     1.7472     2.4970     29.333     78.031      7.718  0.000e+00
   1325.500    262.490   4.081323     1.0551    -0.0722    260.882    26.3927    30.7987    12.7865    12.7834    4933.54    34.9438     1.7469     2.4964     29.330     78.015      7.713  0.000e+00
   1325.750    262.304   4.081711     1.0553    -0.0524    260.698    26.3913    30.7972    12.7912    12.7881    4933.58    34.9433     1.7479     2.4979     29.350     78.060      7.717  0.000e+00
   1326.000    262.131   4.081986     1.0558    -0.0543    260.525    26.3894    30.7952    12.7956    12.7925    4933.61    34.9419     1.7503     2.5013     29.392     78.167      7.713  0.000e+00
   1326.250    261.945   4.082268     1.0565    -0.0762    260.341    26.3879    30.7936    12.7996    12.7965    4933.64    34.9410     1.7513     2.5027     29.411     78.211      7.716  0.000e+00
