cruises/baja2025/cnv/20250420_cast2.cnv
* Sea-Bird SBE19plus Data File:
* FileName = C:\Users\ScienceTech\OneDrive - Western Flyer Foundation\Desktop\ProfilingCTD\data\20250420_PuntaRefugioDeep_cast9.hex
* Software Version 1.59
* Temperature SN =  8289
* Conductivity SN =  8289
* System UpLoad Time = Apr 20 2025 16:11:05
** PuntaRefugio
** 4/20/2025
** 2230 UT
** 29 39.274'N
** 113 35.438'W
** ~310 m water depth
# nquan = 18
# nvalues = 6314                                  
# units = specified
# name 0 = timeS: Time, Elapsed [seconds]
# name 1 = prdM: Pressure, Strain Gauge [db]
# name 2 = c0S/m: Conductivity [S/m]
# name 3 = sbeox0V: Oxygen raw, SBE 43 [V]
# name 4 = flECO-AFL: Fluorescence, WET Labs ECO-AFL/FL [mg/m^3]
# name 5 = depSM: Depth [salt water, m], lat = 0.00
# name 6 = sigma-t00: Density [sigma-t, kg/m^3 ]
# name 7 = sigma-100: Density [sigma-1, kg/m^3 ]
# name 8 = tv268C: Temperature [IPTS-68, deg C]
# name 9 = tv290C: Temperature [ITS-90, deg C]
# name 10 = svCF: Sound Velocity [Chen-Millero, ft/s]
# name 11 = sal00: Salinity, Practical [PSU]
# name 12 = sbeox0ML/L: Oxygen, SBE 43 [ml/l]
# name 13 = sbeox0Mg/L: Oxygen, SBE 43 [mg/l]
# name 14 = sbeox0PS: Oxygen, SBE 43 [% saturation]
# name 15 = sbeox0Mm/L: Oxygen, SBE 43 [umol/l]
# name 16 = ph: pH
# name 17 = flag:  0.000e+00
# span 0 =      0.000,   1578.250                 
# span 1 =     -0.128,    319.208                 
# span 2 =  -0.519925,   4.846772                 
# span 3 =     1.0155,     3.2628                 
# span 4 =    -0.1654,   128.7019                 
# span 5 =     -0.127,    317.209                 
# span 6 =    -3.1709,    26.9238                 
# span 7 =     1.2284,    31.2243                 
# span 8 =    12.7782,    25.8411                 
# span 9 =    12.7751,    25.8349                 
# span 10 =    4842.09,    5006.23                
# span 11 =     0.0000,    37.0004                
# span 12 =     1.6169,     7.9274                
# span 13 =     2.3107,    11.3291                
# span 14 =     27.154,    151.561                
# span 15 =     72.210,    354.040                
# span 16 =      7.308,      8.168                
# span 17 = 0.0000e+00, 0.0000e+00                
# interval = seconds: 0.25
# start_time = Apr 20 2025 15:20:31 [Instrument's time stamp, header]
# bad_flag = -9.990e-29
*END*
[from data line 3377]
    844.250    176.814   4.151129     1.3086    -0.0623    175.768    26.3215    30.7118    13.4559    13.4527    4936.50    35.0266     2.5054     3.5805     42.671    111.893      7.764  0.000e+00
    844.500    176.969   4.151069     1.3079    -0.0762    175.922    26.3221    30.7124    13.4547    13.4515    4936.49    35.0271     2.5044     3.5790     42.651    111.845      7.764  0.000e+00
    844.750    177.112   4.150988     1.3072    -0.0682    176.063    26.3225    30.7128    13.4536    13.4504    4936.49    35.0273     2.5036     3.5779     42.637    111.810      7.766  0.000e+00
    845.000    177.254   4.150954     1.3083    -0.0722    176.205    26.3232    30.7135    13.4525    13.4493    4936.49    35.0279     2.5086     3.5850     42.721    112.032      7.760  0.000e+00
    845.250    177.409   4.150927     1.3075    -0.0623    176.359    26.3235    30.7138    13.4519    13.4487    4936.49    35.0281     2.5066     3.5822     42.687    111.945      7.762  0.000e+00
    845.500    177.577   4.150988     1.3077    -0.0702    176.525    26.3244    30.7147    13.4514    13.4482    4936.50    35.0291     2.5081     3.5843     42.712    112.012      7.765  0.000e+00
    845.750    177.751   4.150988     1.3070    -0.0781    176.698    26.3245    30.7148    13.4513    13.4480    4936.51    35.0292     2.5047     3.5795     42.655    111.862      7.762  0.000e+00
    846.000    177.949   4.150846     1.3067    -0.0781    176.895    26.3235    30.7139    13.4511    13.4479    4936.51    35.0279     2.5040     3.5785     42.642    111.829      7.763  0.000e+00
    846.250    178.135   4.150731     1.3067    -0.0781    177.080    26.3230    30.7134    13.4507    13.4474    4936.51    35.0272     2.5042     3.5788     42.645    111.838      7.759  0.000e+00
    846.500    178.321   4.150590     1.3062    -0.0781    177.265    26.3227    30.7131    13.4498    13.4466    4936.51    35.0265     2.5026     3.5765     42.617    111.768      7.762  0.000e+00
    846.750    178.494   4.150421     1.3054    -0.0722    177.437    26.3224    30.7128    13.4488    13.4455    4936.51    35.0258     2.4992     3.5716     42.557    111.613      7.764  0.000e+00
    847.000    178.668   4.150367     1.3050    -0.0722    177.610    26.3232    30.7136    13.4474    13.4442    4936.51    35.0265     2.4963     3.5674     42.507    111.484      7.765  0.000e+00
    847.250    178.829   4.150421     1.3046    -0.0781    177.770    26.3246    30.7151    13.4462    13.4430    4936.51    35.0280     2.4950     3.5656     42.485    111.427      7.759  0.000e+00
    847.500    179.009   4.150421     1.3034    -0.0781    177.948    26.3251    30.7156    13.4456    13.4424    4936.51    35.0285     2.4897     3.5580     42.394    111.190      7.764  0.000e+00
    847.750    179.189   4.150253     1.3029    -0.0702    178.127    26.3242    30.7147    13.4452    13.4420    4936.51    35.0272     2.4874     3.5547     42.353    111.085      7.760  0.000e+00
    848.000    179.368   4.150138     1.3020    -0.0762    178.306    26.3239    30.7144    13.4446    13.4413    4936.51    35.0266     2.4832     3.5487     42.282    110.899      7.760  0.000e+00
    848.250    179.567   4.150084     1.3018    -0.0563    178.503    26.3243    30.7149    13.4436    13.4403    4936.51    35.0270     2.4822     3.5474     42.265    110.857      7.761  0.000e+00
    848.500    179.747   4.150030     1.3024    -0.0781    178.681    26.3246    30.7151    13.4428    13.4396    4936.52    35.0271     2.4853     3.5518     42.317    110.995      7.761  0.000e+00
    848.750    179.933   4.150057     1.3012    -0.0781    178.866    26.3255    30.7161    13.4420    13.4388    4936.52    35.0280     2.4823     3.5474     42.264    110.858      7.758  0.000e+00
    849.000    180.075   4.150030     1.3009    -0.0781    179.008    26.3256    30.7162    13.4416    13.4384    4936.53    35.0280     2.4818     3.5468     42.257    110.839      7.759  0.000e+00
    849.250    180.255   4.150017     1.2995    -0.0861    179.187    26.3256    30.7162    13.4414    13.4382    4936.53    35.0280     2.4769     3.5397     42.172    110.617      7.761  0.000e+00
    849.500    180.392   4.149747     1.3002    -0.0623    179.322    26.3239    30.7146    13.4410    13.4378    4936.53    35.0258     2.4809     3.5454     42.239    110.796      7.764  0.000e+00
    849.750    180.571   4.149436     1.2994    -0.0682    179.501    26.3224    30.7131    13.4401    13.4369    4936.52    35.0236     2.4784     3.5419     42.196    110.685      7.761  0.000e+00
    850.000    180.745   4.149268     1.2994    -0.0801    179.673    26.3229    30.7137    13.4381    13.4349    4936.51    35.0237     2.4790     3.5428     42.204    110.713      7.759  0.000e+00
    850.250    180.912   4.148593     1.2979    -0.0781    179.840    26.3200    30.7108    13.4359    13.4327    4936.48    35.0194     2.4729     3.5340     42.097    110.440      7.761  0.000e+00
    850.500    181.098   4.148167     1.2973    -0.0702    180.024    26.3198    30.7107    13.4326    13.4294    4936.45    35.0183     2.4703     3.5303     42.050    110.325      7.762  0.000e+00
    850.750    181.278   4.148100     1.2966    -0.0781    180.203    26.3229    30.7139    13.4287    13.4254    4936.42    35.0212     2.4684     3.5276     42.015    110.239      7.761  0.000e+00
    851.000    181.452   4.148026     1.2962    -0.0702    180.376    26.3253    30.7163    13.4254    13.4222    4936.41    35.0234     2.4670     3.5256     41.989    110.177      7.759  0.000e+00
    851.250    181.619   4.147769     1.2950    -0.0722    180.542    26.3253    30.7163    13.4233    13.4201    4936.39    35.0229     2.4625     3.5192     41.911    109.977      7.761  0.000e+00
    851.500    181.799   4.147601     1.2936    -0.0841    180.721    26.3258    30.7169    13.4213    13.4181    4936.38    35.0230     2.4554     3.5090     41.788    109.658      7.759  0.000e+00
    851.750    181.948   4.147743     1.2912    -0.0801    180.868    26.3286    30.7197    13.4194    13.4162    4936.38    35.0261     2.4453     3.4946     41.615    109.207      7.763  0.000e+00
    852.000    182.115   4.147716     1.2891    -0.0702    181.035    26.3292    30.7203    13.4185    13.4153    4936.38    35.0266     2.4353     3.4802     41.444    108.759      7.760  0.000e+00
    852.250    182.289   4.147689     1.2886    -0.0801    181.207    26.3292    30.7203    13.4182    13.4150    4936.39    35.0265     2.4323     3.4760     41.392    108.625      7.761  0.000e+00
    852.500    182.456   4.147547     1.2869    -0.0643    181.373    26.3282    30.7194    13.4180    13.4148    4936.39    35.0252     2.4243     3.4646     41.257    108.270      7.758  0.000e+00
    852.750    182.636   4.147297     1.2862    -0.0781    181.552    26.3271    30.7183    13.4172    13.4140    4936.38    35.0236     2.4213     3.4603     41.205    108.137      7.761  0.000e+00
    853.000    182.834   4.147041     1.2853    -0.0643    181.749    26.3264    30.7176    13.4158    13.4126    4936.37    35.0223     2.4190     3.4570     41.164    108.034      7.760  0.000e+00
    853.250    183.033   4.146393     1.2860    -0.0702    181.946    26.3234    30.7147    13.4139    13.4107    4936.35    35.0179     2.4250     3.4655     41.262    108.298      7.758  0.000e+00
    853.500    183.231   4.146164     1.2863    -0.0702    182.144    26.3250    30.7163    13.4103    13.4071    4936.32    35.0190     2.4311     3.4742     41.363    108.571      7.757  0.000e+00
    853.750    183.417   4.145833     1.2865    -0.0722    182.328    26.3255    30.7169    13.4070    13.4038    4936.30    35.0188     2.4375     3.4835     41.470    108.860      7.758  0.000e+00
    854.000    183.578   4.145604     1.2856    -0.0702    182.489    26.3268    30.7182    13.4037    13.4005    4936.27    35.0196     2.4381     3.4842     41.477    108.883      7.759  0.000e+00
    854.250    183.746   4.145577     1.2841    -0.0702    182.655    26.3292    30.7207    13.4008    13.3976    4936.26    35.0219     2.4337     3.4780     41.401    108.689      7.760  0.000e+00
    854.500    183.907   4.145435     1.2840    -0.0702    182.815    26.3301    30.7217    13.3986    13.3954    4936.25    35.0225     2.4346     3.4792     41.414    108.727      7.758  0.000e+00
    854.750    184.062   4.145294     1.2833    -0.0603    182.969    26.3304    30.7220    13.3971    13.3939    4936.24    35.0225     2.4316     3.4750     41.362    108.594      7.760  0.000e+00
    855.000    184.242   4.145152     1.2824    -0.0781    183.148    26.3306    30.7223    13.3957    13.3925    4936.23    35.0224     2.4269     3.4683     41.281    108.386      7.758  0.000e+00
    855.250    184.415   4.145037     1.2816    -0.0702    183.320    26.3310    30.7226    13.3943    13.3911    4936.23    35.0225     2.4215     3.4605     41.188    108.143      7.760  0.000e+00
    855.500    184.595   4.144984     1.2814    -0.0643    183.499    26.3317    30.7234    13.3930    13.3898    4936.23    35.0231     2.4197     3.4579     41.156    108.062      7.757  0.000e+00
    855.750    184.769   4.144876     1.2810    -0.0861    183.671    26.3320    30.7237    13.3918    13.3885    4936.22    35.0232     2.4186     3.4564     41.136    108.014      7.755  0.000e+00
    856.000    184.955   4.144761     1.2802    -0.0801    183.856    26.3322    30.7240    13.3906    13.3873    4936.22    35.0231     2.4172     3.4544     41.112    107.952      7.759  0.000e+00
    856.250    185.147   4.144673     1.2794    -0.0801    184.047    26.3323    30.7241    13.3896    13.3864    4936.22    35.0230     2.4151     3.4514     41.075    107.858      7.757  0.000e+00
    856.500    185.302   4.144397     1.2786    -0.0762    184.201    26.3310    30.7228    13.3888    13.3856    4936.21    35.0211     2.4121     3.4471     41.023    107.725      7.760  0.000e+00
    856.750    185.482   4.144282     1.2781    -0.0643    184.380    26.3314    30.7233    13.3874    13.3842    4936.21    35.0213     2.4106     3.4451     40.997    107.660      7.760  0.000e+00
    857.000    185.643   4.144114     1.2768    -0.0702    184.540    26.3317    30.7236    13.3857    13.3825    4936.20    35.0212     2.4060     3.4385     40.917    107.453      7.758  0.000e+00
    857.250    185.810   4.143972     1.2761    -0.0722    184.706    26.3322    30.7241    13.3839    13.3807    4936.19    35.0214     2.4032     3.4344     40.867    107.326      7.758  0.000e+00
    857.500    185.984   4.143945     1.2765    -0.0781    184.879    26.3332    30.7252    13.3826    13.3794    4936.19    35.0223     2.4051     3.4371     40.898    107.410      7.759  0.000e+00
    857.750    186.157   4.143979     1.2753    -0.0722    185.051    26.3343    30.7263    13.3816    13.3784    4936.19    35.0234     2.4012     3.4316     40.832    107.238      7.756  0.000e+00
    858.000    186.325   4.143972     1.2755    -0.0702    185.218    26.3347    30.7266    13.3811    13.3779    4936.19    35.0238     2.4030     3.4342     40.863    107.320      7.757  0.000e+00
    858.250    186.511   4.143945     1.2754    -0.0861    185.402    26.3348    30.7267    13.3807    13.3775    4936.20    35.0238     2.4045     3.4363     40.888    107.386      7.757  0.000e+00
    858.500    186.697   4.143999     1.2747    -0.0702    185.587    26.3352    30.7272    13.3805    13.3773    4936.21    35.0244     2.4034     3.4347     40.869    107.337      7.755  0.000e+00
    858.750    186.889   4.143999     1.2756    -0.0801    185.778    26.3353    30.7272    13.3805    13.3773    4936.22    35.0244     2.4087     3.4423     40.959    107.573      7.758  0.000e+00
    859.000    187.050   4.143979     1.2737    -0.0722    185.938    26.3350    30.7270    13.3805    13.3773    4936.23    35.0240     2.4029     3.4340     40.861    107.314      7.756  0.000e+00
    859.250    187.224   4.143946     1.2735    -0.0722    186.111    26.3348    30.7268    13.3804    13.3772    4936.24    35.0238     2.4017     3.4323     40.841    107.262      7.757  0.000e+00
    859.500    187.409   4.143919     1.2736    -0.0643    186.295    26.3347    30.7267    13.3802    13.3770    4936.24    35.0236     2.4016     3.4321     40.838    107.256      7.755  0.000e+00
    859.750    187.565   4.143973     1.2730    -0.0801    186.449    26.3352    30.7272    13.3801    13.3769    4936.25    35.0242     2.3999     3.4296     40.809    107.178      7.758  0.000e+00
    860.000    187.738   4.143831     1.2731    -0.0702    186.622    26.3341    30.7261    13.3801    13.3769    4936.26    35.0228     2.4001     3.4300     40.812    107.189      7.757  0.000e+00
    860.250    187.924   4.143804     1.2730    -0.0781    186.807    26.3342    30.7262    13.3797    13.3765    4936.26    35.0228     2.4000     3.4298     40.810    107.184      7.757  0.000e+00
    860.500    188.085   4.143946     1.2727    -0.0781    186.967    26.3357    30.7278    13.3791    13.3759    4936.27    35.0246     2.3996     3.4293     40.804    107.166      7.755  0.000e+00
    860.750    188.259   4.143858     1.2730    -0.0762    187.139    26.3349    30.7270    13.3792    13.3760    4936.28    35.0236     2.4013     3.4318     40.833    107.244      7.757  0.000e+00
    861.000    188.439   4.143750     1.2727    -0.0722    187.318    26.3342    30.7262    13.3791    13.3759    4936.28    35.0226     2.4025     3.4334     40.852    107.295      7.753  0.000e+00
    861.250    188.606   4.143750     1.2724    -0.0841    187.484    26.3346    30.7267    13.3786    13.3754    4936.29    35.0230     2.4019     3.4325     40.841    107.267      7.757  0.000e+00
    861.500    188.786   4.143683     1.2727    -0.0722    187.663    26.3344    30.7265    13.3782    13.3750    4936.29    35.0227     2.4030     3.4342     40.861    107.320      7.758  0.000e+00
    861.750    188.972   4.143494     1.2728    -0.0920    187.848    26.3334    30.7256    13.3777    13.3745    4936.29    35.0213     2.4045     3.4362     40.884    107.383      7.756  0.000e+00
    862.000    189.152   4.143353     1.2728    -0.0801    188.026    26.3332    30.7254    13.3767    13.3735    4936.29    35.0208     2.4048     3.4367     40.889    107.398      7.754  0.000e+00
    862.250    189.325   4.143353     1.2727    -0.0722    188.199    26.3343    30.7265    13.3754    13.3722    4936.29    35.0219     2.4050     3.4371     40.892    107.409      7.753  0.000e+00
    862.500    189.499   4.143414     1.2720    -0.0722    188.371    26.3354    30.7276    13.3747    13.3715    4936.29    35.0231     2.4025     3.4333     40.848    107.293      7.757  0.000e+00
    862.750    189.660   4.143353     1.2729    -0.0722    188.531    26.3352    30.7274    13.3744    13.3712    4936.30    35.0227     2.4055     3.4377     40.900    107.431      7.756  0.000e+00
    863.000    189.834   4.143299     1.2728    -0.0702    188.704    26.3352    30.7274    13.3739    13.3706    4936.30    35.0226     2.4059     3.4383     40.906    107.448      7.754  0.000e+00
    863.250    190.007   4.143211     1.2714    -0.0643    188.876    26.3349    30.7271    13.3735    13.3703    4936.30    35.0220     2.3999     3.4297     40.804    107.181      7.755  0.000e+00
    863.500    190.187   4.143103     1.2709    -0.0623    189.055    26.3344    30.7266    13.3731    13.3699    4936.31    35.0213     2.3967     3.4252     40.749    107.038      7.755  0.000e+00
    863.750    190.354   4.142989     1.2701    -0.0781    189.221    26.3343    30.7266    13.3722    13.3690    4936.31    35.0210     2.3921     3.4186     40.670    106.833      7.755  0.000e+00
    864.000    190.534   4.143097     1.2704    -0.0643    189.400    26.3359    30.7282    13.3712    13.3680    4936.31    35.0228     2.3924     3.4190     40.675    106.846      7.754  0.000e+00
