cruises/baja2025/cnv/20250420_cast2.cnv
* Sea-Bird SBE19plus Data File:
* FileName = C:\Users\ScienceTech\OneDrive - Western Flyer Foundation\Desktop\ProfilingCTD\data\20250420_PuntaRefugioDeep_cast9.hex
* Software Version 1.59
* Temperature SN =  8289
* Conductivity SN =  8289
* System UpLoad Time = Apr 20 2025 16:11:05
** PuntaRefugio
** 4/20/2025
** 2230 UT
** 29 39.274'N
** 113 35.438'W
** ~310 m water depth
# nquan = 18
# nvalues = 6314                                  
# units = specified
# name 0 = timeS: Time, Elapsed [seconds]
# name 1 = prdM: Pressure, Strain Gauge [db]
# name 2 = c0S/m: Conductivity [S/m]
# name 3 = sbeox0V: Oxygen raw, SBE 43 [V]
# name 4 = flECO-AFL: Fluorescence, WET Labs ECO-AFL/FL [mg/m^3]
# name 5 = depSM: Depth [salt water, m], lat = 0.00
# name 6 = sigma-t00: Density [sigma-t, kg/m^3 ]
# name 7 = sigma-100: Density [sigma-1, kg/m^3 ]
# name 8 = tv268C: Temperature [IPTS-68, deg C]
# name 9 = tv290C: Temperature [ITS-90, deg C]
# name 10 = svCF: Sound Velocity [Chen-Millero, ft/s]
# name 11 = sal00: Salinity, Practical [PSU]
# name 12 = sbeox0ML/L: Oxygen, SBE 43 [ml/l]
# name 13 = sbeox0Mg/L: Oxygen, SBE 43 [mg/l]
# name 14 = sbeox0PS: Oxygen, SBE 43 [% saturation]
# name 15 = sbeox0Mm/L: Oxygen, SBE 43 [umol/l]
# name 16 = ph: pH
# name 17 = flag:  0.000e+00
# span 0 =      0.000,   1578.250                 
# span 1 =     -0.128,    319.208                 
# span 2 =  -0.519925,   4.846772                 
# span 3 =     1.0155,     3.2628                 
# span 4 =    -0.1654,   128.7019                 
# span 5 =     -0.127,    317.209                 
# span 6 =    -3.1709,    26.9238                 
# span 7 =     1.2284,    31.2243                 
# span 8 =    12.7782,    25.8411                 
# span 9 =    12.7751,    25.8349                 
# span 10 =    4842.09,    5006.23                
# span 11 =     0.0000,    37.0004                
# span 12 =     1.6169,     7.9274                
# span 13 =     2.3107,    11.3291                
# span 14 =     27.154,    151.561                
# span 15 =     72.210,    354.040                
# span 16 =      7.308,      8.168                
# span 17 = 0.0000e+00, 0.0000e+00                
# interval = seconds: 0.25
# start_time = Apr 20 2025 15:20:31 [Instrument's time stamp, header]
# bad_flag = -9.990e-29
*END*
[from data line 1609]
    402.250      1.016   4.794910     2.9613     0.1242      1.010    25.2508    29.5278    19.4852    19.4805    4988.73    35.4625     6.7257     9.6117    129.087    300.369      8.133  0.000e+00
    402.500      1.010   4.794974     2.9640     0.1341      1.004    25.2505    29.5276    19.4859    19.4812    4988.73    35.4624     6.7282     9.6153    129.138    300.483      8.129  0.000e+00
    402.750      1.022   4.795039     2.9664     0.1143      1.017    25.2506    29.5276    19.4863    19.4816    4988.74    35.4626     6.7337     9.6231    129.244    300.727      8.130  0.000e+00
    403.000      1.010   4.794974     2.9660     0.1282      1.004    25.2498    29.5269    19.4867    19.4820    4988.74    35.4618     6.7329     9.6219    129.228    300.689      8.132  0.000e+00
    403.250      1.022   4.795132     2.9685     0.1242      1.017    25.2505    29.5275    19.4870    19.4824    4988.74    35.4627     6.7433     9.6369    129.431    301.157      8.130  0.000e+00
    403.500      1.029   4.795390     2.9702     0.1202      1.023    25.2519    29.5289    19.4873    19.4826    4988.75    35.4647     6.7528     9.6505    129.616    301.582      8.132  0.000e+00
    403.750      1.023   4.795878     2.9719     0.1361      1.017    25.2543    29.5313    19.4880    19.4834    4988.77    35.4681     6.7633     9.6654    129.821    302.049      8.130  0.000e+00
    404.000      1.023   4.795684     2.9722     0.1282      1.017    25.2507    29.5277    19.4906    19.4860    4988.78    35.4643     6.7678     9.6718    129.910    302.249      8.132  0.000e+00
    404.250      1.011   4.795555     2.9725     0.1341      1.005    25.2486    29.5255    19.4921    19.4874    4988.79    35.4619     6.7700     9.6750    129.955    302.349      8.131  0.000e+00
    404.500      0.992   4.795361     2.9734     0.1301      0.987    25.2475    29.5245    19.4919    19.4872    4988.78    35.4605     6.7705     9.6757    129.962    302.369      8.130  0.000e+00
    404.750      0.974   4.795003     2.9737     0.1361      0.968    25.2456    29.5226    19.4916    19.4869    4988.77    35.4578     6.7698     9.6747    129.946    302.338      8.129  0.000e+00
    405.000      0.949   4.794831     2.9743     0.1301      0.944    25.2460    29.5230    19.4899    19.4852    4988.75    35.4578     6.7708     9.6762    129.961    302.384      8.131  0.000e+00
    405.250      0.949   4.794874     2.9753     0.1242      0.944    25.2485    29.5255    19.4875    19.4828    4988.74    35.4602     6.7719     9.6777    129.979    302.433      8.129  0.000e+00
    405.500      0.962   4.795132     2.9745     0.1301      0.956    25.2511    29.5282    19.4864    19.4817    4988.74    35.4633     6.7677     9.6718    129.898    302.247      8.130  0.000e+00
    405.750      0.974   4.795132     2.9755     0.1242      0.969    25.2512    29.5282    19.4863    19.4816    4988.74    35.4634     6.7697     9.6745    129.935    302.333      8.133  0.000e+00
    406.000      0.999   4.795168     2.9760     0.1143      0.993    25.2509    29.5279    19.4868    19.4822    4988.74    35.4632     6.7711     9.6766    129.964    302.398      8.131  0.000e+00
    406.250      1.018   4.794716     2.9758     0.1301      1.012    25.2474    29.5245    19.4875    19.4828    4988.73    35.4589     6.7703     9.6754    129.946    302.361      8.131  0.000e+00
    406.500      1.055   4.794587     2.9755     0.1242      1.049    25.2473    29.5244    19.4868    19.4821    4988.73    35.4584     6.7685     9.6729    129.911    302.283      8.132  0.000e+00
    406.750      1.043   4.794939     2.9763     0.1341      1.037    25.2504    29.5275    19.4857    19.4811    4988.73    35.4622     6.7703     9.6755    129.946    302.363      8.131  0.000e+00
    407.000      1.055   4.794616     2.9786     0.1242      1.049    25.2487    29.5258    19.4854    19.4807    4988.72    35.4599     6.7778     9.6861    130.086    302.696      8.131  0.000e+00
    407.250      1.043   4.794523     2.9777     0.1361      1.037    25.2490    29.5261    19.4844    19.4798    4988.71    35.4599     6.7755     9.6828    130.039    302.592      8.131  0.000e+00
    407.500      1.012   4.795003     2.9763     0.1916      1.007    25.2525    29.5295    19.4840    19.4793    4988.72    35.4643     6.7710     9.6764    129.955    302.391      8.132  0.000e+00
    407.750      0.993   4.794910     2.9753     0.1817      0.988    25.2514    29.5284    19.4845    19.4799    4988.72    35.4630     6.7661     9.6694    129.862    302.174      8.132  0.000e+00
    408.000      0.987   4.794939     2.9730     0.1936      0.982    25.2510    29.5280    19.4852    19.4805    4988.73    35.4627     6.7568     9.6561    129.685    301.758      8.130  0.000e+00
    408.250      0.994   4.795003     2.9709     0.1877      0.988    25.2511    29.5282    19.4855    19.4808    4988.73    35.4630     6.7474     9.6427    129.505    301.338      8.131  0.000e+00
    408.500      0.988   4.794874     2.9687     0.1500      0.982    25.2496    29.5267    19.4862    19.4815    4988.73    35.4613     6.7373     9.6282    129.312    300.887      8.132  0.000e+00
    408.750      1.000   4.794874     2.9698     0.1500      0.995    25.2495    29.5266    19.4863    19.4816    4988.73    35.4612     6.7377     9.6288    129.320    300.906      8.132  0.000e+00
    409.000      0.994   4.794874     2.9716     0.1599      0.989    25.2500    29.5270    19.4858    19.4812    4988.73    35.4616     6.7428     9.6361    129.417    301.133      8.131  0.000e+00
    409.250      1.000   4.794845     2.9724     0.1659      0.995    25.2500    29.5271    19.4856    19.4809    4988.73    35.4616     6.7485     9.6443    129.527    301.390      8.129  0.000e+00
    409.500      0.994   4.795297     2.9712     0.1718      0.989    25.2530    29.5300    19.4855    19.4808    4988.74    35.4655     6.7479     9.6434    129.517    301.360      8.131  0.000e+00
    409.750      0.976   4.795426     2.9705     0.1559      0.970    25.2528    29.5298    19.4866    19.4819    4988.75    35.4656     6.7482     9.6438    129.525    301.373      8.131  0.000e+00
    410.000      0.945   4.796200     2.9694     0.1599      0.939    25.2560    29.5330    19.4884    19.4837    4988.78    35.4705     6.7465     9.6414    129.501    301.299      8.133  0.000e+00
    410.250      0.926   4.796100     2.9695     0.1500      0.921    25.2522    29.5291    19.4919    19.4872    4988.80    35.4667     6.7473     9.6425    129.521    301.334      8.131  0.000e+00
    410.500      0.895   4.796587     2.9704     0.1619      0.890    25.2530    29.5299    19.4944    19.4897    4988.83    35.4686     6.7497     9.6460    129.575    301.442      8.134  0.000e+00
    410.750      0.895   4.797519     2.9710     0.1599      0.890    25.2566    29.5334    19.4970    19.4923    4988.87    35.4741     6.7499     9.6462    129.589    301.449      8.132  0.000e+00
    411.000      0.895   4.798121     2.9706     0.1599      0.890    25.2559    29.5326    19.5020    19.4973    4988.92    35.4749     6.7471     9.6424    129.549    301.328      8.133  0.000e+00
    411.250      0.926   4.798071     2.9721     0.1778      0.921    25.2506    29.5273    19.5074    19.5028    4988.95    35.4698     6.7524     9.6499    129.660    301.563      8.130  0.000e+00
    411.500      0.976   4.798651     2.9733     0.1659      0.970    25.2506    29.5273    19.5114    19.5067    4989.00    35.4712     6.7582     9.6582    129.781    301.822      8.131  0.000e+00
    411.750      1.019   4.798974     2.9738     0.1817      1.013    25.2495    29.5260    19.5149    19.5102    4989.03    35.4709     6.7614     9.6628    129.851    301.965      8.132  0.000e+00
    412.000      1.038   4.799067     2.9730     0.1817      1.032    25.2469    29.5234    19.5184    19.5138    4989.06    35.4687     6.7594     9.6598    129.818    301.873      8.133  0.000e+00
    412.250      1.044   4.799583     2.9709     0.1936      1.038    25.2475    29.5240    19.5213    19.5166    4989.09    35.4705     6.7509     9.6477    129.664    301.496      8.130  0.000e+00
    412.500      1.056   4.799619     2.9687     0.1996      1.050    25.2452    29.5216    19.5242    19.5195    4989.11    35.4684     6.7411     9.6337    129.480    301.056      8.133  0.000e+00
    412.750      1.025   4.799232     2.9661     0.1659      1.020    25.2404    29.5168    19.5268    19.5221    4989.11    35.4630     6.7293     9.6168    129.256    300.529      8.132  0.000e+00
    413.000      0.982   4.799038     2.9655     0.1718      0.977    25.2389    29.5153    19.5270    19.5223    4989.10    35.4612     6.7239     9.6092    129.152    300.290      8.131  0.000e+00
    413.250      0.964   4.798744     2.9674     0.1599      0.958    25.2382    29.5147    19.5257    19.5211    4989.09    35.4598     6.7275     9.6143    129.217    300.451      8.129  0.000e+00
    413.500      0.970   4.798651     2.9673     0.1599      0.965    25.2388    29.5153    19.5244    19.5198    4989.08    35.4602     6.7270     9.6136    129.205    300.430      8.133  0.000e+00
    413.750      0.964   4.798938     2.9707     0.1678      0.959    25.2421    29.5186    19.5228    19.5181    4989.07    35.4640     6.7404     9.6327    129.461    301.027      8.131  0.000e+00
    414.000      0.976   4.798952     2.9717     0.1301      0.971    25.2426    29.5191    19.5223    19.5176    4989.07    35.4645     6.7485     9.6443    129.617    301.390      8.135  0.000e+00
    414.250      0.983   4.797454     2.9746     0.1242      0.977    25.2331    29.5097    19.5223    19.5176    4989.03    35.4520     6.7640     9.6664    129.903    302.078      8.133  0.000e+00
    414.500      0.989   4.798035     2.9748     0.1202      0.984    25.2402    29.5167    19.5186    19.5139    4989.02    35.4600     6.7696     9.6744    130.008    302.328      8.133  0.000e+00
    414.750      0.971   4.798071     2.9735     0.1301      0.965    25.2428    29.5194    19.5160    19.5113    4989.01    35.4625     6.7680     9.6721    129.973    302.257      8.133  0.000e+00
    415.000      0.946   4.798135     2.9738     0.2512      0.941    25.2439    29.5205    19.5152    19.5105    4989.00    35.4638     6.7681     9.6723    129.975    302.265      8.135  0.000e+00
    415.250      0.909   4.798099     2.9761     0.2710      0.904    25.2440    29.5206    19.5149    19.5102    4989.00    35.4637     6.7733     9.6797    130.074    302.495      8.133  0.000e+00
    415.500      0.922   4.798071     2.9783     0.2611      0.917    25.2440    29.5206    19.5147    19.5101    4989.00    35.4636     6.7793     9.6883    130.188    302.763      8.132  0.000e+00
    415.750      0.922   4.797684     2.9782     0.2670      0.917    25.2416    29.5182    19.5146    19.5100    4988.98    35.4605     6.7773     9.6855    130.148    302.675      8.132  0.000e+00
    416.000      0.978   4.797583     2.9753     0.1123      0.972    25.2417    29.5183    19.5138    19.5091    4988.98    35.4603     6.7667     9.6703    129.942    302.200      8.132  0.000e+00
    416.250      1.021   4.797942     2.9710     0.1143      1.015    25.2453    29.5219    19.5123    19.5077    4988.98    35.4646     6.7492     9.6452    129.605    301.418      8.134  0.000e+00
    416.500      1.058   4.797390     2.9687     0.1361      1.052    25.2418    29.5185    19.5123    19.5077    4988.97    35.4600     6.7388     9.6303    129.401    300.953      8.133  0.000e+00
    416.750      1.071   4.796264     2.9678     0.1341      1.065    25.2356    29.5123    19.5113    19.5066    4988.93    35.4515     6.7327     9.6217    129.276    300.681      8.131  0.000e+00
    417.000      1.052   4.796745     2.9668     0.1202      1.047    25.2425    29.5192    19.5071    19.5024    4988.92    35.4591     6.7253     9.6112    129.130    300.353      8.132  0.000e+00
    417.250      1.028   4.796809     2.9655     0.1718      1.022    25.2461    29.5229    19.5036    19.4989    4988.90    35.4626     6.7180     9.6007    128.983    300.025      8.131  0.000e+00
    417.500      0.984   4.796974     2.9650     0.1520      0.979    25.2475    29.5243    19.5032    19.4985    4988.90    35.4643     6.7155     9.5971    128.937    299.915      8.134  0.000e+00
    417.750      0.954   4.797003     2.9635     0.1520      0.948    25.2475    29.5243    19.5034    19.4987    4988.90    35.4644     6.7127     9.5931    128.883    299.788      8.134  0.000e+00
    418.000      0.947   4.796845     2.9634     0.1718      0.942    25.2462    29.5230    19.5037    19.4991    4988.89    35.4628     6.7162     9.5982    128.951    299.947      8.136  0.000e+00
    418.250      0.972   4.797132     2.9614     0.2135      0.967    25.2482    29.5250    19.5035    19.4988    4988.90    35.4654     6.7132     9.5938    128.894    299.812      8.135  0.000e+00
    418.500      0.997   4.797003     2.9650     0.2035      0.992    25.2471    29.5239    19.5038    19.4992    4988.90    35.4640     6.7267     9.6132    129.153    300.415      8.135  0.000e+00
    418.750      1.010   4.798551     2.9674     0.1936      1.004    25.2564    29.5331    19.5044    19.4997    4988.95    35.4764     6.7372     9.6282    129.366    300.885      8.134  0.000e+00
    419.000      1.022   4.800946     2.9658     0.1936      1.016    25.2675    29.5440    19.5089    19.5042    4989.05    35.4924     6.7343     9.6240    129.332    300.754      8.132  0.000e+00
    419.250      1.016   4.799168     2.9658     0.1877      1.010    25.2453    29.5217    19.5209    19.5162    4989.07    35.4674     6.7358     9.6262    129.371    300.822      8.134  0.000e+00
    419.500      0.985   4.798845     2.9660     0.1877      0.980    25.2393    29.5158    19.5252    19.5205    4989.09    35.4611     6.7373     9.6282    129.404    300.886      8.135  0.000e+00
    419.750      0.954   4.798551     2.9674     0.1778      0.949    25.2381    29.5146    19.5245    19.5198    4989.07    35.4593     6.7433     9.6368    129.517    301.154      8.134  0.000e+00
    420.000      0.923   4.798522     2.9692     0.1877      0.918    25.2397    29.5162    19.5226    19.5179    4989.06    35.4607     6.7497     9.6460    129.636    301.440      8.131  0.000e+00
    420.250      0.904   4.798895     2.9732     0.1936      0.899    25.2436    29.5200    19.5209    19.5162    4989.06    35.4652     6.7636     9.6659    129.904    302.064      8.134  0.000e+00
    420.500      0.923   4.798974     2.9751     0.1242      0.918    25.2441    29.5205    19.5209    19.5162    4989.06    35.4659     6.7701     9.6752    130.029    302.355      8.133  0.000e+00
    420.750      0.967   4.799232     2.9761     0.1301      0.961    25.2449    29.5214    19.5218    19.5171    4989.08    35.4673     6.7751     9.6823    130.128    302.577      8.134  0.000e+00
    421.000      0.991   4.799232     2.9775     0.1282      0.986    25.2436    29.5200    19.5232    19.5186    4989.09    35.4660     6.7822     9.6925    130.267    302.895      8.134  0.000e+00
    421.250      0.997   4.799361     2.9784     0.1401      0.992    25.2434    29.5198    19.5243    19.5197    4989.10    35.4661     6.7857     9.6974    130.336    303.050      8.133  0.000e+00
    421.500      1.004   4.799390     2.9788     0.1599      0.998    25.2425    29.5190    19.5255    19.5208    4989.11    35.4654     6.7859     9.6977    130.343    303.059      8.132  0.000e+00
    421.750      0.998   4.799297     2.9764     0.1659      0.992    25.2414    29.5178    19.5261    19.5214    4989.11    35.4641     6.7748     9.6819    130.130    302.562      8.134  0.000e+00
