cruises/baja2025/cnv/20250419_cast1.cnv
* Sea-Bird SBE19plus Data File:
* FileName = C:\Users\ScienceTech\OneDrive - Western Flyer Foundation\Desktop\ProfilingCTD\data\20250419_DeepChannel_cast6.hex
* Software Version 1.59
* Temperature SN =  8289
* Conductivity SN =  8289
* System UpLoad Time = Apr 19 2025 11:40:39
** DeepChannel
** 4/19/2025
** 0710 UTC
** 28 30.112'N
** 112 45.913'W
** ~1000 m bottom depth
** 500-m cast target depth
# nquan = 18
# nvalues = 12389                                 
# units = specified
# name 0 = timeS: Time, Elapsed [seconds]
# name 1 = prdM: Pressure, Strain Gauge [db]
# name 2 = c0S/m: Conductivity [S/m]
# name 3 = sbeox0V: Oxygen raw, SBE 43 [V]
# name 4 = flECO-AFL: Fluorescence, WET Labs ECO-AFL/FL [mg/m^3]
# name 5 = depSM: Depth [salt water, m], lat = 0.00
# name 6 = sigma-t00: Density [sigma-t, kg/m^3 ]
# name 7 = sigma-100: Density [sigma-1, kg/m^3 ]
# name 8 = tv268C: Temperature [IPTS-68, deg C]
# name 9 = tv290C: Temperature [ITS-90, deg C]
# name 10 = svCF: Sound Velocity [Chen-Millero, ft/s]
# name 11 = sal00: Salinity, Practical [PSU]
# name 12 = sbeox0ML/L: Oxygen, SBE 43 [ml/l]
# name 13 = sbeox0Mg/L: Oxygen, SBE 43 [mg/l]
# name 14 = sbeox0PS: Oxygen, SBE 43 [% saturation]
# name 15 = sbeox0Mm/L: Oxygen, SBE 43 [umol/l]
# name 16 = ph: pH
# name 17 = flag:  0.000e+00
# span 0 =      0.000,   3097.000                 
# span 1 =     -0.150,    505.806                 
# span 2 =  -0.000042,   4.402193                 
# span 3 =     1.0181,     3.3430                 
# span 4 =    -0.1337,   128.6741                 
# span 5 =     -0.149,    502.413                 
# span 6 =    -1.1875,    26.4873                 
# span 7 =     3.3745,    30.9106                 
# span 8 =    12.1970,    16.7936                 
# span 9 =    12.1940,    16.7896                 
# span 10 =    4819.83,    4953.97                
# span 11 =     0.0000,    35.2646                
# span 12 =     1.6835,     8.6850                
# span 13 =     2.4059,    12.4118                
# span 14 =     27.917,    154.801                
# span 15 =     75.185,    387.873                
# span 16 =      7.278,      7.919                
# span 17 = 0.0000e+00, 0.0000e+00                
# interval = seconds: 0.25
# start_time = Apr 19 2025 00:07:12 [Instrument's time stamp, header]
# bad_flag = -9.990e-29
*END*
[from data line 7558]
   1889.500    504.770   4.032696     1.0214    -0.0543    501.386    26.4777    30.9019    12.2101    12.2071    4940.16    34.9078     1.7017     2.4319     28.226     75.998      7.677  0.000e+00
   1889.750    504.696   4.032836     1.0214    -0.0722    501.312    26.4788    30.9030    12.2101    12.2071    4940.16    34.9092     1.7020     2.4323     28.231     76.011      7.680  0.000e+00
   1890.000    504.622   4.032823     1.0204    -0.0702    501.238    26.4788    30.9030    12.2099    12.2070    4940.15    34.9092     1.6988     2.4278     28.178     75.869      7.681  0.000e+00
   1890.250    504.603   4.032809     1.0208    -0.0702    501.220    26.4787    30.9028    12.2100    12.2071    4940.15    34.9090     1.7000     2.4295     28.198     75.921      7.678  0.000e+00
   1890.500    504.628   4.032663     1.0209    -0.0702    501.244    26.4777    30.9019    12.2098    12.2069    4940.15    34.9078     1.7005     2.4302     28.206     75.944      7.677  0.000e+00
   1890.750    504.684   4.032382     1.0205    -0.0603    501.300    26.4760    30.9002    12.2094    12.2065    4940.14    34.9054     1.6970     2.4252     28.148     75.790      7.680  0.000e+00
   1891.000    504.758   4.032302     1.0206    -0.0603    501.373    26.4767    30.9010    12.2079    12.2050    4940.13    34.9060     1.6969     2.4251     28.145     75.785      7.680  0.000e+00
   1891.250    504.882   4.032322     1.0205    -0.0682    501.497    26.4780    30.9022    12.2067    12.2037    4940.12    34.9073     1.6966     2.4247     28.140     75.771      7.680  0.000e+00
   1891.500    505.000   4.032356     1.0219    -0.0524    501.613    26.4789    30.9032    12.2059    12.2029    4940.13    34.9083     1.7041     2.4353     28.263     76.104      7.677  0.000e+00
   1891.750    505.130   4.032302     1.0214    -0.0623    501.743    26.4788    30.9031    12.2055    12.2026    4940.13    34.9081     1.7036     2.4345     28.254     76.081      7.680  0.000e+00
   1892.000    505.254   4.032296     1.0215    -0.0623    501.866    26.4790    30.9033    12.2052    12.2023    4940.13    34.9082     1.7052     2.4370     28.282     76.156      7.679  0.000e+00
   1892.250    505.360   4.032443     1.0214    -0.0543    501.970    26.4805    30.9048    12.2047    12.2018    4940.14    34.9101     1.7047     2.4362     28.273     76.131      7.681  0.000e+00
   1892.500    505.434   4.032523     1.0209    -0.0623    502.044    26.4809    30.9052    12.2049    12.2020    4940.15    34.9106     1.7025     2.4330     28.236     76.033      7.680  0.000e+00
   1892.750    505.484   4.032523     1.0208    -0.0623    502.093    26.4803    30.9046    12.2055    12.2026    4940.16    34.9101     1.7017     2.4319     28.224     75.998      7.677  0.000e+00
   1893.000    505.478   4.032556     1.0204    -0.0682    502.087    26.4801    30.9043    12.2061    12.2031    4940.16    34.9099     1.6983     2.4270     28.167     75.846      7.680  0.000e+00
   1893.250    505.440   4.032443     1.0211    -0.0682    502.050    26.4789    30.9032    12.2064    12.2035    4940.16    34.9084     1.7004     2.4300     28.202     75.939      7.680  0.000e+00
   1893.500    505.391   4.032336     1.0206    -0.0623    502.001    26.4784    30.9027    12.2061    12.2031    4940.15    34.9078     1.6970     2.4252     28.146     75.788      7.679  0.000e+00
   1893.750    505.298   4.032242     1.0208    -0.0722    501.909    26.4781    30.9024    12.2057    12.2028    4940.14    34.9072     1.6984     2.4271     28.168     75.849      7.677  0.000e+00
   1894.000    505.192   4.032363     1.0208    -0.0563    501.804    26.4796    30.9038    12.2051    12.2022    4940.13    34.9090     1.6990     2.4281     28.179     75.879      7.678  0.000e+00
   1894.250    505.074   4.032356     1.0206    -0.0643    501.687    26.4796    30.9039    12.2051    12.2021    4940.12    34.9090     1.6987     2.4276     28.173     75.862      7.679  0.000e+00
   1894.500    504.975   4.032336     1.0209    -0.0543    501.589    26.4796    30.9039    12.2049    12.2020    4940.12    34.9090     1.7007     2.4305     28.206     75.953      7.680  0.000e+00
   1894.750    504.882   4.032322     1.0198    -0.0543    501.497    26.4795    30.9038    12.2050    12.2021    4940.11    34.9089     1.6960     2.4237     28.128     75.743      7.679  0.000e+00
   1895.000    504.833   4.032322     1.0198    -0.0623    501.447    26.4794    30.9036    12.2051    12.2022    4940.11    34.9087     1.6952     2.4226     28.116     75.708      7.678  0.000e+00
   1895.250    504.820   4.032276     1.0198    -0.0623    501.435    26.4790    30.9033    12.2051    12.2022    4940.11    34.9083     1.6937     2.4204     28.090     75.640      7.679  0.000e+00
   1895.500    504.851   4.031895     1.0214    -0.0781    501.466    26.4763    30.9006    12.2050    12.2021    4940.09    34.9047     1.7015     2.4316     28.219     75.989      7.681  0.000e+00
   1895.750    504.938   4.031622     1.0202    -0.0524    501.552    26.4755    30.8999    12.2035    12.2006    4940.08    34.9034     1.6971     2.4253     28.144     75.790      7.679  0.000e+00
   1896.000    505.025   4.031588     1.0198    -0.0643    501.638    26.4772    30.9016    12.2014    12.1984    4940.06    34.9051     1.6954     2.4229     28.116     75.718      7.680  0.000e+00
   1896.250    505.136   4.031895     1.0211    -0.0702    501.749    26.4810    30.9053    12.1998    12.1968    4940.07    34.9095     1.7017     2.4319     28.220     75.997      7.675  0.000e+00
   1896.500    505.248   4.032242     1.0209    -0.0702    501.860    26.4838    30.9082    12.1995    12.1966    4940.09    34.9130     1.7022     2.4326     28.229     76.021      7.679  0.000e+00
   1896.750    505.341   4.032323     1.0211    -0.0524    501.952    26.4829    30.9073    12.2011    12.1982    4940.11    34.9123     1.7044     2.4357     28.266     76.117      7.678  0.000e+00
   1897.000    505.434   4.032276     1.0208    -0.0623    502.044    26.4810    30.9053    12.2027    12.1998    4940.12    34.9103     1.7028     2.4335     28.240     76.047      7.682  0.000e+00
   1897.250    505.515   4.032323     1.0221    -0.0643    502.124    26.4804    30.9047    12.2038    12.2008    4940.14    34.9097     1.7082     2.4411     28.330     76.286      7.679  0.000e+00
   1897.500    505.571   4.032443     1.0216    -0.0603    502.180    26.4810    30.9053    12.2040    12.2011    4940.15    34.9106     1.7060     2.4381     28.295     76.191      7.677  0.000e+00
   1897.750    505.645   4.032523     1.0208    -0.0623    502.253    26.4809    30.9052    12.2048    12.2019    4940.16    34.9106     1.7035     2.4344     28.253     76.076      7.680  0.000e+00
   1898.000    505.664   4.032469     1.0197    -0.0643    502.272    26.4797    30.9040    12.2057    12.2028    4940.16    34.9093     1.6970     2.4252     28.145     75.787      7.679  0.000e+00
   1898.250    505.676   4.032556     1.0207    -0.0623    502.284    26.4801    30.9044    12.2059    12.2030    4940.17    34.9099     1.6985     2.4273     28.170     75.854      7.680  0.000e+00
   1898.500    505.664   4.032443     1.0202    -0.0722    502.272    26.4790    30.9032    12.2063    12.2034    4940.17    34.9085     1.6961     2.4239     28.131     75.749      7.680  0.000e+00
   1898.750    505.626   4.032469     1.0198    -0.0623    502.235    26.4788    30.9031    12.2067    12.2037    4940.17    34.9084     1.6932     2.4198     28.083     75.618      7.681  0.000e+00
   1899.000    505.552   4.032409     1.0198    -0.0623    502.161    26.4786    30.9029    12.2064    12.2035    4940.16    34.9081     1.6925     2.4187     28.071     75.587      7.680  0.000e+00
   1899.250    505.459   4.032496     1.0201    -0.0623    502.069    26.4797    30.9040    12.2060    12.2031    4940.16    34.9094     1.6931     2.4197     28.082     75.616      7.679  0.000e+00
   1899.500    505.360   4.032496     1.0197    -0.0702    501.970    26.4798    30.9040    12.2059    12.2030    4940.15    34.9095     1.6932     2.4198     28.083     75.619      7.677  0.000e+00
   1899.750    505.267   4.032416     1.0206    -0.0524    501.878    26.4791    30.9033    12.2061    12.2031    4940.14    34.9086     1.6990     2.4280     28.179     75.876      7.680  0.000e+00
   1900.000    505.180   4.032409     1.0199    -0.0702    501.792    26.4790    30.9033    12.2061    12.2032    4940.14    34.9085     1.6969     2.4251     28.144     75.784      7.680  0.000e+00
   1900.250    505.118   4.032382     1.0201    -0.0702    501.730    26.4789    30.9032    12.2060    12.2031    4940.13    34.9084     1.6972     2.4255     28.149     75.797      7.680  0.000e+00
   1900.500    505.093   4.032362     1.0201    -0.0682    501.706    26.4791    30.9033    12.2057    12.2028    4940.13    34.9085     1.6982     2.4268     28.165     75.840      7.678  0.000e+00
   1900.750    505.130   4.032469     1.0203    -0.0722    501.743    26.4800    30.9043    12.2056    12.2026    4940.14    34.9096     1.6997     2.4290     28.190     75.907      7.678  0.000e+00
   1901.000    505.174   4.032443     1.0215    -0.0623    501.786    26.4797    30.9040    12.2056    12.2027    4940.14    34.9093     1.7054     2.4372     28.285     76.164      7.679  0.000e+00
   1901.250    505.267   4.032409     1.0209    -0.0682    501.878    26.4792    30.9035    12.2059    12.2029    4940.14    34.9087     1.7035     2.4344     28.253     76.078      7.680  0.000e+00
   1901.500    505.378   4.032389     1.0203    -0.0603    501.989    26.4792    30.9035    12.2056    12.2027    4940.15    34.9087     1.7009     2.4308     28.210     75.963      7.677  0.000e+00
   1901.750    505.490   4.032583     1.0208    -0.0643    502.100    26.4807    30.9049    12.2056    12.2027    4940.16    34.9105     1.7019     2.4322     28.227     76.008      7.678  0.000e+00
   1902.000    505.602   4.032670     1.0212    -0.0543    502.210    26.4809    30.9051    12.2061    12.2031    4940.17    34.9109     1.7046     2.4361     28.273     76.129      7.678  0.000e+00
   1902.250    505.688   4.032716     1.0213    -0.0623    502.297    26.4805    30.9048    12.2068    12.2039    4940.18    34.9107     1.7047     2.4362     28.274     76.132      7.677  0.000e+00
   1902.500    505.757   4.032670     1.0211    -0.0524    502.364    26.4796    30.9039    12.2074    12.2044    4940.19    34.9096     1.7033     2.4342     28.252     76.070      7.680  0.000e+00
   1902.750    505.788   4.032603     1.0202    -0.0543    502.395    26.4789    30.9031    12.2077    12.2047    4940.19    34.9087     1.6984     2.4272     28.171     75.852      7.678  0.000e+00
   1903.000    505.806   4.032670     1.0193    -0.0702    502.413    26.4792    30.9035    12.2078    12.2049    4940.20    34.9092     1.6924     2.4187     28.071     75.584      7.679  0.000e+00
   1903.250    505.775   4.032630     1.0202    -0.0603    502.383    26.4791    30.9034    12.2076    12.2047    4940.19    34.9090     1.6962     2.4241     28.134     75.753      7.678  0.000e+00
   1903.500    505.750   4.032636     1.0205    -0.0524    502.358    26.4791    30.9034    12.2077    12.2047    4940.19    34.9090     1.6974     2.4257     28.153     75.804      7.682  0.000e+00
   1903.750    505.688   4.032583     1.0193    -0.0702    502.297    26.4789    30.9031    12.2075    12.2046    4940.18    34.9087     1.6914     2.4172     28.054     75.539      7.678  0.000e+00
   1904.000    505.620   4.032576     1.0198    -0.0543    502.229    26.4789    30.9032    12.2075    12.2045    4940.18    34.9087     1.6927     2.4190     28.075     75.596      7.679  0.000e+00
   1904.250    505.515   4.032583     1.0188    -0.0543    502.124    26.4791    30.9034    12.2073    12.2044    4940.17    34.9090     1.6887     2.4133     28.009     75.417      7.680  0.000e+00
   1904.500    505.409   4.032443     1.0195    -0.0603    502.020    26.4782    30.9025    12.2072    12.2042    4940.16    34.9078     1.6923     2.4185     28.069     75.579      7.678  0.000e+00
   1904.750    505.285   4.032409     1.0189    -0.0682    501.897    26.4785    30.9028    12.2067    12.2037    4940.15    34.9080     1.6912     2.4169     28.050     75.530      7.677  0.000e+00
   1905.000    505.130   4.032302     1.0205    -0.0623    501.743    26.4781    30.9024    12.2062    12.2033    4940.13    34.9074     1.6990     2.4280     28.178     75.875      7.678  0.000e+00
   1905.250    505.000   4.032296     1.0199    -0.0781    501.614    26.4787    30.9029    12.2056    12.2027    4940.12    34.9079     1.6967     2.4247     28.140     75.772      7.681  0.000e+00
   1905.500    504.845   4.032296     1.0197    -0.0623    501.460    26.4790    30.9033    12.2053    12.2023    4940.11    34.9083     1.6966     2.4247     28.139     75.772      7.677  0.000e+00
   1905.750    504.696   4.032249     1.0191    -0.0623    501.312    26.4791    30.9033    12.2049    12.2020    4940.10    34.9083     1.6951     2.4224     28.113     75.701      7.678  0.000e+00
   1906.000    504.572   4.032209     1.0195    -0.0623    501.189    26.4791    30.9034    12.2046    12.2017    4940.09    34.9082     1.6960     2.4238     28.129     75.745      7.681  0.000e+00
   1906.250    504.491   4.032195     1.0190    -0.0702    501.109    26.4792    30.9035    12.2044    12.2015    4940.08    34.9083     1.6942     2.4212     28.098     75.662      7.677  0.000e+00
   1906.500    504.436   4.032155     1.0189    -0.0563    501.054    26.4792    30.9035    12.2041    12.2012    4940.08    34.9082     1.6922     2.4184     28.066     75.576      7.680  0.000e+00
   1906.750    504.448   4.032115     1.0190    -0.0623    501.066    26.4791    30.9034    12.2039    12.2010    4940.07    34.9081     1.6920     2.4180     28.061     75.564      7.679  0.000e+00
   1907.000    504.491   4.032095     1.0187    -0.0623    501.109    26.4791    30.9034    12.2037    12.2008    4940.07    34.9080     1.6893     2.4142     28.017     75.445      7.680  0.000e+00
   1907.250    504.553   4.032129     1.0192    -0.0543    501.170    26.4797    30.9040    12.2033    12.2004    4940.07    34.9087     1.6929     2.4193     28.076     75.604      7.678  0.000e+00
   1907.500    504.609   4.032115     1.0202    -0.0643    501.226    26.4796    30.9039    12.2033    12.2004    4940.08    34.9085     1.6984     2.4271     28.167     75.848      7.678  0.000e+00
   1907.750    504.646   4.032182     1.0188    -0.0543    501.263    26.4800    30.9043    12.2034    12.2005    4940.08    34.9091     1.6937     2.4204     28.089     75.640      7.681  0.000e+00
   1908.000    504.646   4.032169     1.0193    -0.0543    501.263    26.4799    30.9042    12.2034    12.2005    4940.08    34.9090     1.6956     2.4232     28.122     75.727      7.679  0.000e+00
   1908.250    504.553   4.032155     1.0201    -0.0603    501.170    26.4797    30.9040    12.2035    12.2006    4940.08    34.9087     1.6999     2.4293     28.192     75.916      7.679  0.000e+00
   1908.500    504.411   4.032142     1.0189    -0.0623    501.029    26.4796    30.9038    12.2036    12.2007    4940.07    34.9086     1.6947     2.4219     28.107     75.686      7.678  0.000e+00
   1908.750    504.250   4.032129     1.0191    -0.0603    500.869    26.4796    30.9039    12.2035    12.2006    4940.06    34.9086     1.6948     2.4221     28.108     75.691      7.679  0.000e+00
   1909.000    504.051   4.032095     1.0192    -0.0543    500.672    26.4794    30.9037    12.2035    12.2006    4940.05    34.9084     1.6946     2.4217     28.104     75.679      7.677  0.000e+00
   1909.250    503.853   4.032088     1.0196    -0.0702    500.475    26.4796    30.9039    12.2033    12.2004    4940.04    34.9086     1.6957     2.4233     28.122     75.729      7.681  0.000e+00
