cruises/baja2025/cnv/20250418_cast2.cnv
* Sea-Bird SBE19plus Data File:
* FileName = C:\Users\ScienceTech\OneDrive - Western Flyer Foundation\Desktop\ProfilingCTD\data\20250418-PuntaTrinidad_cast5.hex
* Software Version 1.59
* Temperature SN =  8289
* Conductivity SN =  8289
* System UpLoad Time = Apr 18 2025 15:47:50
** Punta Trinidad
** 4/18/2025
** 1700 UTC
** 27 48.029N
** 112 41.465'W
** ~60 m water depth
# nquan = 18
# nvalues = 2023                                  
# units = specified
# name 0 = timeS: Time, Elapsed [seconds]
# name 1 = prdM: Pressure, Strain Gauge [db]
# name 2 = c0S/m: Conductivity [S/m]
# name 3 = sbeox0V: Oxygen raw, SBE 43 [V]
# name 4 = flECO-AFL: Fluorescence, WET Labs ECO-AFL/FL [mg/m^3]
# name 5 = depSM: Depth [salt water, m], lat = 0.00
# name 6 = sigma-t00: Density [sigma-t, kg/m^3 ]
# name 7 = sigma-100: Density [sigma-1, kg/m^3 ]
# name 8 = tv268C: Temperature [IPTS-68, deg C]
# name 9 = tv290C: Temperature [ITS-90, deg C]
# name 10 = svCF: Sound Velocity [Chen-Millero, ft/s]
# name 11 = sal00: Salinity, Practical [PSU]
# name 12 = sbeox0ML/L: Oxygen, SBE 43 [ml/l]
# name 13 = sbeox0Mg/L: Oxygen, SBE 43 [mg/l]
# name 14 = sbeox0PS: Oxygen, SBE 43 [% saturation]
# name 15 = sbeox0Mm/L: Oxygen, SBE 43 [umol/l]
# name 16 = ph: pH
# name 17 = flag:  0.000e+00
# span 0 =      0.000,    505.500                 
# span 1 =     -0.125,     61.336                 
# span 2 =  -0.000048,   4.466911                 
# span 3 =     1.4076,     3.0057                 
# span 4 =    -0.1694,     3.0640                 
# span 5 =     -0.125,     60.990                 
# span 6 =    -1.9210,    26.3928                 
# span 7 =     2.5666,    30.7279                 
# span 8 =    14.2061,    20.6078                 
# span 9 =    14.2027,    20.6028                 
# span 10 =    4818.64,    4965.52                
# span 11 =     0.0000,    35.7998                
# span 12 =     2.7342,     8.0787                
# span 13 =     3.9075,    11.5452                
# span 14 =     47.281,    133.989                
# span 15 =    122.110,    360.793                
# span 16 =      6.806,      8.116                
# span 17 = 0.0000e+00, 0.0000e+00                
# interval = seconds: 0.25
# start_time = Apr 18 2025 10:36:44 [Instrument's time stamp, header]
# bad_flag = -9.990e-29
*END*
[from data line 805]
    201.250      5.927   4.380713     2.1273    -0.0008      5.894    25.8958    30.2375    15.7654    15.7616    4951.76    35.1220     4.7945     6.8519     85.566    214.125      7.896  0.000e+00
    201.500      5.896   4.380900     2.1270     0.0111      5.863    25.8968    30.2384    15.7657    15.7619    4951.76    35.1234     4.7903     6.8458     85.490    213.933      7.898  0.000e+00
    201.750      5.877   4.380927     2.1260     0.0032      5.845    25.8963    30.2379    15.7665    15.7627    4951.77    35.1229     4.7843     6.8373     85.386    213.668      7.895  0.000e+00
    202.000      5.865   4.380955     2.1260     0.0091      5.832    25.8957    30.2373    15.7673    15.7635    4951.78    35.1224     4.7825     6.8346     85.354    213.586      7.898  0.000e+00
    202.250      5.859   4.380989     2.1273     0.0091      5.826    25.8952    30.2368    15.7681    15.7644    4951.78    35.1220     4.7869     6.8409     85.434    213.783      7.893  0.000e+00
    202.500      5.828   4.380989     2.1272     0.0012      5.796    25.8950    30.2366    15.7684    15.7646    4951.78    35.1218     4.7880     6.8425     85.453    213.830      7.898  0.000e+00
    202.750      5.822   4.380989     2.1268    -0.0365      5.790    25.8947    30.2362    15.7688    15.7650    4951.78    35.1215     4.7878     6.8423     85.451    213.824      7.896  0.000e+00
    203.000      5.822   4.380989     2.1273    -0.0226      5.790    25.8945    30.2361    15.7690    15.7652    4951.79    35.1213     4.7906     6.8463     85.501    213.949      7.897  0.000e+00
    203.250      5.803   4.380900     2.1280    -0.0305      5.771    25.8937    30.2352    15.7692    15.7654    4951.78    35.1203     4.7947     6.8521     85.573    214.130      7.896  0.000e+00
    203.500      5.784   4.380900     2.1259    -0.0385      5.752    25.8940    30.2356    15.7688    15.7650    4951.78    35.1207     4.7877     6.8421     85.448    213.817      7.896  0.000e+00
    203.750      5.766   4.380900     2.1256     0.0032      5.734    25.8943    30.2359    15.7685    15.7647    4951.78    35.1210     4.7859     6.8395     85.415    213.737      7.896  0.000e+00
    204.000      5.766   4.380900     2.1259    -0.0008      5.734    25.8944    30.2360    15.7684    15.7646    4951.78    35.1210     4.7854     6.8388     85.406    213.715      7.897  0.000e+00
    204.250      5.760   4.380893     2.1263    -0.0047      5.728    25.8945    30.2361    15.7682    15.7644    4951.77    35.1211     4.7855     6.8389     85.408    213.719      7.895  0.000e+00
    204.500      5.791   4.380713     2.1247    -0.0047      5.759    25.8933    30.2349    15.7681    15.7644    4951.77    35.1196     4.7799     6.8310     85.308    213.471      7.895  0.000e+00
    204.750      5.834   4.380403     2.1260     0.0012      5.802    25.8917    30.2333    15.7676    15.7638    4951.76    35.1173     4.7845     6.8375     85.387    213.674      7.898  0.000e+00
    205.000      5.883   4.380292     2.1256     0.0091      5.851    25.8922    30.2338    15.7662    15.7624    4951.75    35.1175     4.7832     6.8357     85.362    213.617      7.898  0.000e+00
    205.250      5.920   4.380292     2.1258     0.0072      5.888    25.8937    30.2353    15.7646    15.7608    4951.74    35.1189     4.7850     6.8382     85.392    213.698      7.897  0.000e+00
    205.500      5.945   4.379754     2.1268     0.0091      5.912    25.8910    30.2327    15.7634    15.7596    4951.71    35.1151     4.7911     6.8469     85.497    213.970      7.896  0.000e+00
    205.750      5.964   4.379450     2.1295     0.0091      5.931    25.8910    30.2328    15.7611    15.7573    4951.69    35.1145     4.8025     6.8632     85.696    214.479      7.895  0.000e+00
    206.000      5.970   4.379361     2.1305     0.0171      5.937    25.8934    30.2352    15.7577    15.7539    4951.66    35.1166     4.8089     6.8724     85.806    214.767      7.896  0.000e+00
    206.250      5.964   4.379450     2.1299     0.0091      5.931    25.8961    30.2379    15.7555    15.7517    4951.65    35.1194     4.8086     6.8720     85.799    214.754      7.896  0.000e+00
    206.500      5.939   4.379664     2.1301     0.0111      5.906    25.8986    30.2404    15.7544    15.7506    4951.65    35.1223     4.8107     6.8750     85.836    214.848      7.895  0.000e+00
    206.750      5.927   4.379768     2.1300     0.0032      5.894    25.8988    30.2406    15.7550    15.7512    4951.65    35.1228     4.8093     6.8730     85.812    214.785      7.899  0.000e+00
    207.000      5.902   4.379809     2.1292     0.0488      5.869    25.8983    30.2401    15.7558    15.7520    4951.66    35.1224     4.8052     6.8671     85.739    214.599      7.898  0.000e+00
    207.250      5.896   4.379692     2.1263     0.0270      5.863    25.8968    30.2386    15.7566    15.7528    4951.66    35.1206     4.7916     6.8476     85.497    213.991      7.896  0.000e+00
    207.500      5.883   4.379512     2.1262     0.0389      5.851    25.8955    30.2373    15.7567    15.7529    4951.66    35.1190     4.7860     6.8397     85.397    213.743      7.898  0.000e+00
    207.750      5.859   4.379512     2.1249     0.0349      5.826    25.8964    30.2382    15.7557    15.7519    4951.65    35.1198     4.7769     6.8267     85.233    213.336      7.896  0.000e+00
    208.000      5.834   4.379602     2.1247     0.0409      5.802    25.8977    30.2395    15.7550    15.7512    4951.64    35.1213     4.7743     6.8229     85.186    213.219      7.894  0.000e+00
    208.250      5.797   4.379754     2.1231     0.0310      5.765    25.8987    30.2405    15.7550    15.7513    4951.65    35.1226     4.7680     6.8140     85.075    212.939      7.894  0.000e+00
    208.500      5.766   4.379933     2.1234     0.0329      5.734    25.8992    30.2410    15.7559    15.7521    4951.66    35.1235     4.7682     6.8143     85.081    212.948      7.895  0.000e+00
    208.750      5.741   4.379933     2.1239     0.0270      5.709    25.8982    30.2400    15.7569    15.7531    4951.66    35.1226     4.7714     6.8189     85.139    213.092      7.900  0.000e+00
    209.000      5.729   4.379933     2.1244     0.0468      5.697    25.8974    30.2392    15.7578    15.7540    4951.67    35.1218     4.7761     6.8255     85.223    213.299      7.896  0.000e+00
    209.250      5.735   4.379809     2.1254     0.0568      5.703    25.8962    30.2379    15.7582    15.7544    4951.67    35.1203     4.7838     6.8366     85.361    213.646      7.898  0.000e+00
    209.500      5.760   4.379630     2.1274     0.0627      5.728    25.8951    30.2368    15.7580    15.7543    4951.66    35.1188     4.7939     6.8509     85.540    214.095      7.896  0.000e+00
    209.750      5.809   4.379271     2.1280     0.0825      5.777    25.8932    30.2350    15.7573    15.7535    4951.65    35.1162     4.8001     6.8598     85.647    214.370      7.895  0.000e+00
    210.000      5.847   4.379029     2.1279     0.0706      5.814    25.8934    30.2353    15.7553    15.7515    4951.63    35.1159     4.8024     6.8631     85.686    214.475      7.895  0.000e+00
    210.250      5.890   4.379271     2.1268     0.0409      5.857    25.8973    30.2392    15.7528    15.7491    4951.62    35.1202     4.7997     6.8592     85.635    214.353      7.895  0.000e+00
    210.500      5.921   4.379333     2.1270     0.0389      5.888    25.8986    30.2405    15.7519    15.7481    4951.62    35.1216     4.7987     6.8579     85.618    214.312      7.894  0.000e+00
    210.750      5.927   4.379575     2.1276     0.0389      5.894    25.8998    30.2417    15.7524    15.7486    4951.63    35.1233     4.7993     6.8586     85.629    214.335      7.896  0.000e+00
    211.000      5.933   4.379540     2.1264     0.0329      5.901    25.8989    30.2407    15.7532    15.7494    4951.64    35.1223     4.7927     6.8493     85.513    214.044      7.897  0.000e+00
    211.250      5.915   4.379361     2.1267     0.0627      5.882    25.8971    30.2389    15.7537    15.7500    4951.63    35.1202     4.7910     6.8469     85.483    213.968      7.895  0.000e+00
    211.500      5.921   4.379209     2.1276     0.0647      5.888    25.8960    30.2379    15.7537    15.7500    4951.63    35.1188     4.7923     6.8487     85.505    214.026      7.895  0.000e+00
    211.750      5.921   4.379305     2.1279     0.0825      5.888    25.8978    30.2396    15.7526    15.7488    4951.62    35.1207     4.7940     6.8511     85.533    214.098      7.897  0.000e+00
    212.000      5.921   4.379181     2.1290     0.0825      5.889    25.8968    30.2387    15.7527    15.7489    4951.62    35.1195     4.7996     6.8591     85.633    214.350      7.896  0.000e+00
    212.250      5.915   4.379250     2.1303     0.0726      5.882    25.8977    30.2395    15.7523    15.7485    4951.62    35.1205     4.8065     6.8689     85.756    214.657      7.897  0.000e+00
    212.500      5.909   4.379154     2.1298     0.0389      5.876    25.8974    30.2393    15.7519    15.7481    4951.61    35.1200     4.8057     6.8679     85.741    214.624      7.895  0.000e+00
    212.750      5.903   4.378967     2.1298     0.0329      5.870    25.8963    30.2382    15.7516    15.7478    4951.60    35.1186     4.8061     6.8685     85.748    214.642      7.896  0.000e+00
    213.000      5.878   4.379002     2.1287     0.0310      5.845    25.8975    30.2394    15.7506    15.7468    4951.60    35.1198     4.8026     6.8633     85.682    214.482      7.898  0.000e+00
    213.250      5.859   4.379243     2.1279     0.0587      5.827    25.8997    30.2416    15.7500    15.7462    4951.60    35.1225     4.7976     6.8563     85.595    214.262      7.898  0.000e+00
    213.500      5.853   4.379091     2.1265     0.1242      5.821    25.8983    30.2402    15.7504    15.7466    4951.60    35.1208     4.7894     6.8446     85.449    213.897      7.894  0.000e+00
    213.750      5.828   4.378967     2.1260     0.1301      5.796    25.8973    30.2392    15.7506    15.7468    4951.59    35.1195     4.7848     6.8379     85.365    213.689      7.894  0.000e+00
    214.000      5.803   4.378822     2.1263     0.1361      5.771    25.8966    30.2385    15.7502    15.7465    4951.58    35.1185     4.7831     6.8355     85.334    213.612      7.896  0.000e+00
    214.250      5.797   4.378788     2.1268     0.1401      5.765    25.8970    30.2389    15.7496    15.7458    4951.58    35.1188     4.7843     6.8372     85.355    213.667      7.895  0.000e+00
    214.500      5.772   4.378912     2.1254     0.1301      5.741    25.8984    30.2403    15.7489    15.7452    4951.58    35.1205     4.7801     6.8313     85.280    213.481      7.896  0.000e+00
    214.750      5.779   4.378733     2.1257     0.1401      5.747    25.8972    30.2392    15.7489    15.7451    4951.57    35.1190     4.7823     6.8344     85.318    213.579      7.894  0.000e+00
    215.000      5.779   4.378581     2.1244     0.1301      5.747    25.8965    30.2384    15.7485    15.7448    4951.56    35.1179     4.7789     6.8296     85.257    213.428      7.895  0.000e+00
    215.250      5.791   4.378822     2.1247     0.1401      5.759    25.8991    30.2411    15.7475    15.7437    4951.56    35.1210     4.7811     6.8327     85.296    213.526      7.895  0.000e+00
    215.500      5.797   4.379057     2.1249     0.1242      5.765    25.9012    30.2431    15.7470    15.7432    4951.57    35.1235     4.7828     6.8350     85.325    213.598      7.895  0.000e+00
    215.750      5.816   4.378967     2.1232     0.1361      5.784    25.8998    30.2417    15.7479    15.7441    4951.57    35.1219     4.7766     6.8262     85.215    213.321      7.893  0.000e+00
    216.000      5.828   4.379091     2.1232     0.1361      5.796    25.8999    30.2418    15.7487    15.7449    4951.58    35.1223     4.7755     6.8247     85.199    213.276      7.896  0.000e+00
    216.250      5.872   4.379602     2.1237     0.1361      5.839    25.9028    30.2447    15.7493    15.7456    4951.61    35.1263     4.7771     6.8269     85.229    213.344      7.896  0.000e+00
    216.500      5.909   4.379478     2.1249     0.1500      5.876    25.9000    30.2419    15.7515    15.7477    4951.62    35.1233     4.7831     6.8355     85.338    213.612      7.896  0.000e+00
    216.750      5.940   4.379478     2.1260     0.0627      5.907    25.8985    30.2403    15.7531    15.7493    4951.63    35.1218     4.7884     6.8431     85.435    213.851      7.896  0.000e+00
    217.000      5.958   4.379602     2.1261     0.0647      5.925    25.8989    30.2407    15.7536    15.7498    4951.64    35.1225     4.7915     6.8475     85.491    213.986      7.895  0.000e+00
    217.250      5.964   4.379871     2.1273     0.0766      5.932    25.9000    30.2418    15.7544    15.7506    4951.66    35.1242     4.7971     6.8556     85.594    214.239      7.895  0.000e+00
    217.500      5.946   4.379692     2.1267     0.0667      5.913    25.8975    30.2393    15.7558    15.7520    4951.66    35.1214     4.7963     6.8544     85.581    214.204      7.896  0.000e+00
    217.750      5.927   4.379540     2.1257     0.0766      5.895    25.8961    30.2379    15.7562    15.7524    4951.66    35.1196     4.7939     6.8509     85.537    214.095      7.896  0.000e+00
    218.000      5.909   4.379450     2.1254     0.0706      5.876    25.8958    30.2376    15.7559    15.7521    4951.65    35.1191     4.7911     6.8469     85.486    213.970      7.896  0.000e+00
    218.250      5.890   4.379540     2.1253     0.0706      5.858    25.8968    30.2386    15.7554    15.7517    4951.65    35.1203     4.7881     6.8427     85.433    213.837      7.898  0.000e+00
    218.500      5.878   4.379602     2.1262     0.0587      5.845    25.8977    30.2395    15.7550    15.7512    4951.65    35.1213     4.7892     6.8442     85.452    213.885      7.897  0.000e+00
    218.750      5.884   4.379512     2.1250     0.0647      5.852    25.8969    30.2387    15.7551    15.7513    4951.65    35.1203     4.7836     6.8362     85.352    213.635      7.896  0.000e+00
    219.000      5.884   4.379388     2.1247     0.0726      5.852    25.8961    30.2379    15.7550    15.7513    4951.64    35.1193     4.7819     6.8338     85.321    213.560      7.893  0.000e+00
    219.250      5.865   4.379209     2.1249     0.0825      5.833    25.8955    30.2374    15.7543    15.7505    4951.63    35.1183     4.7820     6.8339     85.321    213.563      7.897  0.000e+00
    219.500      5.835   4.379361     2.1241     0.0766      5.802    25.8975    30.2393    15.7533    15.7495    4951.63    35.1206     4.7801     6.8313     85.287    213.480      7.896  0.000e+00
    219.750      5.791   4.379423     2.1249     0.0825      5.759    25.8982    30.2401    15.7530    15.7492    4951.62    35.1215     4.7834     6.8360     85.346    213.627      7.896  0.000e+00
    220.000      5.754   4.379602     2.1240     0.2035      5.722    25.8992    30.2410    15.7533    15.7495    4951.63    35.1228     4.7802     6.8314     85.290    213.484      7.897  0.000e+00
    220.250      5.736   4.379664     2.1239     0.1916      5.704    25.8987    30.2405    15.7544    15.7506    4951.64    35.1224     4.7795     6.8304     85.279    213.453      7.897  0.000e+00
    220.500      5.717   4.379540     2.1239     0.1936      5.686    25.8972    30.2390    15.7550    15.7513    4951.64    35.1207     4.7793     6.8300     85.275    213.442      7.897  0.000e+00
    220.750      5.729   4.379602     2.1248     0.1936      5.698    25.8978    30.2396    15.7549    15.7511    4951.64    35.1214     4.7838     6.8366     85.357    213.646      7.894  0.000e+00
