cruises/baja2025/cnv/20250506_cast1.cnv
* Sea-Bird SBE19plus Data File:
* FileName = C:\Users\ScienceTech\OneDrive - Western Flyer Foundation\Desktop\ProfilingCTD\data\2025\Gulf of California\Leg 3\raw data\20250506_PP40_cast1.hex
* Software Version 1.59
* Temperature SN =  8289
* Conductivity SN =  8289
* System UpLoad Time = May 07 2025 17:04:29
** "PP40"
** 27-30.38'N
** 112-19.27'W
** Depth 47m
# nquan = 18
# nvalues = 2236                                  
# units = specified
# name 0 = timeS: Time, Elapsed [seconds]
# name 1 = prdM: Pressure, Strain Gauge [db]
# name 2 = c0S/m: Conductivity [S/m]
# name 3 = sbeox0V: Oxygen raw, SBE 43 [V]
# name 4 = flECO-AFL: Fluorescence, WET Labs ECO-AFL/FL [mg/m^3]
# name 5 = depSM: Depth [salt water, m], lat = 0.00
# name 6 = sigma-t00: Density [sigma-t, kg/m^3 ]
# name 7 = sigma-100: Density [sigma-1, kg/m^3 ]
# name 8 = tv268C: Temperature [IPTS-68, deg C]
# name 9 = tv290C: Temperature [ITS-90, deg C]
# name 10 = svCF: Sound Velocity [Chen-Millero, ft/s]
# name 11 = sal00: Salinity, Practical [PSU]
# name 12 = sbeox0ML/L: Oxygen, SBE 43 [ml/l]
# name 13 = sbeox0Mg/L: Oxygen, SBE 43 [mg/l]
# name 14 = sbeox0PS: Oxygen, SBE 43 [% saturation]
# name 15 = sbeox0Mm/L: Oxygen, SBE 43 [umol/l]
# name 16 = ph: pH
# name 17 = flag:  0.000e+00
# span 0 =      0.000,    558.750                 
# span 1 =     -0.143,     54.082                 
# span 2 =  -0.126669,   4.824349                 
# span 3 =     1.7668,     2.7790                 
# span 4 =    -0.1000,   128.7376                 
# span 5 =     -0.142,     53.778                 
# span 6 =    -2.9992,    26.0247                 
# span 7 =     1.4104,    30.3110                 
# span 8 =    16.2593,    25.2086                 
# span 9 =    16.2554,    25.2025                 
# span 10 =    4859.43,    4989.69                
# span 11 =     0.0000,    36.2290                
# span 12 =     3.4173,     6.8570                
# span 13 =     4.8836,     9.7993                
# span 14 =     65.341,    122.915                
# span 15 =    152.616,    306.233                
# span 16 =      7.290,      8.141                
# span 17 = 0.0000e+00, 0.0000e+00                
# interval = seconds: 0.25
# start_time = May 06 2025 11:19:59 [Instrument's time stamp, header]
# bad_flag = -9.990e-29
*END*
[from data line 322]
     80.500      6.222   4.675007     2.6000     0.2035      6.188    25.3822    29.6764    18.4932    18.4888    4979.17    35.3028     5.8459     8.3543    110.047    261.077      8.126  0.000e+00
     80.750      6.241   4.674944     2.6009     0.1976      6.206    25.3828    29.6770    18.4920    18.4876    4979.17    35.3032     5.8517     8.3627    110.155    261.339      8.125  0.000e+00
     81.000      6.234   4.674915     2.6025     0.1877      6.200    25.3835    29.6777    18.4911    18.4867    4979.16    35.3037     5.8598     8.3743    110.306    261.700      8.125  0.000e+00
     81.250      6.228   4.674944     2.6017     0.1817      6.194    25.3841    29.6783    18.4907    18.4863    4979.16    35.3044     5.8602     8.3748    110.312    261.716      8.127  0.000e+00
     81.500      6.203   4.675163     2.6008     0.2353      6.169    25.3858    29.6800    18.4903    18.4859    4979.16    35.3066     5.8593     8.3735    110.296    261.677      8.125  0.000e+00
     81.750      6.179   4.675256     2.6038     0.2293      6.145    25.3858    29.6799    18.4911    18.4866    4979.17    35.3067     5.8703     8.3893    110.505    262.169      8.125  0.000e+00
     82.000      6.172   4.675319     2.6034     0.2293      6.138    25.3852    29.6794    18.4921    18.4877    4979.18    35.3064     5.8698     8.3885    110.497    262.144      8.124  0.000e+00
     82.250      6.160   4.675199     2.6021     0.2254      6.126    25.3835    29.6777    18.4931    18.4887    4979.18    35.3045     5.8646     8.3811    110.400    261.912      8.124  0.000e+00
     82.500      6.135   4.675199     2.6003     0.1837      6.101    25.3835    29.6776    18.4932    18.4888    4979.18    35.3044     5.8568     8.3699    110.253    261.563      8.125  0.000e+00
     82.750      6.110   4.675603     2.5977     0.1976      6.076    25.3861    29.6802    18.4932    18.4888    4979.19    35.3079     5.8449     8.3530    110.033    261.035      8.127  0.000e+00
     83.000      6.092   4.675568     2.5964     0.2075      6.058    25.3846    29.6787    18.4946    18.4902    4979.19    35.3063     5.8371     8.3418    109.887    260.685      8.125  0.000e+00
     83.250      6.073   4.675943     2.5963     0.1837      6.040    25.3857    29.6798    18.4961    18.4916    4979.21    35.3083     5.8347     8.3384    109.847    260.579      8.125  0.000e+00
     83.500      6.079   4.676227     2.5963     0.1976      6.046    25.3859    29.6800    18.4978    18.4934    4979.23    35.3092     5.8327     8.3355    109.812    260.487      8.123  0.000e+00
     83.750      6.073   4.676667     2.5972     0.2154      6.040    25.3862    29.6802    18.5007    18.4963    4979.27    35.3104     5.8344     8.3379    109.851    260.565      8.122  0.000e+00
     84.000      6.079   4.676731     2.5992     0.2254      6.046    25.3832    29.6771    18.5044    18.5000    4979.29    35.3078     5.8434     8.3507    110.026    260.964      8.124  0.000e+00
     84.250      6.073   4.676475     2.6005     0.2254      6.040    25.3790    29.6730    18.5072    18.5028    4979.30    35.3032     5.8523     8.3636    110.198    261.366      8.124  0.000e+00
     84.500      6.092   4.676291     2.6014     0.2154      6.058    25.3777    29.6716    18.5074    18.5029    4979.30    35.3015     5.8603     8.3749    110.346    261.720      8.124  0.000e+00
     84.750      6.085   4.675759     2.6029     0.2392      6.052    25.3752    29.6692    18.5063    18.5019    4979.27    35.2979     5.8695     8.3881    110.515    262.132      8.124  0.000e+00
     85.000      6.110   4.675355     2.6050     0.2254      6.077    25.3745    29.6685    18.5042    18.4997    4979.25    35.2963     5.8795     8.4024    110.698    262.579      8.124  0.000e+00
     85.250      6.147   4.675099     2.6048     0.2293      6.114    25.3758    29.6698    18.5010    18.4965    4979.22    35.2969     5.8803     8.4036    110.707    262.615      8.122  0.000e+00
     85.500      6.166   4.674943     2.6044     0.2293      6.132    25.3779    29.6720    18.4975    18.4930    4979.20    35.2986     5.8789     8.4015    110.674    262.549      8.123  0.000e+00
     85.750      6.197   4.674667     2.6047     0.1619      6.163    25.3789    29.6730    18.4944    18.4900    4979.17    35.2988     5.8778     8.3999    110.647    262.502      8.125  0.000e+00
     86.000      6.241   4.674511     2.6052     0.1619      6.206    25.3804    29.6747    18.4916    18.4872    4979.15    35.2999     5.8773     8.3993    110.633    262.481      8.127  0.000e+00
     86.250      6.259   4.674447     2.6047     0.1619      6.225    25.3821    29.6764    18.4893    18.4848    4979.13    35.3014     5.8736     8.3940    110.560    262.316      8.124  0.000e+00
     86.500      6.278   4.674511     2.6039     0.1659      6.243    25.3842    29.6784    18.4875    18.4830    4979.13    35.3034     5.8689     8.3873    110.469    262.106      8.125  0.000e+00
     86.750      6.290   4.674320     2.6019     0.1996      6.256    25.3836    29.6779    18.4867    18.4822    4979.12    35.3025     5.8595     8.3739    110.291    261.687      8.126  0.000e+00
     87.000      6.297   4.674192     2.6027     0.1916      6.262    25.3834    29.6777    18.4861    18.4816    4979.11    35.3020     5.8599     8.3744    110.296    261.704      8.124  0.000e+00
     87.250      6.266   4.674355     2.6031     0.1916      6.231    25.3855    29.6798    18.4849    18.4805    4979.10    35.3044     5.8611     8.3761    110.317    261.756      8.123  0.000e+00
     87.500      6.253   4.674476     2.6007     0.1936      6.219    25.3866    29.6809    18.4845    18.4801    4979.11    35.3057     5.8527     8.3640    110.158    261.379      8.124  0.000e+00
     87.750      6.210   4.674603     2.5982     0.1976      6.176    25.3868    29.6811    18.4853    18.4808    4979.11    35.3062     5.8425     8.3495    109.969    260.926      8.126  0.000e+00
     88.000      6.160   4.674851     2.5980     0.2254      6.127    25.3879    29.6822    18.4858    18.4814    4979.12    35.3078     5.8402     8.3462    109.928    260.823      8.121  0.000e+00
     88.250      6.123   4.675476     2.5981     0.2095      6.090    25.3905    29.6847    18.4875    18.4830    4979.15    35.3117     5.8400     8.3460    109.931    260.816      8.125  0.000e+00
     88.500      6.092   4.676227     2.5992     0.2313      6.059    25.3927    29.6868    18.4904    18.4860    4979.19    35.3155     5.8441     8.3517    110.015    260.996      8.124  0.000e+00
     88.750      6.049   4.676447     2.5988     0.2075      6.016    25.3900    29.6840    18.4950    18.4905    4979.22    35.3135     5.8440     8.3517    110.023    260.994      8.124  0.000e+00
     89.000      6.024   4.676851     2.6004     0.2353      5.991    25.3882    29.6822    18.4998    18.4954    4979.26    35.3128     5.8498     8.3599    110.141    261.252      8.124  0.000e+00
     89.250      6.024   4.676887     2.6003     0.2254      5.991    25.3845    29.6784    18.5042    18.4997    4979.29    35.3093     5.8519     8.3630    110.188    261.348      8.127  0.000e+00
     89.500      6.037   4.676511     2.6005     0.2075      6.003    25.3790    29.6730    18.5075    18.5030    4979.30    35.3033     5.8561     8.3690    110.270    261.534      8.124  0.000e+00
     89.750      6.055   4.675730     2.5992     0.2293      6.022    25.3732    29.6672    18.5083    18.5038    4979.28    35.2960     5.8535     8.3652    110.216    261.415      8.125  0.000e+00
     90.000      6.074   4.674879     2.5985     0.2353      6.040    25.3701    29.6641    18.5057    18.5013    4979.24    35.2910     5.8506     8.3611    110.154    261.289      8.124  0.000e+00
     90.250      6.123   4.674319     2.5986     0.2293      6.089    25.3714    29.6655    18.5002    18.4958    4979.19    35.2909     5.8503     8.3607    110.137    261.275      8.124  0.000e+00
     90.500      6.173   4.674355     2.5988     0.2194      6.139    25.3773    29.6715    18.4939    18.4895    4979.16    35.2966     5.8499     8.3602    110.121    261.258      8.122  0.000e+00
     90.750      6.210   4.674355     2.5990     0.2293      6.176    25.3813    29.6755    18.4895    18.4851    4979.13    35.3004     5.8506     8.3611    110.127    261.288      8.123  0.000e+00
     91.000      6.247   4.674291     2.6004     0.2194      6.213    25.3830    29.6773    18.4872    18.4828    4979.12    35.3018     5.8550     8.3674    110.205    261.484      8.125  0.000e+00
     91.250      6.272   4.674320     2.6001     0.2829      6.237    25.3845    29.6787    18.4858    18.4814    4979.11    35.3033     5.8557     8.3684    110.217    261.515      8.125  0.000e+00
     91.500      6.296   4.674355     2.5986     0.2888      6.262    25.3853    29.6796    18.4851    18.4806    4979.11    35.3042     5.8516     8.3625    110.138    261.330      8.126  0.000e+00
     91.750      6.290   4.674164     2.5996     0.2888      6.256    25.3842    29.6785    18.4850    18.4806    4979.10    35.3026     5.8557     8.3684    110.215    261.517      8.124  0.000e+00
     92.000      6.278   4.674164     2.6007     0.2928      6.243    25.3842    29.6785    18.4850    18.4806    4979.10    35.3027     5.8597     8.3742    110.291    261.696      8.124  0.000e+00
     92.250      6.253   4.674355     2.6027     0.1401      6.219    25.3851    29.6794    18.4853    18.4809    4979.11    35.3040     5.8668     8.3842    110.425    262.010      8.125  0.000e+00
     92.500      6.216   4.674568     2.6050     0.1341      6.182    25.3864    29.6807    18.4854    18.4810    4979.11    35.3057     5.8757     8.3970    110.594    262.408      8.124  0.000e+00
     92.750      6.173   4.674823     2.6050     0.1341      6.139    25.3877    29.6819    18.4859    18.4814    4979.12    35.3075     5.8774     8.3994    110.628    262.484      8.123  0.000e+00
     93.000      6.129   4.675383     2.6035     0.1242      6.095    25.3901    29.6843    18.4872    18.4828    4979.14    35.3111     5.8724     8.3922    110.539    262.260      8.126  0.000e+00
     93.250      6.080   4.675979     2.6022     0.2075      6.046    25.3915    29.6857    18.4899    18.4855    4979.18    35.3139     5.8674     8.3851    110.452    262.037      8.125  0.000e+00
     93.500      6.049   4.676256     2.6014     0.1877      6.015    25.3898    29.6839    18.4938    18.4894    4979.21    35.3129     5.8626     8.3782    110.369    261.822      8.125  0.000e+00
     93.750      6.030   4.676291     2.6030     0.1837      5.997    25.3864    29.6804    18.4978    18.4934    4979.23    35.3097     5.8646     8.3811    110.413    261.912      8.121  0.000e+00
     94.000      6.024   4.676319     2.6050     0.1877      5.991    25.3836    29.6776    18.5011    18.4967    4979.26    35.3071     5.8690     8.3874    110.502    262.110      8.124  0.000e+00
     94.250      6.024   4.676291     2.6056     0.1817      5.991    25.3813    29.6753    18.5034    18.4989    4979.27    35.3050     5.8698     8.3886    110.520    262.146      8.124  0.000e+00
     94.500      6.037   4.675511     2.6059     0.1976      6.003    25.3750    29.6690    18.5048    18.5004    4979.25    35.2971     5.8717     8.3912    110.553    262.229      8.122  0.000e+00
     94.750      6.055   4.674667     2.6060     0.1877      6.022    25.3710    29.6650    18.5032    18.4988    4979.22    35.2914     5.8744     8.3952    110.598    262.353      8.121  0.000e+00
     95.000      6.092   4.674695     2.6052     0.1916      6.059    25.3757    29.6698    18.4982    18.4938    4979.19    35.2959     5.8740     8.3945    110.582    262.332      8.126  0.000e+00
     95.250      6.123   4.674603     2.6059     0.1936      6.090    25.3793    29.6735    18.4936    18.4891    4979.16    35.2991     5.8770     8.3988    110.630    262.465      8.121  0.000e+00
     95.500      6.148   4.674476     2.6050     0.1837      6.114    25.3811    29.6753    18.4906    18.4862    4979.14    35.3005     5.8733     8.3936    110.556    262.302      8.124  0.000e+00
     95.750      6.192   4.674511     2.6056     0.2035      6.158    25.3828    29.6770    18.4890    18.4846    4979.13    35.3022     5.8728     8.3928    110.545    262.279      8.122  0.000e+00
     96.000      6.216   4.674476     2.6048     0.2035      6.182    25.3835    29.6777    18.4880    18.4836    4979.13    35.3027     5.8683     8.3864    110.458    262.077      8.123  0.000e+00
     96.250      6.254   4.674383     2.6047     0.2035      6.219    25.3833    29.6776    18.4875    18.4830    4979.12    35.3024     5.8670     8.3845    110.433    262.021      8.122  0.000e+00
     96.500      6.284   4.674320     2.6036     0.2194      6.250    25.3836    29.6778    18.4868    18.4823    4979.12    35.3024     5.8629     8.3787    110.354    261.839      8.125  0.000e+00
     96.750      6.303   4.674320     2.6044     0.2234      6.268    25.3842    29.6785    18.4861    18.4816    4979.11    35.3030     5.8655     8.3824    110.402    261.954      8.125  0.000e+00
     97.000      6.322   4.674320     2.6060     0.2254      6.287    25.3847    29.6790    18.4855    18.4811    4979.11    35.3035     5.8717     8.3912    110.517    262.230      8.123  0.000e+00
     97.250      6.315   4.674320     2.6066     0.2313      6.281    25.3851    29.6794    18.4851    18.4806    4979.11    35.3039     5.8747     8.3956    110.574    262.366      8.125  0.000e+00
     97.500      6.303   4.674383     2.6059     0.2234      6.268    25.3856    29.6799    18.4850    18.4806    4979.11    35.3045     5.8736     8.3940    110.554    262.317      8.125  0.000e+00
     97.750      6.272   4.674539     2.6079     0.2254      6.237    25.3865    29.6808    18.4851    18.4806    4979.11    35.3058     5.8812     8.4048    110.697    262.654      8.124  0.000e+00
     98.000      6.216   4.674667     2.6088     0.2293      6.182    25.3867    29.6810    18.4858    18.4814    4979.12    35.3063     5.8858     8.4115    110.786    262.862      8.124  0.000e+00
     98.250      6.148   4.675163     2.6109     0.2353      6.114    25.3891    29.6833    18.4868    18.4823    4979.14    35.3096     5.8942     8.4234    110.948    263.236      8.122  0.000e+00
     98.500      6.073   4.675788     2.6111     0.2254      6.040    25.3914    29.6855    18.4887    18.4843    4979.16    35.3133     5.8960     8.4260    110.989    263.317      8.125  0.000e+00
     98.750      6.005   4.675943     2.6093     0.2512      5.972    25.3887    29.6828    18.4928    18.4884    4979.19    35.3111     5.8886     8.4154    110.856    262.985      8.124  0.000e+00
     99.000      5.962   4.676419     2.6052     0.2611      5.929    25.3882    29.6822    18.4968    18.4923    4979.23    35.3118     5.8715     8.3909    110.542    262.219      8.122  0.000e+00
     99.250      5.931   4.676667     2.6022     0.2512      5.898    25.3866    29.6806    18.5002    18.4958    4979.26    35.3109     5.8569     8.3700    110.273    261.567      8.124  0.000e+00
     99.500      5.931   4.676319     2.6014     0.2571      5.898    25.3813    29.6753    18.5036    18.4992    4979.27    35.3050     5.8494     8.3594    110.136    261.234      8.125  0.000e+00
     99.750      5.962   4.676163     2.6040     0.3087      5.929    25.3791    29.6730    18.5050    18.5005    4979.27    35.3025     5.8534     8.3650    110.212    261.411      8.122  0.000e+00
    100.000      6.011   4.675007     2.6047     0.3047      5.978    25.3719    29.6659    18.5046    18.5002    4979.24    35.2930     5.8555     8.3681    110.246    261.508      8.123  0.000e+00
    100.250      6.086   4.674880     2.6055     0.2769      6.052    25.3744    29.6685    18.5009    18.4964    4979.21    35.2951     5.8596     8.3739    110.315    261.688      8.125  0.000e+00
