cruises/baja2025/cnv/20250504_cast2.cnv
* Sea-Bird SBE19plus Data File:
* FileName = C:\Users\ScienceTech\OneDrive - Western Flyer Foundation\Desktop\ProfilingCTD\data\Leg 3\20250504_T4_cast1.hex
* Software Version 1.59
* Temperature SN =  8289
* Conductivity SN =  8289
* System UpLoad Time = May 04 2025 19:15:27
** 1655Z
** 27-22.78'N
** 112-11.87;W
** Depth 692m
# nquan = 18
# nvalues = 8019                                  
# units = specified
# name 0 = timeS: Time, Elapsed [seconds]
# name 1 = prdM: Pressure, Strain Gauge [db]
# name 2 = c0S/m: Conductivity [S/m]
# name 3 = sbeox0V: Oxygen raw, SBE 43 [V]
# name 4 = flECO-AFL: Fluorescence, WET Labs ECO-AFL/FL [mg/m^3]
# name 5 = depSM: Depth [salt water, m], lat = 0.00
# name 6 = sigma-t00: Density [sigma-t, kg/m^3 ]
# name 7 = sigma-100: Density [sigma-1, kg/m^3 ]
# name 8 = tv268C: Temperature [IPTS-68, deg C]
# name 9 = tv290C: Temperature [ITS-90, deg C]
# name 10 = svCF: Sound Velocity [Chen-Millero, ft/s]
# name 11 = sal00: Salinity, Practical [PSU]
# name 12 = sbeox0ML/L: Oxygen, SBE 43 [ml/l]
# name 13 = sbeox0Mg/L: Oxygen, SBE 43 [mg/l]
# name 14 = sbeox0PS: Oxygen, SBE 43 [% saturation]
# name 15 = sbeox0Mm/L: Oxygen, SBE 43 [umol/l]
# name 16 = ph: pH
# name 17 = flag:  0.000e+00
# span 0 =      0.000,   2004.500                 
# span 1 =     -0.218,    483.171                 
# span 2 =   0.056470,   4.812498                 
# span 3 =     0.6428,     2.9696                 
# span 4 =    -0.1654,   128.7237                 
# span 5 =     -0.217,    479.956                 
# span 6 =    -1.4302,    26.7753                 
# span 7 =     3.0783,    31.2480                 
# span 8 =     9.7413,    19.9925                 
# span 9 =     9.7390,    19.9877                 
# span 10 =    4857.37,    4990.69                
# span 11 =     0.3092,    35.5672                
# span 12 =     0.4129,     7.5223                
# span 13 =     0.5901,    10.7502                
# span 14 =      6.490,    133.598                
# span 15 =     18.440,    335.948                
# span 16 =      7.467,      8.232                
# span 17 = 0.0000e+00, 0.0000e+00                
# interval = seconds: 0.25
# start_time = May 04 2025 09:54:46 [Instrument's time stamp, header]
# bad_flag = -9.990e-29
*END*
[from data line 965]
    241.250      5.964   4.786435     2.9481     0.5566      5.931    25.1300    29.4070    19.5576    19.5529    4989.17    35.3290     6.6780     9.5435    128.241    298.239      8.191  0.000e+00
    241.500      5.920   4.786242     2.9478     0.5626      5.888    25.1272    29.4042    19.5593    19.5546    4989.17    35.3259     6.6761     9.5409    128.208    298.156      8.192  0.000e+00
    241.750      5.889   4.786141     2.9472     0.5685      5.857    25.1260    29.4030    19.5600    19.5553    4989.17    35.3245     6.6752     9.5395    128.190    298.114      8.192  0.000e+00
    242.000      5.877   4.786013     2.9491     0.3781      5.845    25.1253    29.4023    19.5598    19.5551    4989.17    35.3236     6.6835     9.5515    128.349    298.487      8.192  0.000e+00
    242.250      5.896   4.786013     2.9501     0.4138      5.863    25.1257    29.4028    19.5593    19.5546    4989.16    35.3240     6.6894     9.5598    128.460    298.747      8.192  0.000e+00
    242.500      5.951   4.785368     2.9510     0.3781      5.919    25.1222    29.3992    19.5588    19.5541    4989.14    35.3191     6.6961     9.5694    128.584    299.047      8.191  0.000e+00
    242.750      6.001   4.784473     2.9529     0.3841      5.968    25.1178    29.3949    19.5573    19.5526    4989.11    35.3130     6.7064     9.5841    128.774    299.507      8.190  0.000e+00
    243.000      6.057   4.784244     2.9571     0.5031      6.023    25.1206    29.3977    19.5526    19.5480    4989.08    35.3149     6.7241     9.6095    129.105    300.300      8.191  0.000e+00
    243.250      6.100   4.784051     2.9590     0.4991      6.066    25.1236    29.4008    19.5479    19.5432    4989.05    35.3173     6.7350     9.6250    129.305    300.786      8.190  0.000e+00
    243.500      6.112   4.783507     2.9615     0.4793      6.079    25.1232    29.4005    19.5446    19.5399    4989.01    35.3156     6.7465     9.6414    129.515    301.297      8.191  0.000e+00
    243.750      6.119   4.783249     2.9607     0.4813      6.085    25.1244    29.4017    19.5415    19.5368    4988.98    35.3161     6.7455     9.6401    129.491    301.256      8.189  0.000e+00
    244.000      6.100   4.782991     2.9596     0.6241      6.067    25.1257    29.4031    19.5382    19.5335    4988.95    35.3168     6.7407     9.6331    129.390    301.039      8.193  0.000e+00
    244.250      6.075   4.782733     2.9569     0.6201      6.042    25.1267    29.4041    19.5354    19.5307    4988.93    35.3171     6.7291     9.6165    129.160    300.520      8.192  0.000e+00
    244.500      6.044   4.782605     2.9540     0.6062      6.011    25.1280    29.4055    19.5329    19.5283    4988.91    35.3180     6.7144     9.5955    128.874    299.865      8.192  0.000e+00
    244.750      6.007   4.782511     2.9526     0.6201      5.974    25.1290    29.4065    19.5312    19.5265    4988.89    35.3188     6.7028     9.5790    128.648    299.347      8.189  0.000e+00
    245.000      5.982   4.782318     2.9523     0.6181      5.949    25.1297    29.4072    19.5292    19.5245    4988.87    35.3189     6.6958     9.5690    128.509    299.036      8.190  0.000e+00
    245.250      5.927   4.782540     2.9536     0.7411      5.894    25.1324    29.4099    19.5278    19.5231    4988.87    35.3219     6.6969     9.5706    128.529    299.085      8.194  0.000e+00
    245.500      5.883   4.782769     2.9565     0.7471      5.851    25.1340    29.4115    19.5276    19.5229    4988.87    35.3240     6.7066     9.5844    128.716    299.517      8.191  0.000e+00
    245.750      5.846   4.782705     2.9571     0.7451      5.814    25.1332    29.4107    19.5280    19.5234    4988.87    35.3231     6.7131     9.5937    128.841    299.808      8.189  0.000e+00
    246.000      5.821   4.781996     2.9565     0.7590      5.789    25.1282    29.4057    19.5286    19.5239    4988.85    35.3167     6.7159     9.5977    128.891    299.931      8.194  0.000e+00
    246.250      5.796   4.781767     2.9553     0.5447      5.765    25.1282    29.4057    19.5270    19.5223    4988.83    35.3162     6.7160     9.5979    128.889    299.937      8.190  0.000e+00
    246.500      5.790   4.783027     2.9543     0.5447      5.758    25.1380    29.4155    19.5250    19.5203    4988.86    35.3284     6.7142     9.5953    128.859    299.857      8.191  0.000e+00
    246.750      5.809   4.783342     2.9537     0.5566      5.777    25.1386    29.4161    19.5265    19.5218    4988.88    35.3297     6.7111     9.5908    128.804    299.717      8.191  0.000e+00
    247.000      5.877   4.783893     2.9541     0.5606      5.845    25.1389    29.4164    19.5300    19.5253    4988.92    35.3313     6.7096     9.5886    128.784    299.649      8.192  0.000e+00
    247.250      5.964   4.784924     2.9550     0.5487      5.931    25.1422    29.4195    19.5336    19.5289    4988.98    35.3367     6.7095     9.5886    128.796    299.647      8.191  0.000e+00
    247.500      6.050   4.785368     2.9540     0.5666      6.017    25.1398    29.4171    19.5392    19.5345    4989.03    35.3356     6.7041     9.5808    128.704    299.405      8.192  0.000e+00
    247.750      6.143   4.785440     2.9539     0.5566      6.109    25.1353    29.4125    19.5447    19.5400    4989.07    35.3316     6.7034     9.5798    128.700    299.372      8.192  0.000e+00
    248.000      6.236   4.785275     2.9533     0.5487      6.202    25.1307    29.4079    19.5486    19.5439    4989.09    35.3269     6.7022     9.5781    128.683    299.319      8.194  0.000e+00
    248.250      6.261   4.785017     2.9538     0.5626      6.226    25.1274    29.4046    19.5504    19.5457    4989.10    35.3232     6.7048     9.5819    128.735    299.438      8.191  0.000e+00
    248.500      6.273   4.784631     2.9531     0.5824      6.239    25.1250    29.4022    19.5503    19.5456    4989.09    35.3200     6.7033     9.5797    128.704    299.371      8.191  0.000e+00
    248.750      6.230   4.784889     2.9508     0.5884      6.196    25.1273    29.4045    19.5496    19.5449    4989.09    35.3228     6.6953     9.5682    128.550    299.011      8.194  0.000e+00
    249.000      6.149   4.784953     2.9502     0.5745      6.116    25.1284    29.4056    19.5489    19.5443    4989.08    35.3239     6.6915     9.5629    128.478    298.844      8.191  0.000e+00
    249.250      6.038   4.784824     2.9537     0.5864      6.005    25.1277    29.4049    19.5489    19.5442    4989.07    35.3230     6.7024     9.5784    128.685    299.329      8.191  0.000e+00
    249.500      5.883   4.784845     2.9547     0.4991      5.851    25.1282    29.4054    19.5485    19.5438    4989.06    35.3235     6.7077     9.5859    128.786    299.565      8.192  0.000e+00
    249.750      5.734   4.784860     2.9527     0.4793      5.703    25.1286    29.4058    19.5481    19.5434    4989.05    35.3240     6.7027     9.5788    128.689    299.341      8.192  0.000e+00
    250.000      5.617   4.784888     2.9497     0.4753      5.586    25.1289    29.4061    19.5480    19.5433    4989.05    35.3244     6.6931     9.5650    128.505    298.912      8.192  0.000e+00
    250.250      5.561   4.784924     2.9498     0.4852      5.530    25.1290    29.4062    19.5482    19.5435    4989.05    35.3245     6.6921     9.5637    128.487    298.870      8.191  0.000e+00
    250.500      5.567   4.785146     2.9496     0.4932      5.536    25.1302    29.4073    19.5485    19.5438    4989.05    35.3261     6.6912     9.5624    128.471    298.828      8.193  0.000e+00
    250.750      5.635   4.785339     2.9518     0.4932      5.604    25.1309    29.4080    19.5490    19.5443    4989.07    35.3272     6.6986     9.5730    128.616    299.160      8.190  0.000e+00
    251.000      5.765   4.787273     2.9526     0.4793      5.734    25.1416    29.4186    19.5507    19.5460    4989.14    35.3418     6.7005     9.5756    128.667    299.243      8.191  0.000e+00
    251.250      5.933   4.786786     2.9536     0.4932      5.900    25.1342    29.4112    19.5554    19.5507    4989.17    35.3337     6.7031     9.5794    128.723    299.362      8.190  0.000e+00
    251.500      6.106   4.786786     2.9559     0.4991      6.073    25.1297    29.4067    19.5602    19.5555    4989.20    35.3296     6.7130     9.5936    128.921    299.804      8.190  0.000e+00
    251.750      6.267   4.786013     2.9565     0.5943      6.233    25.1225    29.3995    19.5628    19.5581    4989.20    35.3209     6.7193     9.6026    129.042    300.086      8.191  0.000e+00
    252.000      6.366   4.782898     2.9578     0.6003      6.331    25.1039    29.3811    19.5615    19.5568    4989.11    35.2962     6.7278     9.6147    129.183    300.465      8.191  0.000e+00
    252.250      6.422   4.783507     2.9587     0.5943      6.387    25.1159    29.3931    19.5526    19.5479    4989.07    35.3088     6.7324     9.6213    129.259    300.669      8.192  0.000e+00
    252.500      6.385   4.784022     2.9585     0.5804      6.350    25.1266    29.4039    19.5443    19.5396    4989.04    35.3200     6.7319     9.6205    129.238    300.646      8.193  0.000e+00
    252.750      6.304   4.785082     2.9578     0.6003      6.270    25.1359    29.4132    19.5415    19.5368    4989.05    35.3313     6.7273     9.6140    129.151    300.440      8.192  0.000e+00
    253.000      6.168   4.785311     2.9557     0.5884      6.134    25.1357    29.4129    19.5434    19.5387    4989.06    35.3316     6.7174     9.5999    128.968    300.001      8.192  0.000e+00
    253.250      6.019   4.784989     2.9521     0.5983      5.986    25.1304    29.4076    19.5470    19.5423    4989.06    35.3259     6.7013     9.5768    128.662    299.280      8.191  0.000e+00
    253.500      5.858   4.785311     2.9516     0.5804      5.826    25.1304    29.4075    19.5493    19.5446    4989.08    35.3267     6.6941     9.5665    128.529    298.957      8.191  0.000e+00
    253.750      5.747   4.785755     2.9513     0.4575      5.715    25.1320    29.4092    19.5506    19.5459    4989.10    35.3293     6.6896     9.5601    128.448    298.756      8.191  0.000e+00
    254.000      5.660   4.785984     2.9528     0.4575      5.629    25.1318    29.4088    19.5526    19.5479    4989.11    35.3296     6.6924     9.5641    128.506    298.882      8.193  0.000e+00
    254.250      5.635   4.786048     2.9540     0.4475      5.604    25.1301    29.4071    19.5549    19.5502    4989.12    35.3282     6.6969     9.5705    128.597    299.083      8.191  0.000e+00
    254.500      5.660   4.786242     2.9552     0.4515      5.629    25.1295    29.4065    19.5568    19.5521    4989.14    35.3281     6.7036     9.5802    128.732    299.385      8.191  0.000e+00
    254.750      5.741   4.786543     2.9589     0.4634      5.709    25.1302    29.4071    19.5582    19.5535    4989.16    35.3294     6.7200     9.6036    129.050    300.116      8.193  0.000e+00
    255.000      5.871   4.785855     2.9612     0.4198      5.838    25.1241    29.4011    19.5600    19.5554    4989.16    35.3221     6.7338     9.6232    129.313    300.731      8.193  0.000e+00
    255.250      6.007   4.785404     2.9620     0.4138      5.974    25.1212    29.3982    19.5600    19.5554    4989.16    35.3183     6.7416     9.6345    129.462    301.082      8.192  0.000e+00
    255.500      6.137   4.785562     2.9601     0.4158      6.103    25.1248    29.4018    19.5572    19.5525    4989.15    35.3220     6.7373     9.6282    129.373    300.886      8.194  0.000e+00
    255.750      6.248   4.785118     2.9598     0.4317      6.214    25.1236    29.4007    19.5553    19.5506    4989.13    35.3198     6.7352     9.6253    129.328    300.795      8.193  0.000e+00
    256.000      6.310   4.783664     2.9594     0.7729      6.276    25.1161    29.3933    19.5535    19.5488    4989.08    35.3093     6.7314     9.6199    129.243    300.625      8.194  0.000e+00
    256.250      6.329   4.784502     2.9608     0.7729      6.294    25.1263    29.4035    19.5480    19.5433    4989.07    35.3209     6.7329     9.6219    129.266    300.690      8.193  0.000e+00
    256.500      6.292   4.784309     2.9585     0.7530      6.257    25.1275    29.4048    19.5453    19.5406    4989.05    35.3216     6.7224     9.6069    129.059    300.221      8.193  0.000e+00
    256.750      6.223   4.784796     2.9581     0.7669      6.189    25.1314    29.4086    19.5445    19.5398    4989.05    35.3263     6.7167     9.5988    128.952    299.968      8.193  0.000e+00
    257.000      6.124   4.785182     2.9574     0.5566      6.091    25.1328    29.4101    19.5456    19.5409    4989.07    35.3286     6.7118     9.5919    128.863    299.750      8.193  0.000e+00
    257.250      6.013   4.785239     2.9558     0.5368      5.980    25.1315    29.4087    19.5476    19.5429    4989.07    35.3275     6.7057     9.5831    128.749    299.477      8.190  0.000e+00
    257.500      5.914   4.785440     2.9536     0.5547      5.881    25.1313    29.4085    19.5491    19.5444    4989.09    35.3279     6.6982     9.5725    128.610    299.143      8.190  0.000e+00
    257.750      5.833   4.785755     2.9534     0.5547      5.801    25.1319    29.4091    19.5507    19.5460    4989.10    35.3292     6.6957     9.5689    128.566    299.031      8.194  0.000e+00
    258.000      5.784   4.785884     2.9539     0.5666      5.752    25.1308    29.4078    19.5529    19.5482    4989.11    35.3284     6.6963     9.5697    128.582    299.057      8.194  0.000e+00
    258.250      5.765   4.785440     2.9546     0.4317      5.733    25.1264    29.4034    19.5547    19.5500    4989.11    35.3232     6.6989     9.5734    128.631    299.172      8.193  0.000e+00
    258.500      5.796   4.785182     2.9535     0.4257      5.764    25.1247    29.4018    19.5547    19.5500    4989.10    35.3211     6.6980     9.5721    128.613    299.132      8.190  0.000e+00
    258.750      5.852   4.785211     2.9542     0.4257      5.820    25.1260    29.4031    19.5535    19.5488    4989.10    35.3223     6.7018     9.5775    128.683    299.301      8.193  0.000e+00
    259.000      5.926   4.785182     2.9549     0.4297      5.893    25.1268    29.4039    19.5524    19.5477    4989.10    35.3230     6.7064     9.5842    128.771    299.509      8.194  0.000e+00
    259.250      6.001   4.786399     2.9554     0.4912      5.967    25.1350    29.4121    19.5517    19.5470    4989.13    35.3336     6.7105     9.5899    128.855    299.690      8.190  0.000e+00
    259.500      6.093   4.786113     2.9566     0.4932      6.060    25.1307    29.4078    19.5545    19.5498    4989.15    35.3289     6.7164     9.5984    128.972    299.954      8.192  0.000e+00
    259.750      6.155   4.785662     2.9595     0.4991      6.121    25.1255    29.4025    19.5571    19.5524    4989.15    35.3229     6.7270     9.6136    129.177    300.428      8.194  0.000e+00
    260.000      6.223   4.785769     2.9601     0.4912      6.189    25.1262    29.4033    19.5570    19.5523    4989.16    35.3238     6.7306     9.6188    129.247    300.591      8.191  0.000e+00
    260.250      6.230   4.785597     2.9573     0.4297      6.195    25.1258    29.4029    19.5563    19.5516    4989.15    35.3230     6.7223     9.6069    129.085    300.218      8.194  0.000e+00
    260.500      6.230   4.785239     2.9568     0.4217      6.195    25.1242    29.4013    19.5555    19.5508    4989.13    35.3207     6.7203     9.6039    129.042    300.128      8.190  0.000e+00
    260.750      6.199   4.785053     2.9575     0.4257      6.165    25.1243    29.4014    19.5541    19.5494    4989.12    35.3203     6.7206     9.6044    129.045    300.142      8.194  0.000e+00
    261.000      6.137   4.785182     2.9567     0.4257      6.103    25.1266    29.4038    19.5525    19.5478    4989.11    35.3228     6.7159     9.5977    128.953    299.934      8.190  0.000e+00
