cruises/baja2025/cnv/20250430_cast1.cnv
* Sea-Bird SBE19plus Data File:
* FileName = C:\Users\ScienceTech\OneDrive - Western Flyer Foundation\Desktop\ProfilingCTD\data\20250430_Seamount1_cast1.hex
* Software Version 1.59
* Temperature SN =  8289
* Conductivity SN =  8289
* System UpLoad Time = Apr 30 2025 18:06:42
** "Seamount 1" 27-17.152N 112-07.798W
** 504 m water
** Cast to 475m
** SB cast 30
** WF cast 15
# nquan = 18
# nvalues = 8961                                  
# units = specified
# name 0 = timeS: Time, Elapsed [seconds]
# name 1 = prdM: Pressure, Strain Gauge [db]
# name 2 = c0S/m: Conductivity [S/m]
# name 3 = sbeox0V: Oxygen raw, SBE 43 [V]
# name 4 = flECO-AFL: Fluorescence, WET Labs ECO-AFL/FL [mg/m^3]
# name 5 = depSM: Depth [salt water, m], lat = 0.00
# name 6 = sigma-t00: Density [sigma-t, kg/m^3 ]
# name 7 = sigma-100: Density [sigma-1, kg/m^3 ]
# name 8 = tv268C: Temperature [IPTS-68, deg C]
# name 9 = tv290C: Temperature [ITS-90, deg C]
# name 10 = svCF: Sound Velocity [Chen-Millero, ft/s]
# name 11 = sal00: Salinity, Practical [PSU]
# name 12 = sbeox0ML/L: Oxygen, SBE 43 [ml/l]
# name 13 = sbeox0Mg/L: Oxygen, SBE 43 [mg/l]
# name 14 = sbeox0PS: Oxygen, SBE 43 [% saturation]
# name 15 = sbeox0Mm/L: Oxygen, SBE 43 [umol/l]
# name 16 = ph: pH
# name 17 = flag:  0.000e+00
# span 0 =      0.000,   2240.000                 
# span 1 =     -0.170,    476.716                 
# span 2 =  -0.446895,   4.954579                 
# span 3 =     0.7033,     3.8588                 
# span 4 =    -0.1734,   128.6801                 
# span 5 =     -0.169,    473.551                 
# span 6 =    -4.2324,    26.7693                 
# span 7 =     0.1114,    31.2371                 
# span 8 =     9.9771,    29.6460                 
# span 9 =     9.9748,    29.6389                 
# span 10 =    4850.79,    5029.94                
# span 11 =     0.0000,    36.8810                
# span 12 =     0.6234,     9.6181                
# span 13 =     0.8909,    13.7453                
# span 14 =      9.856,    182.761                
# span 15 =     27.840,    429.546                
# span 16 =      7.021,      8.285                
# span 17 = 0.0000e+00, 0.0000e+00                
# interval = seconds: 0.25
# start_time = Apr 30 2025 14:29:48 [Instrument's time stamp, header]
# bad_flag = -9.990e-29
*END*
[from data line 6513]
   1628.250    317.058   3.942289     0.8643    -0.0643    315.075    26.5690    31.0034    11.4290    11.4262    4920.90    34.8351     1.1544     1.6497     18.827     51.554      7.662  0.000e+00
   1628.500    316.866   3.942289     0.8645    -0.0643    314.884    26.5689    31.0033    11.4292    11.4264    4920.89    34.8350     1.1549     1.6505     18.837     51.580      7.663  0.000e+00
   1628.750    316.693   3.942315     0.8636    -0.0702    314.712    26.5691    31.0035    11.4292    11.4264    4920.88    34.8353     1.1497     1.6431     18.752     51.347      7.664  0.000e+00
   1629.000    316.507   3.942315     0.8645    -0.0643    314.527    26.5691    31.0035    11.4293    11.4265    4920.87    34.8353     1.1521     1.6464     18.790     51.452      7.666  0.000e+00
   1629.250    316.333   3.942289     0.8648    -0.0702    314.354    26.5690    31.0034    11.4293    11.4265    4920.86    34.8351     1.1542     1.6495     18.826     51.549      7.665  0.000e+00
   1629.500    316.178   3.942289     0.8639    -0.0682    314.201    26.5691    31.0035    11.4292    11.4264    4920.85    34.8352     1.1501     1.6436     18.758     51.363      7.665  0.000e+00
   1629.750    316.023   3.942315     0.8633    -0.0623    314.047    26.5691    31.0035    11.4294    11.4267    4920.85    34.8354     1.1469     1.6390     18.705     51.219      7.664  0.000e+00
   1630.000    315.880   3.942282     0.8636    -0.0722    313.905    26.5689    31.0033    11.4295    11.4267    4920.84    34.8350     1.1488     1.6418     18.737     51.306      7.666  0.000e+00
   1630.250    315.725   3.942289     0.8635    -0.0722    313.751    26.5690    31.0034    11.4295    11.4267    4920.83    34.8352     1.1472     1.6395     18.711     51.235      7.664  0.000e+00
   1630.500    315.589   3.942262     0.8629    -0.0603    313.616    26.5687    31.0031    11.4296    11.4269    4920.82    34.8348     1.1445     1.6356     18.666     51.113      7.667  0.000e+00
   1630.750    315.440   3.942262     0.8639    -0.0643    313.468    26.5689    31.0032    11.4295    11.4267    4920.81    34.8350     1.1487     1.6416     18.735     51.302      7.664  0.000e+00
   1631.000    315.261   3.942235     0.8632    -0.0623    313.290    26.5689    31.0033    11.4293    11.4265    4920.80    34.8351     1.1457     1.6373     18.686     51.166      7.665  0.000e+00
   1631.250    315.087   3.942209     0.8637    -0.0623    313.117    26.5687    31.0031    11.4293    11.4266    4920.79    34.8348     1.1483     1.6411     18.729     51.285      7.667  0.000e+00
   1631.500    314.876   3.942202     0.8642    -0.0861    312.908    26.5688    31.0032    11.4293    11.4265    4920.78    34.8349     1.1528     1.6474     18.802     51.483      7.666  0.000e+00
   1631.750    314.666   3.942262     0.8641    -0.0702    312.699    26.5695    31.0038    11.4291    11.4264    4920.77    34.8357     1.1533     1.6482     18.810     51.506      7.664  0.000e+00
   1632.000    314.449   3.942262     0.8634    -0.0563    312.483    26.5693    31.0037    11.4293    11.4266    4920.76    34.8356     1.1502     1.6437     18.759     51.366      7.665  0.000e+00
   1632.250    314.269   3.942235     0.8637    -0.0702    312.305    26.5691    31.0034    11.4295    11.4267    4920.75    34.8353     1.1513     1.6453     18.778     51.417      7.664  0.000e+00
   1632.500    314.064   3.942255     0.8637    -0.0702    312.102    26.5692    31.0035    11.4296    11.4269    4920.74    34.8354     1.1511     1.6451     18.775     51.409      7.666  0.000e+00
   1632.750    313.897   3.942261     0.8647    -0.0702    311.935    26.5691    31.0034    11.4298    11.4271    4920.73    34.8354     1.1547     1.6502     18.833     51.569      7.666  0.000e+00
   1633.000    313.761   3.942235     0.8641    -0.0623    311.800    26.5688    31.0032    11.4299    11.4272    4920.73    34.8351     1.1529     1.6476     18.804     51.488      7.665  0.000e+00
   1633.250    313.643   3.942235     0.8649    -0.0722    311.683    26.5688    31.0031    11.4300    11.4272    4920.72    34.8351     1.1561     1.6522     18.856     51.632      7.664  0.000e+00
   1633.500    313.525   3.942175     0.8645    -0.0543    311.566    26.5685    31.0028    11.4298    11.4271    4920.71    34.8347     1.1548     1.6504     18.835     51.575      7.663  0.000e+00
   1633.750    313.407   3.942175     0.8647    -0.0623    311.449    26.5686    31.0029    11.4298    11.4270    4920.71    34.8348     1.1562     1.6523     18.857     51.634      7.662  0.000e+00
   1634.000    313.289   3.942149     0.8642    -0.0563    311.332    26.5687    31.0030    11.4295    11.4268    4920.70    34.8348     1.1544     1.6498     18.829     51.557      7.664  0.000e+00
   1634.250    313.134   3.942122     0.8650    -0.0781    311.178    26.5687    31.0030    11.4293    11.4266    4920.69    34.8348     1.1567     1.6531     18.866     51.660      7.663  0.000e+00
   1634.500    312.967   3.942069     0.8644    -0.0623    311.012    26.5684    31.0027    11.4293    11.4265    4920.67    34.8344     1.1535     1.6485     18.813     51.515      7.666  0.000e+00
   1634.750    312.787   3.942069     0.8637    -0.0762    310.834    26.5687    31.0031    11.4290    11.4262    4920.66    34.8348     1.1489     1.6419     18.738     51.310      7.667  0.000e+00
   1635.000    312.595   3.942122     0.8642    -0.0603    310.643    26.5693    31.0036    11.4289    11.4262    4920.65    34.8354     1.1504     1.6441     18.763     51.377      7.668  0.000e+00
   1635.250    312.397   3.942148     0.8641    -0.0722    310.446    26.5694    31.0037    11.4290    11.4263    4920.65    34.8356     1.1492     1.6423     18.743     51.322      7.665  0.000e+00
   1635.500    312.205   3.942347     0.8647    -0.0781    310.255    26.5708    31.0051    11.4293    11.4265    4920.64    34.8375     1.1524     1.6469     18.796     51.466      7.665  0.000e+00
   1635.750    312.012   3.942512     0.8639    -0.0702    310.064    26.5713    31.0055    11.4302    11.4274    4920.65    34.8383     1.1494     1.6426     18.747     51.331      7.664  0.000e+00
   1636.000    311.858   3.942538     0.8639    -0.0722    309.910    26.5705    31.0047    11.4314    11.4286    4920.65    34.8375     1.1491     1.6421     18.742     51.317      7.665  0.000e+00
   1636.250    311.721   3.942512     0.8652    -0.0781    309.775    26.5694    31.0036    11.4324    11.4296    4920.65    34.8364     1.1550     1.6507     18.840     51.584      7.665  0.000e+00
   1636.500    311.585   3.942618     0.8649    -0.0563    309.640    26.5693    31.0035    11.4334    11.4306    4920.65    34.8366     1.1554     1.6511     18.845     51.598      7.664  0.000e+00
   1636.750    311.486   3.942730     0.8646    -0.0702    309.541    26.5698    31.0039    11.4339    11.4311    4920.66    34.8373     1.1550     1.6506     18.840     51.583      7.667  0.000e+00
   1637.000    311.393   3.942789     0.8646    -0.0781    309.449    26.5696    31.0037    11.4346    11.4319    4920.66    34.8372     1.1543     1.6496     18.829     51.551      7.664  0.000e+00
   1637.250    311.300   3.942842     0.8647    -0.0722    309.356    26.5692    31.0033    11.4355    11.4327    4920.66    34.8369     1.1544     1.6497     18.831     51.555      7.668  0.000e+00
   1637.500    311.188   3.942955     0.8653    -0.0643    309.246    26.5696    31.0037    11.4360    11.4333    4920.67    34.8375     1.1568     1.6532     18.870     51.663      7.668  0.000e+00
   1637.750    311.039   3.943312     0.8646    -0.0623    309.098    26.5714    31.0055    11.4371    11.4344    4920.68    34.8401     1.1544     1.6498     18.832     51.556      7.664  0.000e+00
   1638.000    310.884   3.943927     0.8652    -0.0603    308.944    26.5748    31.0088    11.4386    11.4358    4920.71    34.8449     1.1561     1.6521     18.860     51.629      7.666  0.000e+00
   1638.250    310.723   3.943755     0.8653    -0.0643    308.784    26.5705    31.0045    11.4419    11.4392    4920.72    34.8401     1.1554     1.6512     18.851     51.602      7.667  0.000e+00
   1638.500    310.543   3.943450     0.8653    -0.0623    308.605    26.5662    31.0001    11.4442    11.4414    4920.71    34.8351     1.1563     1.6525     18.865     51.641      7.666  0.000e+00
   1638.750    310.388   3.943702     0.8655    -0.0722    308.452    26.5680    31.0019    11.4444    11.4416    4920.72    34.8374     1.1573     1.6539     18.881     51.684      7.666  0.000e+00
   1639.000    310.240   3.944145     0.8649    -0.0464    308.304    26.5712    31.0050    11.4447    11.4419    4920.73    34.8416     1.1543     1.6496     18.833     51.550      7.665  0.000e+00
   1639.250    310.097   3.944310     0.8657    -0.0623    308.162    26.5707    31.0046    11.4466    11.4438    4920.74    34.8415     1.1572     1.6538     18.882     51.682      7.662  0.000e+00
   1639.500    309.942   3.944482     0.8662    -0.0623    308.008    26.5699    31.0037    11.4490    11.4462    4920.76    34.8410     1.1592     1.6567     18.915     51.771      7.666  0.000e+00
   1639.750    309.799   3.944700     0.8656    -0.0781    307.867    26.5699    31.0037    11.4508    11.4481    4920.78    34.8415     1.1577     1.6544     18.890     51.701      7.667  0.000e+00
   1640.000    309.663   3.944951     0.8665    -0.0722    307.731    26.5702    31.0039    11.4527    11.4500    4920.79    34.8422     1.1607     1.6587     18.941     51.836      7.664  0.000e+00
   1640.250    309.508   3.945143     0.8669    -0.0643    307.577    26.5695    31.0032    11.4550    11.4523    4920.81    34.8420     1.1634     1.6626     18.985     51.956      7.666  0.000e+00
   1640.500    309.353   3.945255     0.8666    -0.0643    307.424    26.5687    31.0023    11.4570    11.4542    4920.82    34.8414     1.1626     1.6615     18.974     51.923      7.666  0.000e+00
   1640.750    309.186   3.945341     0.8669    -0.0623    307.257    26.5677    31.0013    11.4588    11.4560    4920.83    34.8406     1.1640     1.6634     18.997     51.983      7.667  0.000e+00
   1641.000    309.025   3.945447     0.8659    -0.0781    307.097    26.5674    31.0009    11.4601    11.4574    4920.84    34.8404     1.1593     1.6568     18.921     51.776      7.664  0.000e+00
   1641.250    308.876   3.945612     0.8671    -0.0682    306.950    26.5675    31.0010    11.4615    11.4587    4920.84    34.8408     1.1624     1.6612     18.972     51.913      7.666  0.000e+00
   1641.500    308.733   3.945751     0.8672    -0.0682    306.808    26.5673    31.0008    11.4628    11.4601    4920.85    34.8410     1.1629     1.6618     18.980     51.934      7.665  0.000e+00
   1641.750    308.591   3.945758     0.8666    -0.0563    306.667    26.5661    30.9995    11.4643    11.4616    4920.86    34.8397     1.1602     1.6580     18.937     51.814      7.666  0.000e+00
   1642.000    308.455   3.945724     0.8666    -0.0543    306.531    26.5650    30.9985    11.4652    11.4625    4920.86    34.8386     1.1586     1.6558     18.912     51.744      7.667  0.000e+00
   1642.250    308.337   3.945837     0.8671    -0.0643    306.414    26.5655    30.9990    11.4657    11.4629    4920.86    34.8394     1.1602     1.6581     18.938     51.817      7.665  0.000e+00
   1642.500    308.225   3.945863     0.8684    -0.0722    306.303    26.5653    30.9987    11.4662    11.4635    4920.86    34.8392     1.1673     1.6682     19.053     52.131      7.665  0.000e+00
   1642.750    308.101   3.945784     0.8678    -0.0623    306.180    26.5644    30.9978    11.4666    11.4638    4920.85    34.8381     1.1654     1.6655     19.023     52.047      7.665  0.000e+00
   1643.000    307.946   3.945863     0.8677    -0.0762    306.026    26.5649    30.9983    11.4667    11.4640    4920.85    34.8388     1.1656     1.6658     19.027     52.057      7.663  0.000e+00
   1643.250    307.779   3.946002     0.8681    -0.0643    305.860    26.5658    30.9992    11.4669    11.4642    4920.84    34.8401     1.1665     1.6670     19.041     52.095      7.665  0.000e+00
   1643.500    307.605   3.946194     0.8683    -0.0543    305.688    26.5666    31.0000    11.4677    11.4649    4920.85    34.8413     1.1675     1.6685     19.059     52.142      7.669  0.000e+00
   1643.750    307.426   3.946392     0.8678    -0.0702    305.509    26.5671    31.0004    11.4689    11.4662    4920.86    34.8422     1.1658     1.6660     19.030     52.064      7.666  0.000e+00
   1644.000    307.240   3.946505     0.8688    -0.0643    305.325    26.5666    30.9998    11.4705    11.4678    4920.86    34.8418     1.1691     1.6708     19.085     52.212      7.665  0.000e+00
   1644.250    307.072   3.946670     0.8681    -0.0643    305.159    26.5664    30.9997    11.4721    11.4693    4920.87    34.8421     1.1651     1.6650     19.020     52.033      7.668  0.000e+00
   1644.500    306.905   3.947199     0.8682    -0.0702    304.992    26.5691    31.0023    11.4737    11.4710    4920.90    34.8458     1.1640     1.6635     19.004     51.984      7.666  0.000e+00
   1644.750    306.775   3.947444     0.8678    -0.0702    304.863    26.5686    31.0017    11.4763    11.4736    4920.92    34.8459     1.1627     1.6616     18.983     51.925      7.665  0.000e+00
   1645.000    306.657   3.947583     0.8681    -0.0702    304.746    26.5670    31.0001    11.4792    11.4765    4920.94    34.8446     1.1628     1.6618     18.987     51.933      7.664  0.000e+00
   1645.250    306.545   3.947669     0.8684    -0.0543    304.635    26.5653    30.9984    11.4818    11.4791    4920.96    34.8430     1.1635     1.6627     18.998     51.960      7.664  0.000e+00
   1645.500    306.440   3.947695     0.8685    -0.0643    304.531    26.5641    30.9971    11.4835    11.4807    4920.97    34.8418     1.1639     1.6633     19.006     51.980      7.666  0.000e+00
   1645.750    306.335   3.948012     0.8688    -0.0623    304.426    26.5654    30.9984    11.4847    11.4819    4920.98    34.8438     1.1660     1.6664     19.041     52.075      7.666  0.000e+00
   1646.000    306.223   3.948198     0.8679    -0.0623    304.315    26.5653    30.9982    11.4864    11.4837    4921.00    34.8440     1.1616     1.6601     18.970     51.879      7.666  0.000e+00
   1646.250    306.081   3.948555     0.8681    -0.0861    304.174    26.5663    30.9992    11.4884    11.4856    4921.02    34.8458     1.1626     1.6615     18.987     51.923      7.664  0.000e+00
   1646.500    305.938   3.948919     0.8698    -0.0722    304.032    26.5670    30.9998    11.4907    11.4879    4921.04    34.8473     1.1701     1.6722     19.111     52.258      7.667  0.000e+00
   1646.750    305.771   3.949110     0.8701    -0.0781    303.866    26.5658    30.9986    11.4937    11.4909    4921.06    34.8464     1.1729     1.6762     19.157     52.382      7.669  0.000e+00
   1647.000    305.591   3.948859     0.8688    -0.0623    303.687    26.5614    30.9942    11.4964    11.4937    4921.07    34.8414     1.1674     1.6683     19.068     52.136      7.666  0.000e+00
   1647.250    305.392   3.948918     0.8705    -0.0762    303.490    26.5610    30.9938    11.4974    11.4947    4921.06    34.8412     1.1747     1.6787     19.187     52.461      7.667  0.000e+00
   1647.500    305.213   3.949309     0.8694    -0.0722    303.312    26.5637    30.9964    11.4978    11.4951    4921.07    34.8447     1.1702     1.6724     19.115     52.263      7.664  0.000e+00
   1647.750    305.014   3.949474     0.8699    -0.0682    303.115    26.5636    30.9962    11.4994    11.4966    4921.08    34.8450     1.1720     1.6750     19.145     52.344      7.665  0.000e+00
