cruises/baja2025/cnv/20250420_cast1.cnv
* Sea-Bird SBE19plus Data File:
* FileName = C:\Users\ScienceTech\OneDrive - Western Flyer Foundation\Desktop\ProfilingCTD\data\20250420_CanalDeBallenas_cast8.hex
* Software Version 1.59
* Temperature SN =  8289
* Conductivity SN =  8289
* System UpLoad Time = Apr 20 2025 16:22:12
** CanalDeBallenas
** 4/20 0821 UTC
** 29 3.725'N
** 113 28.721'W
** ~280 m
# nquan = 18
# nvalues = 5971                                  
# units = specified
# name 0 = timeS: Time, Elapsed [seconds]
# name 1 = prdM: Pressure, Strain Gauge [db]
# name 2 = c0S/m: Conductivity [S/m]
# name 3 = sbeox0V: Oxygen raw, SBE 43 [V]
# name 4 = flECO-AFL: Fluorescence, WET Labs ECO-AFL/FL [mg/m^3]
# name 5 = depSM: Depth [salt water, m], lat = 0.00
# name 6 = sigma-t00: Density [sigma-t, kg/m^3 ]
# name 7 = sigma-100: Density [sigma-1, kg/m^3 ]
# name 8 = tv268C: Temperature [IPTS-68, deg C]
# name 9 = tv290C: Temperature [ITS-90, deg C]
# name 10 = svCF: Sound Velocity [Chen-Millero, ft/s]
# name 11 = sal00: Salinity, Practical [PSU]
# name 12 = sbeox0ML/L: Oxygen, SBE 43 [ml/l]
# name 13 = sbeox0Mg/L: Oxygen, SBE 43 [mg/l]
# name 14 = sbeox0PS: Oxygen, SBE 43 [% saturation]
# name 15 = sbeox0Mm/L: Oxygen, SBE 43 [umol/l]
# name 16 = ph: pH
# name 17 = flag:  0.000e+00
# span 0 =      0.000,   1492.500                 
# span 1 =     -0.127,    290.062                 
# span 2 =  -0.276113,   4.441335                 
# span 3 =     1.0221,     2.9068                 
# span 4 =    -0.1337,   128.6940                 
# span 5 =     -0.126,    288.266                 
# span 6 =    -1.0294,    26.4702                 
# span 7 =     3.5527,    30.8841                 
# span 8 =    12.3581,    16.2982                 
# span 9 =    12.3552,    16.2943                 
# span 10 =    4811.00,    4957.36                
# span 11 =     0.0000,    35.2807                
# span 12 =     1.6480,     8.6374                
# span 13 =     2.3551,    12.3437                
# span 14 =     27.424,    129.335                
# span 15 =     73.598,    385.747                
# span 16 =      7.166,      8.027                
# span 17 = 0.0000e+00, 0.0000e+00                
# interval = seconds: 0.25
# start_time = Apr 20 2025 01:37:55 [Instrument's time stamp, header]
# bad_flag = -9.990e-29
*END*
[from data line 3458]
    864.500    284.445   4.039478     1.0254    -0.0643    282.688    26.4650    30.8799    12.3588    12.3558    4929.94    34.9286     1.6608     2.3734     27.636     74.169      7.706  0.000e+00
    864.750    284.569   4.039498     1.0261    -0.0643    282.811    26.4650    30.8799    12.3589    12.3559    4929.95    34.9287     1.6635     2.3773     27.681     74.290      7.702  0.000e+00
    865.000    284.687   4.039478     1.0269    -0.0623    282.928    26.4649    30.8797    12.3589    12.3559    4929.96    34.9284     1.6706     2.3875     27.800     74.610      7.704  0.000e+00
    865.250    284.786   4.039498     1.0252    -0.0464    283.026    26.4648    30.8796    12.3591    12.3561    4929.97    34.9284     1.6634     2.3772     27.681     74.289      7.705  0.000e+00
    865.500    284.866   4.039512     1.0252    -0.0603    283.106    26.4648    30.8797    12.3591    12.3561    4929.97    34.9285     1.6646     2.3789     27.701     74.343      7.699  0.000e+00
    865.750    284.904   4.039525     1.0254    -0.0623    283.143    26.4651    30.8799    12.3589    12.3560    4929.97    34.9287     1.6641     2.3782     27.692     74.320      7.704  0.000e+00
    866.000    284.910   4.039539     1.0254    -0.0543    283.149    26.4651    30.8800    12.3590    12.3560    4929.97    34.9288     1.6625     2.3759     27.665     74.246      7.702  0.000e+00
    866.250    284.885   4.039585     1.0259    -0.0702    283.125    26.4653    30.8801    12.3592    12.3563    4929.97    34.9290     1.6627     2.3762     27.668     74.256      7.703  0.000e+00
    866.500    284.823   4.039565     1.0260    -0.0762    283.063    26.4649    30.8798    12.3594    12.3565    4929.97    34.9287     1.6648     2.3792     27.704     74.351      7.703  0.000e+00
    866.750    284.743   4.039552     1.0265    -0.0722    282.983    26.4647    30.8795    12.3597    12.3567    4929.97    34.9284     1.6670     2.3824     27.741     74.450      7.707  0.000e+00
    867.000    284.674   4.039592     1.0248    -0.0563    282.916    26.4650    30.8799    12.3596    12.3566    4929.97    34.9289     1.6602     2.3726     27.627     74.144      7.704  0.000e+00
    867.250    284.594   4.039585     1.0271    -0.0682    282.835    26.4648    30.8796    12.3599    12.3569    4929.96    34.9286     1.6716     2.3888     27.816     74.652      7.704  0.000e+00
    867.500    284.526   4.039592     1.0272    -0.0623    282.768    26.4649    30.8797    12.3598    12.3568    4929.96    34.9287     1.6728     2.3906     27.837     74.708      7.702  0.000e+00
    867.750    284.513   4.039592     1.0255    -0.0643    282.755    26.4647    30.8795    12.3600    12.3571    4929.96    34.9285     1.6653     2.3798     27.712     74.371      7.703  0.000e+00
    868.000    284.507   4.039525     1.0261    -0.0623    282.749    26.4641    30.8790    12.3601    12.3571    4929.96    34.9278     1.6666     2.3817     27.733     74.429      7.701  0.000e+00
    868.250    284.544   4.039512     1.0271    -0.0702    282.786    26.4642    30.8791    12.3599    12.3569    4929.96    34.9279     1.6705     2.3873     27.798     74.603      7.702  0.000e+00
    868.500    284.612   4.039472     1.0263    -0.0623    282.854    26.4642    30.8791    12.3595    12.3566    4929.96    34.9278     1.6672     2.3827     27.744     74.459      7.702  0.000e+00
    868.750    284.718   4.039478     1.0274    -0.0603    282.959    26.4645    30.8794    12.3592    12.3563    4929.96    34.9281     1.6720     2.3895     27.824     74.673      7.705  0.000e+00
    869.000    284.860   4.039498     1.0258    -0.0702    283.100    26.4649    30.8798    12.3589    12.3559    4929.97    34.9285     1.6657     2.3805     27.719     74.392      7.702  0.000e+00
    869.250    284.997   4.039512     1.0258    -0.0722    283.236    26.4649    30.8798    12.3590    12.3560    4929.98    34.9285     1.6631     2.3767     27.674     74.272      7.705  0.000e+00
    869.500    285.158   4.039499     1.0268    -0.0801    283.396    26.4648    30.8797    12.3589    12.3560    4929.98    34.9284     1.6675     2.3830     27.747     74.469      7.703  0.000e+00
    869.750    285.338   4.039512     1.0244    -0.0722    283.574    26.4649    30.8798    12.3589    12.3559    4929.99    34.9285     1.6583     2.3698     27.594     74.058      7.706  0.000e+00
    870.000    285.493   4.039552     1.0265    -0.0643    283.728    26.4649    30.8798    12.3591    12.3561    4930.00    34.9286     1.6650     2.3794     27.706     74.357      7.702  0.000e+00
    870.250    285.629   4.039566     1.0274    -0.0543    283.864    26.4650    30.8799    12.3591    12.3561    4930.01    34.9287     1.6689     2.3850     27.771     74.531      7.704  0.000e+00
    870.500    285.741   4.039552     1.0252    -0.0702    283.974    26.4648    30.8797    12.3592    12.3562    4930.02    34.9284     1.6614     2.3744     27.647     74.200      7.703  0.000e+00
    870.750    285.778   4.039566     1.0250    -0.0781    284.011    26.4647    30.8796    12.3594    12.3564    4930.02    34.9283     1.6595     2.3715     27.615     74.111      7.702  0.000e+00
    871.000    285.753   4.039586     1.0260    -0.0643    283.987    26.4650    30.8799    12.3592    12.3563    4930.02    34.9287     1.6648     2.3792     27.703     74.350      7.702  0.000e+00
    871.250    285.648   4.039592     1.0248    -0.0603    283.882    26.4649    30.8798    12.3594    12.3564    4930.02    34.9286     1.6592     2.3712     27.611     74.101      7.704  0.000e+00
    871.500    285.530   4.039612     1.0252    -0.0682    283.765    26.4650    30.8799    12.3595    12.3566    4930.01    34.9288     1.6602     2.3726     27.627     74.145      7.702  0.000e+00
    871.750    285.381   4.039592     1.0248    -0.0702    283.617    26.4649    30.8798    12.3594    12.3565    4930.00    34.9287     1.6595     2.3715     27.615     74.112      7.702  0.000e+00
    872.000    285.257   4.039592     1.0244    -0.0643    283.494    26.4648    30.8797    12.3597    12.3567    4930.00    34.9285     1.6550     2.3652     27.541     73.913      7.702  0.000e+00
    872.250    285.139   4.039585     1.0236    -0.0543    283.377    26.4646    30.8795    12.3598    12.3568    4929.99    34.9284     1.6518     2.3605     27.487     73.768      7.703  0.000e+00
    872.500    285.040   4.039592     1.0242    -0.0682    283.279    26.4647    30.8796    12.3598    12.3568    4929.99    34.9285     1.6556     2.3660     27.551     73.939      7.702  0.000e+00
    872.750    284.997   4.039585     1.0237    -0.0722    283.236    26.4646    30.8794    12.3600    12.3570    4929.99    34.9283     1.6534     2.3628     27.514     73.840      7.701  0.000e+00
    873.000    284.972   4.039565     1.0229    -0.0603    283.211    26.4645    30.8793    12.3599    12.3569    4929.98    34.9282     1.6494     2.3571     27.447     73.660      7.706  0.000e+00
    873.250    285.009   4.039525     1.0248    -0.0623    283.248    26.4642    30.8791    12.3598    12.3568    4929.98    34.9279     1.6583     2.3698     27.595     74.059      7.702  0.000e+00
    873.500    285.084   4.039539     1.0237    -0.0702    283.322    26.4645    30.8794    12.3596    12.3566    4929.99    34.9282     1.6548     2.3648     27.537     73.902      7.703  0.000e+00
    873.750    285.195   4.039499     1.0238    -0.0643    283.433    26.4642    30.8791    12.3595    12.3566    4929.99    34.9278     1.6562     2.3669     27.560     73.966      7.701  0.000e+00
    874.000    285.338   4.039539     1.0252    -0.0623    283.574    26.4646    30.8795    12.3594    12.3564    4930.00    34.9283     1.6638     2.3778     27.687     74.306      7.705  0.000e+00
    874.250    285.468   4.039525     1.0252    -0.0722    283.704    26.4646    30.8795    12.3592    12.3563    4930.00    34.9282     1.6658     2.3806     27.720     74.394      7.703  0.000e+00
    874.500    285.598   4.039539     1.0255    -0.0722    283.833    26.4647    30.8796    12.3592    12.3563    4930.01    34.9283     1.6678     2.3834     27.753     74.482      7.701  0.000e+00
    874.750    285.710   4.039552     1.0253    -0.0702    283.944    26.4648    30.8797    12.3592    12.3562    4930.02    34.9284     1.6679     2.3836     27.755     74.488      7.704  0.000e+00
    875.000    285.803   4.039539     1.0245    -0.0702    284.036    26.4647    30.8796    12.3592    12.3562    4930.02    34.9283     1.6643     2.3785     27.695     74.328      7.702  0.000e+00
    875.250    285.877   4.039526     1.0252    -0.0623    284.110    26.4646    30.8795    12.3591    12.3561    4930.02    34.9282     1.6651     2.3795     27.707     74.361      7.704  0.000e+00
    875.500    285.920   4.039539     1.0232    -0.0563    284.153    26.4648    30.8797    12.3590    12.3560    4930.03    34.9284     1.6565     2.3673     27.565     73.979      7.701  0.000e+00
    875.750    285.914   4.039566     1.0232    -0.0702    284.147    26.4649    30.8798    12.3591    12.3561    4930.03    34.9285     1.6535     2.3630     27.515     73.843      7.703  0.000e+00
    876.000    285.865   4.039586     1.0239    -0.0682    284.098    26.4649    30.8798    12.3592    12.3563    4930.03    34.9286     1.6538     2.3634     27.520     73.858      7.702  0.000e+00
    876.250    285.784   4.039592     1.0239    -0.0543    284.018    26.4649    30.8798    12.3594    12.3564    4930.02    34.9286     1.6539     2.3635     27.522     73.862      7.703  0.000e+00
    876.500    285.691   4.039612     1.0234    -0.0682    283.925    26.4649    30.8798    12.3595    12.3566    4930.02    34.9287     1.6519     2.3608     27.489     73.775      7.704  0.000e+00
    876.750    285.611   4.039592     1.0234    -0.0682    283.845    26.4648    30.8797    12.3595    12.3566    4930.02    34.9285     1.6528     2.3619     27.503     73.812      7.703  0.000e+00
    877.000    285.542   4.039586     1.0247    -0.0444    283.778    26.4646    30.8795    12.3597    12.3568    4930.01    34.9283     1.6598     2.3720     27.620     74.125      7.701  0.000e+00
    877.250    285.505   4.039565     1.0246    -0.0543    283.741    26.4644    30.8793    12.3598    12.3568    4930.01    34.9280     1.6611     2.3739     27.643     74.186      7.699  0.000e+00
    877.500    285.530   4.039586     1.0240    -0.0623    283.765    26.4646    30.8795    12.3597    12.3568    4930.01    34.9283     1.6610     2.3737     27.640     74.180      7.699  0.000e+00
    877.750    285.561   4.039566     1.0235    -0.0623    283.796    26.4645    30.8794    12.3597    12.3567    4930.01    34.9282     1.6579     2.3694     27.589     74.043      7.704  0.000e+00
    878.000    285.623   4.039552     1.0254    -0.0781    283.858    26.4644    30.8793    12.3596    12.3566    4930.01    34.9281     1.6653     2.3798     27.711     74.370      7.702  0.000e+00
    878.250    285.728   4.039566     1.0258    -0.0643    283.962    26.4647    30.8796    12.3594    12.3564    4930.02    34.9284     1.6686     2.3847     27.767     74.521      7.704  0.000e+00
    878.500    285.859   4.039552     1.0242    -0.0563    284.092    26.4645    30.8794    12.3594    12.3565    4930.03    34.9281     1.6627     2.3761     27.668     74.254      7.701  0.000e+00
    878.750    286.014   4.039566     1.0249    -0.0762    284.246    26.4645    30.8794    12.3594    12.3565    4930.03    34.9282     1.6640     2.3780     27.689     74.312      7.704  0.000e+00
    879.000    286.175   4.039586     1.0245    -0.0524    284.406    26.4646    30.8795    12.3594    12.3565    4930.04    34.9283     1.6614     2.3743     27.647     74.198      7.706  0.000e+00
    879.250    286.355   4.039593     1.0249    -0.0623    284.584    26.4647    30.8796    12.3594    12.3564    4930.05    34.9283     1.6632     2.3768     27.676     74.277      7.703  0.000e+00
    879.500    286.522   4.039626     1.0229    -0.0643    284.750    26.4648    30.8797    12.3595    12.3566    4930.06    34.9285     1.6545     2.3644     27.531     73.888      7.702  0.000e+00
    879.750    286.658   4.039613     1.0244    -0.0623    284.886    26.4647    30.8796    12.3594    12.3565    4930.07    34.9283     1.6586     2.3703     27.600     74.073      7.703  0.000e+00
    880.000    286.764   4.039653     1.0246    -0.0702    284.990    26.4649    30.8799    12.3594    12.3565    4930.08    34.9287     1.6580     2.3695     27.590     74.046      7.703  0.000e+00
    880.250    286.813   4.039613     1.0278    -0.0643    285.040    26.4647    30.8796    12.3594    12.3564    4930.08    34.9283     1.6733     2.3913     27.845     74.729      7.703  0.000e+00
    880.500    286.819   4.039653     1.0271    -0.0682    285.046    26.4649    30.8798    12.3594    12.3565    4930.08    34.9287     1.6749     2.3936     27.872     74.801      7.703  0.000e+00
    880.750    286.758   4.039639     1.0257    -0.0722    284.984    26.4647    30.8796    12.3596    12.3566    4930.08    34.9284     1.6699     2.3864     27.788     74.576      7.706  0.000e+00
    881.000    286.677   4.039679     1.0254    -0.0781    284.904    26.4648    30.8797    12.3599    12.3569    4930.08    34.9286     1.6685     2.3845     27.766     74.516      7.702  0.000e+00
    881.250    286.565   4.039666     1.0244    -0.0781    284.794    26.4647    30.8796    12.3599    12.3569    4930.07    34.9285     1.6631     2.3767     27.675     74.274      7.703  0.000e+00
    881.500    286.497   4.039679     1.0238    -0.0484    284.726    26.4646    30.8795    12.3601    12.3571    4930.07    34.9284     1.6589     2.3707     27.605     74.084      7.702  0.000e+00
    881.750    286.454   4.039666     1.0231    -0.0623    284.683    26.4646    30.8795    12.3600    12.3571    4930.07    34.9284     1.6510     2.3594     27.474     73.733      7.704  0.000e+00
    882.000    286.435   4.039679     1.0248    -0.0623    284.664    26.4646    30.8795    12.3602    12.3572    4930.07    34.9284     1.6551     2.3653     27.543     73.917      7.703  0.000e+00
    882.250    286.448   4.039639     1.0235    -0.0722    284.677    26.4645    30.8794    12.3600    12.3570    4930.06    34.9282     1.6480     2.3551     27.424     73.598      7.704  0.000e+00
    882.500    286.510   4.039653     1.0242    -0.0702    284.738    26.4645    30.8794    12.3600    12.3571    4930.07    34.9283     1.6532     2.3626     27.511     73.833      7.704  0.000e+00
    882.750    286.615   4.039639     1.0239    -0.0543    284.843    26.4646    30.8795    12.3598    12.3568    4930.07    34.9283     1.6552     2.3654     27.544     73.921      7.704  0.000e+00
    883.000    286.714   4.039626     1.0241    -0.0781    284.941    26.4644    30.8793    12.3598    12.3568    4930.08    34.9281     1.6575     2.3688     27.583     74.025      7.704  0.000e+00
    883.250    286.838   4.039626     1.0246    -0.0702    285.064    26.4646    30.8795    12.3596    12.3566    4930.08    34.9283     1.6615     2.3744     27.648     74.200      7.702  0.000e+00
    883.500    286.962   4.039613     1.0262    -0.0841    285.188    26.4644    30.8794    12.3596    12.3566    4930.09    34.9281     1.6702     2.3869     27.794     74.593      7.706  0.000e+00
    883.750    287.092   4.039653     1.0254    -0.0762    285.317    26.4648    30.8797    12.3595    12.3566    4930.10    34.9285     1.6681     2.3839     27.759     74.499      7.703  0.000e+00
    884.000    287.222   4.039640     1.0241    -0.0563    285.446    26.4647    30.8796    12.3594    12.3565    4930.10    34.9284     1.6615     2.3745     27.649     74.203      7.703  0.000e+00
