cruises/baja2025/cnv/20250504_cast5.cnv
* Sea-Bird SBE19plus Data File:
* FileName = C:\Users\ScienceTech\OneDrive - Western Flyer Foundation\Desktop\ProfilingCTD\data\Leg 3\20250504_PP500J_cast1.hex
* Software Version 1.59
* Temperature SN =  8289
* Conductivity SN =  8289
* System UpLoad Time = May 04 2025 19:56:59
** PP500J
** 2224Z
** 27-32.54'N
** 112-18.75'W
** Depth 511m
# nquan = 18
# nvalues = 8328                                  
# units = specified
# name 0 = timeS: Time, Elapsed [seconds]
# name 1 = prdM: Pressure, Strain Gauge [db]
# name 2 = c0S/m: Conductivity [S/m]
# name 3 = sbeox0V: Oxygen raw, SBE 43 [V]
# name 4 = flECO-AFL: Fluorescence, WET Labs ECO-AFL/FL [mg/m^3]
# name 5 = depSM: Depth [salt water, m], lat = 0.00
# name 6 = sigma-t00: Density [sigma-t, kg/m^3 ]
# name 7 = sigma-100: Density [sigma-1, kg/m^3 ]
# name 8 = tv268C: Temperature [IPTS-68, deg C]
# name 9 = tv290C: Temperature [ITS-90, deg C]
# name 10 = svCF: Sound Velocity [Chen-Millero, ft/s]
# name 11 = sal00: Salinity, Practical [PSU]
# name 12 = sbeox0ML/L: Oxygen, SBE 43 [ml/l]
# name 13 = sbeox0Mg/L: Oxygen, SBE 43 [mg/l]
# name 14 = sbeox0PS: Oxygen, SBE 43 [% saturation]
# name 15 = sbeox0Mm/L: Oxygen, SBE 43 [umol/l]
# name 16 = ph: pH
# name 17 = flag:  0.000e+00
# span 0 =      0.000,   2081.750                 
# span 1 =     -0.213,    443.739                 
# span 2 =   0.047660,   4.958581                 
# span 3 =     0.6779,     3.0010                 
# span 4 =    -0.1654,   128.6979                 
# span 5 =     -0.212,    440.828                 
# span 6 =    -1.8334,    26.7842                 
# span 7 =     2.6437,    31.2499                 
# span 8 =     9.8604,    21.2256                 
# span 9 =     9.8580,    21.2205                 
# span 10 =    4870.02,    5003.50                
# span 11 =     0.2502,    35.9330                
# span 12 =     0.5354,     7.2910                
# span 13 =     0.7651,    10.4195                
# span 14 =      8.438,    136.382                
# span 15 =     23.911,    325.615                
# span 16 =      7.632,      8.215                
# span 17 = 0.0000e+00, 0.0000e+00                
# interval = seconds: 0.25
# start_time = May 04 2025 15:23:00 [Instrument's time stamp, header]
# bad_flag = -9.990e-29
*END*
[from data line 6835]
   1708.750    136.440   4.154448     1.1955    -0.0623    135.646    26.2868    30.6744    13.5347    13.5314    4935.06    35.0026     2.1322     3.0472     36.367     95.226      7.788  0.000e+00
   1709.000    136.335   4.154469     1.1958    -0.0643    135.541    26.2807    30.6683    13.5415    13.5382    4935.11    34.9966     2.1339     3.0496     36.400     95.301      7.784  0.000e+00
   1709.250    136.254   4.156103     1.1961    -0.0643    135.461    26.2857    30.6731    13.5491    13.5458    4935.22    35.0051     2.1357     3.0521     36.438     95.380      7.786  0.000e+00
   1709.500    136.229   4.156698     1.1955    -0.0623    135.436    26.2820    30.6692    13.5578    13.5546    4935.30    35.0027     2.1332     3.0486     36.401     95.270      7.787  0.000e+00
   1709.750    136.217   4.157434     1.1955    -0.0781    135.424    26.2792    30.6662    13.5668    13.5636    4935.39    35.0014     2.1331     3.0484     36.405     95.264      7.785  0.000e+00
   1710.000    136.223   4.157576     1.1964    -0.0643    135.430    26.2729    30.6599    13.5748    13.5715    4935.45    34.9954     2.1364     3.0532     36.467     95.413      7.786  0.000e+00
   1710.250    136.248   4.157832     1.1963    -0.0543    135.455    26.2695    30.6564    13.5805    13.5773    4935.51    34.9926     2.1354     3.0517     36.453     95.367      7.786  0.000e+00
   1710.500    136.242   4.158082     1.1974    -0.0841    135.449    26.2673    30.6541    13.5849    13.5817    4935.55    34.9909     2.1402     3.0586     36.538     95.583      7.786  0.000e+00
   1710.750    136.217   4.158143     1.1987    -0.0702    135.424    26.2648    30.6515    13.5882    13.5849    4935.57    34.9885     2.1463     3.0673     36.645     95.856      7.788  0.000e+00
   1711.000    136.155   4.157940     1.1991    -0.0643    135.362    26.2611    30.6478    13.5906    13.5873    4935.58    34.9844     2.1492     3.0714     36.694     95.984      7.788  0.000e+00
   1711.250    136.062   4.157771     1.1998    -0.0543    135.270    26.2593    30.6460    13.5913    13.5880    4935.57    34.9822     2.1533     3.0773     36.764     96.166      7.784  0.000e+00
   1711.500    135.913   4.157744     1.1993    -0.0702    135.122    26.2595    30.6462    13.5909    13.5876    4935.56    34.9824     2.1523     3.0758     36.747     96.121      7.788  0.000e+00
   1711.750    135.715   4.157832     1.2013    -0.0464    134.925    26.2608    30.6475    13.5902    13.5870    4935.55    34.9839     2.1598     3.0865     36.874     96.455      7.788  0.000e+00
   1712.000    135.480   4.157798     1.2016    -0.0702    134.691    26.2608    30.6475    13.5901    13.5868    4935.53    34.9838     2.1610     3.0883     36.896     96.512      7.786  0.000e+00
   1712.250    135.213   4.157859     1.2012    -0.0524    134.426    26.2614    30.6481    13.5900    13.5867    4935.52    34.9846     2.1587     3.0850     36.856     96.409      7.788  0.000e+00
   1712.500    134.947   4.157879     1.2025    -0.0762    134.161    26.2615    30.6482    13.5902    13.5869    4935.51    34.9847     2.1623     3.0901     36.917     96.567      7.786  0.000e+00
   1712.750    134.686   4.158055     1.2025    -0.0643    133.903    26.2626    30.6493    13.5904    13.5871    4935.50    34.9863     2.1612     3.0885     36.899     96.518      7.787  0.000e+00
   1713.000    134.432   4.158284     1.2022    -0.0563    133.650    26.2636    30.6503    13.5912    13.5879    4935.50    34.9878     2.1592     3.0857     36.866     96.429      7.787  0.000e+00
   1713.250    134.222   4.158561     1.2031    -0.0643    133.441    26.2646    30.6512    13.5924    13.5892    4935.51    34.9894     2.1613     3.0887     36.903     96.524      7.790  0.000e+00
   1713.500    134.104   4.158588     1.2038    -0.0623    133.324    26.2632    30.6497    13.5942    13.5910    4935.52    34.9880     2.1639     3.0924     36.948     96.638      7.790  0.000e+00
   1713.750    134.011   4.158054     1.2033    -0.0623    133.231    26.2578    30.6444    13.5959    13.5926    4935.51    34.9815     2.1601     3.0870     36.883     96.469      7.787  0.000e+00
   1714.000    133.980   4.156243     1.2033    -0.0781    133.201    26.2452    30.6319    13.5953    13.5920    4935.44    34.9651     2.1598     3.0865     36.874     96.455      7.788  0.000e+00
   1714.250    134.011   4.155156     1.2032    -0.0524    133.231    26.2429    30.6298    13.5891    13.5858    4935.35    34.9605     2.1589     3.0853     36.853     96.417      7.789  0.000e+00
   1714.500    134.042   4.154663     1.2036    -0.0543    133.262    26.2478    30.6348    13.5798    13.5765    4935.27    34.9644     2.1595     3.0862     36.858     96.444      7.790  0.000e+00
   1714.750    134.085   4.154271     1.2041    -0.0524    133.305    26.2527    30.6398    13.5713    13.5680    4935.20    34.9684     2.1617     3.0893     36.890     96.542      7.788  0.000e+00
   1715.000    134.104   4.153758     1.2048    -0.0682    133.324    26.2549    30.6422    13.5648    13.5615    4935.13    34.9695     2.1649     3.0938     36.939     96.684      7.790  0.000e+00
   1715.250    134.079   4.153650     1.2047    -0.0563    133.299    26.2593    30.6466    13.5592    13.5559    4935.09    34.9736     2.1645     3.0933     36.929     96.666      7.788  0.000e+00
   1715.500    133.992   4.153589     1.2050    -0.0643    133.213    26.2626    30.6500    13.5551    13.5519    4935.05    34.9768     2.1660     3.0954     36.952     96.733      7.786  0.000e+00
   1715.750    133.875   4.153589     1.2044    -0.0603    133.096    26.2652    30.6526    13.5523    13.5491    4935.02    34.9795     2.1644     3.0931     36.923     96.660      7.786  0.000e+00
   1716.000    133.689   4.153312     1.2043    -0.0702    132.911    26.2645    30.6519    13.5509    13.5477    4934.99    34.9782     2.1635     3.0918     36.907     96.621      7.788  0.000e+00
   1716.250    133.435   4.152853     1.2048    -0.0762    132.659    26.2627    30.6501    13.5494    13.5461    4934.95    34.9754     2.1646     3.0934     36.924     96.670      7.787  0.000e+00
   1716.500    133.181   4.152772     1.2035    -0.0643    132.406    26.2644    30.6519    13.5469    13.5437    4934.92    34.9770     2.1581     3.0841     36.812     96.381      7.787  0.000e+00
   1716.750    132.883   4.153083     1.2022    -0.0543    132.111    26.2688    30.6563    13.5447    13.5414    4934.90    34.9821     2.1507     3.0736     36.686     96.052      7.787  0.000e+00
   1717.000    132.567   4.153819     1.2019    -0.0643    131.797    26.2750    30.6624    13.5439    13.5407    4934.90    34.9899     2.1471     3.0684     36.625     95.890      7.788  0.000e+00
   1717.250    132.282   4.154832     1.2006    -0.0702    131.513    26.2803    30.6676    13.5463    13.5430    4934.94    34.9974     2.1406     3.0591     36.517     95.598      7.788  0.000e+00
   1717.500    132.016   4.159297     1.2013    -0.0623    131.248    26.3077    30.6946    13.5520    13.5488    4935.13    35.0343     2.1410     3.0597     36.536     95.616      7.790  0.000e+00
   1717.750    131.799   4.161250     1.2010    -0.0762    131.033    26.3071    30.6938    13.5682    13.5649    4935.31    35.0379     2.1397     3.0578     36.527     95.558      7.786  0.000e+00
   1718.000    131.662   4.163318     1.2007    -0.0623    130.897    26.3018    30.6880    13.5905    13.5873    4935.54    35.0370     2.1379     3.0552     36.512     95.477      7.788  0.000e+00
   1718.250    131.588   4.163034     1.2009    -0.0524    130.823    26.2803    30.6662    13.6118    13.6086    4935.68    35.0148     2.1392     3.0571     36.545     95.535      7.788  0.000e+00
   1718.500    131.594   4.162209     1.2008    -0.0781    130.830    26.2605    30.6464    13.6268    13.6236    4935.75    34.9933     2.1408     3.0595     36.580     95.610      7.788  0.000e+00
   1718.750    131.669   4.162324     1.2005    -0.0722    130.904    26.2565    30.6423    13.6321    13.6288    4935.80    34.9896     2.1413     3.0602     36.592     95.632      7.788  0.000e+00
   1719.000    131.762   4.162865     1.2013    -0.0643    130.996    26.2587    30.6444    13.6340    13.6307    4935.84    34.9929     2.1455     3.0661     36.665     95.818      7.788  0.000e+00
   1719.250    131.836   4.163487     1.2038    -0.0524    131.070    26.2611    30.6468    13.6362    13.6330    4935.88    34.9966     2.1574     3.0832     36.871     96.350      7.788  0.000e+00
   1719.500    131.879   4.163602     1.2050    -0.0563    131.113    26.2586    30.6442    13.6399    13.6366    4935.91    34.9943     2.1640     3.0926     36.987     96.646      7.788  0.000e+00
   1719.750    131.867   4.164055     1.2068    -0.0543    131.101    26.2589    30.6444    13.6432    13.6399    4935.95    34.9955     2.1744     3.1074     37.166     97.107      7.788  0.000e+00
   1720.000    131.805   4.164731     1.2077    -0.0563    131.039    26.2607    30.6462    13.6466    13.6433    4936.00    34.9989     2.1806     3.1163     37.276     97.385      7.789  0.000e+00
   1720.250    131.681   4.165001     1.2091    -0.0563    130.916    26.2587    30.6440    13.6510    13.6478    4936.03    34.9974     2.1882     3.1271     37.408     97.724      7.788  0.000e+00
   1720.500    131.501   4.164785     1.2096    -0.0682    130.737    26.2535    30.6388    13.6551    13.6518    4936.05    34.9917     2.1913     3.1315     37.463     97.861      7.789  0.000e+00
   1720.750    131.241   4.164730     1.2106    -0.0484    130.479    26.2511    30.6363    13.6573    13.6541    4936.05    34.9893     2.1947     3.1364     37.523     98.014      7.789  0.000e+00
   1721.000    130.931   4.164622     1.2130    -0.0722    130.171    26.2496    30.6349    13.6582    13.6549    4936.03    34.9876     2.2024     3.1474     37.655     98.359      7.786  0.000e+00
   1721.250    130.615   4.164642     1.2119    -0.0603    129.857    26.2499    30.6352    13.6581    13.6548    4936.02    34.9880     2.1954     3.1374     37.535     98.045      7.789  0.000e+00
   1721.500    130.281   4.165129     1.2126    -0.0702    129.524    26.2537    30.6389    13.6580    13.6547    4936.02    34.9928     2.1957     3.1379     37.541     98.060      7.790  0.000e+00
   1721.750    129.952   4.165555     1.2138    -0.0643    129.198    26.2557    30.6408    13.6593    13.6560    4936.02    34.9957     2.1976     3.1406     37.575     98.144      7.791  0.000e+00
   1722.000    129.686   4.165636     1.2153    -0.0722    128.933    26.2540    30.6391    13.6619    13.6586    4936.03    34.9942     2.2023     3.1474     37.658     98.357      7.791  0.000e+00
   1722.250    129.494   4.165920     1.2158    -0.0702    128.742    26.2538    30.6389    13.6644    13.6611    4936.05    34.9947     2.2034     3.1489     37.678     98.404      7.790  0.000e+00
   1722.500    129.388   4.166116     1.2155    -0.0702    128.637    26.2533    30.6383    13.6666    13.6633    4936.07    34.9946     2.2010     3.1454     37.638     98.295      7.791  0.000e+00
   1722.750    129.388   4.166116     1.2171    -0.0543    128.637    26.2512    30.6362    13.6689    13.6656    4936.08    34.9925     2.2058     3.1523     37.723     98.512      7.791  0.000e+00
   1723.000    129.494   4.166177     1.2169    -0.0623    128.742    26.2499    30.6349    13.6707    13.6674    4936.10    34.9913     2.2037     3.1494     37.688     98.419      7.789  0.000e+00
   1723.250    129.624   4.166319     1.2174    -0.0702    128.871    26.2501    30.6350    13.6716    13.6683    4936.12    34.9918     2.2059     3.1524     37.725     98.513      7.789  0.000e+00
   1723.500    129.766   4.166035     1.2180    -0.0543    129.013    26.2470    30.6319    13.6727    13.6694    4936.13    34.9881     2.2066     3.1534     37.737     98.545      7.792  0.000e+00
   1723.750    129.847   4.165446     1.2190    -0.0623    129.093    26.2425    30.6275    13.6729    13.6696    4936.11    34.9823     2.2090     3.1568     37.777     98.652      7.790  0.000e+00
   1724.000    129.859   4.163966     1.2180    -0.0524    129.105    26.2338    30.6189    13.6706    13.6673    4936.04    34.9705     2.2040     3.1498     37.689     98.433      7.790  0.000e+00
   1724.250    129.810   4.163398     1.2190    -0.0643    129.056    26.2353    30.6205    13.6645    13.6613    4935.98    34.9707     2.2077     3.1550     37.746     98.595      7.790  0.000e+00
   1724.500    129.661   4.163709     1.2177    -0.0643    128.908    26.2446    30.6299    13.6569    13.6536    4935.92    34.9807     2.2021     3.1470     37.647     98.345      7.792  0.000e+00
   1724.750    129.456   4.163797     1.2183    -0.0722    128.705    26.2490    30.6343    13.6528    13.6496    4935.89    34.9853     2.2018     3.1466     37.640     98.332      7.792  0.000e+00
   1725.000    129.202   4.163912     1.2180    -0.0702    128.452    26.2515    30.6369    13.6510    13.6478    4935.86    34.9882     2.1998     3.1438     37.606     98.244      7.791  0.000e+00
   1725.250    128.886   4.163966     1.2167    -0.0722    128.138    26.2522    30.6376    13.6508    13.6475    4935.85    34.9890     2.1928     3.1337     37.485     97.930      7.790  0.000e+00
   1725.500    128.583   4.163059     1.2163    -0.0623    127.837    26.2458    30.6311    13.6508    13.6475    4935.80    34.9806     2.1890     3.1284     37.419     97.763      7.792  0.000e+00
   1725.750    128.242   4.162830     1.2170    -0.0801    127.498    26.2460    30.6314    13.6488    13.6456    4935.76    34.9804     2.1904     3.1304     37.442     97.825      7.791  0.000e+00
   1726.000    127.957   4.162039     1.2162    -0.0464    127.214    26.2435    30.6289    13.6454    13.6421    4935.69    34.9762     2.1881     3.1270     37.398     97.720      7.789  0.000e+00
   1726.250    127.734   4.161363     1.2157    -0.0524    126.993    26.2425    30.6281    13.6412    13.6379    4935.62    34.9739     2.1854     3.1232     37.348     97.600      7.789  0.000e+00
   1726.500    127.566   4.160964     1.2152    -0.0623    126.826    26.2447    30.6304    13.6356    13.6324    4935.56    34.9752     2.1841     3.1213     37.323     97.543      7.790  0.000e+00
   1726.750    127.498   4.160917     1.2152    -0.0623    126.759    26.2489    30.6346    13.6307    13.6274    4935.52    34.9793     2.1839     3.1210     37.315     97.532      7.789  0.000e+00
   1727.000    127.492   4.160680     1.2146    -0.0682    126.753    26.2508    30.6366    13.6268    13.6235    4935.48    34.9807     2.1827     3.1193     37.293     97.479      7.792  0.000e+00
   1727.250    127.554   4.160572     1.2152    -0.0781    126.814    26.2525    30.6383    13.6240    13.6208    4935.46    34.9822     2.1860     3.1240     37.347     97.627      7.790  0.000e+00
   1727.500    127.622   4.160383     1.2141    -0.0563    126.882    26.2531    30.6390    13.6218    13.6186    4935.44    34.9824     2.1821     3.1185     37.280     97.455      7.788  0.000e+00
   1727.750    127.709   4.160741     1.2129    -0.0682    126.968    26.2573    30.6431    13.6201    13.6168    4935.45    34.9873     2.1770     3.1111     37.191     97.223      7.791  0.000e+00
   1728.000    127.721   4.161065     1.2141    -0.0682    126.980    26.2600    30.6459    13.6196    13.6164    4935.46    34.9908     2.1820     3.1182     37.277     97.446      7.791  0.000e+00
   1728.250    127.678   4.160457     1.2122    -0.0623    126.937    26.2543    30.6402    13.6211    13.6178    4935.44    34.9837     2.1753     3.1088     37.164     97.151      7.790  0.000e+00
