cruises/baja2025/cnv/20250504_cast1.cnv
* Sea-Bird SBE19plus Data File:
* FileName = C:\Users\ScienceTech\OneDrive - Western Flyer Foundation\Desktop\ProfilingCTD\data\Leg 3\20250504_T2_cast1.hex
* Software Version 1.59
* Temperature SN =  8289
* Conductivity SN =  8289
* System UpLoad Time = May 04 2025 19:04:16
** Start 1607Z
** 27-21.39'N
** 112 13.86'W
** To 335m
# nquan = 18
# nvalues = 5382                                  
# units = specified
# name 0 = timeS: Time, Elapsed [seconds]
# name 1 = prdM: Pressure, Strain Gauge [db]
# name 2 = c0S/m: Conductivity [S/m]
# name 3 = sbeox0V: Oxygen raw, SBE 43 [V]
# name 4 = flECO-AFL: Fluorescence, WET Labs ECO-AFL/FL [mg/m^3]
# name 5 = depSM: Depth [salt water, m], lat = 0.00
# name 6 = sigma-t00: Density [sigma-t, kg/m^3 ]
# name 7 = sigma-100: Density [sigma-1, kg/m^3 ]
# name 8 = tv268C: Temperature [IPTS-68, deg C]
# name 9 = tv290C: Temperature [ITS-90, deg C]
# name 10 = svCF: Sound Velocity [Chen-Millero, ft/s]
# name 11 = sal00: Salinity, Practical [PSU]
# name 12 = sbeox0ML/L: Oxygen, SBE 43 [ml/l]
# name 13 = sbeox0Mg/L: Oxygen, SBE 43 [mg/l]
# name 14 = sbeox0PS: Oxygen, SBE 43 [% saturation]
# name 15 = sbeox0Mm/L: Oxygen, SBE 43 [umol/l]
# name 16 = ph: pH
# name 17 = flag:  0.000e+00
# span 0 =      0.000,   1345.250                 
# span 1 =     -0.183,    347.133                 
# span 2 =   0.001167,   4.815802                 
# span 3 =     0.9698,     2.9011                 
# span 4 =    -0.1654,   128.7138                 
# span 5 =     -0.182,    344.936                 
# span 6 =    -2.2611,    26.4886                 
# span 7 =     2.1980,    30.9098                 
# span 8 =    12.1023,    22.2045                 
# span 9 =    12.0994,    22.1992                 
# span 10 =    4860.29,    4996.99                
# span 11 =     0.0140,    35.5991                
# span 12 =     1.4586,     7.3538                
# span 13 =     2.0845,    10.5093                
# span 14 =     24.681,    134.372                
# span 15 =     65.142,    328.422                
# span 16 =      7.296,      8.240                
# span 17 = 0.0000e+00, 0.0000e+00                
# interval = seconds: 0.25
# start_time = May 04 2025 09:06:59 [Instrument's time stamp, header]
# bad_flag = -9.990e-29
*END*
[from data line 4342]
   1085.500    166.193   4.111993     1.0163    -0.0543    165.213    26.3191    30.7153    13.1490    13.1458    4932.27    34.9426     1.5737     2.2490     26.620     70.282      7.727  0.000e+00
   1085.750    166.032   4.112074     1.0154    -0.0643    165.053    26.3188    30.7150    13.1500    13.1468    4932.27    34.9426     1.5692     2.2425     26.544     70.079      7.728  0.000e+00
   1086.000    165.889   4.112161     1.0159    -0.0643    164.911    26.3190    30.7152    13.1506    13.1474    4932.27    34.9429     1.5713     2.2456     26.581     70.176      7.727  0.000e+00
   1086.250    165.802   4.112215     1.0153    -0.0543    164.825    26.3187    30.7149    13.1513    13.1482    4932.27    34.9428     1.5701     2.2438     26.561     70.121      7.729  0.000e+00
   1086.500    165.722   4.112329     1.0149    -0.0702    164.745    26.3188    30.7149    13.1522    13.1490    4932.28    34.9431     1.5696     2.2431     26.552     70.097      7.729  0.000e+00
   1086.750    165.660   4.112410     1.0155    -0.0603    164.684    26.3185    30.7146    13.1532    13.1500    4932.29    34.9430     1.5723     2.2470     26.599     70.218      7.731  0.000e+00
   1087.000    165.573   4.112417     1.0154    -0.0801    164.597    26.3177    30.7138    13.1541    13.1510    4932.29    34.9422     1.5732     2.2483     26.614     70.259      7.728  0.000e+00
   1087.250    165.449   4.112356     1.0144    -0.0781    164.474    26.3167    30.7128    13.1547    13.1516    4932.29    34.9411     1.5702     2.2440     26.564     70.125      7.729  0.000e+00
   1087.500    165.307   4.112356     1.0137    -0.0623    164.333    26.3164    30.7125    13.1552    13.1520    4932.28    34.9408     1.5669     2.2393     26.509     69.979      7.730  0.000e+00
   1087.750    165.115   4.112410     1.0140    -0.0682    164.142    26.3169    30.7130    13.1550    13.1519    4932.27    34.9415     1.5680     2.2408     26.527     70.026      7.725  0.000e+00
   1088.000    164.922   4.112464     1.0143    -0.0543    163.951    26.3170    30.7131    13.1555    13.1523    4932.27    34.9417     1.5688     2.2420     26.541     70.065      7.729  0.000e+00
   1088.250    164.699   4.112551     1.0133    -0.0702    163.729    26.3172    30.7133    13.1560    13.1529    4932.26    34.9421     1.5653     2.2370     26.482     69.908      7.728  0.000e+00
   1088.500    164.458   4.112605     1.0142    -0.0524    163.489    26.3172    30.7133    13.1565    13.1534    4932.26    34.9422     1.5690     2.2422     26.544     70.070      7.730  0.000e+00
   1088.750    164.198   4.112631     1.0135    -0.0702    163.231    26.3168    30.7128    13.1574    13.1542    4932.25    34.9419     1.5664     2.2385     26.500     69.954      7.727  0.000e+00
   1089.000    163.968   4.112652     1.0123    -0.0623    163.003    26.3166    30.7127    13.1577    13.1546    4932.24    34.9418     1.5619     2.2321     26.425     69.755      7.727  0.000e+00
   1089.250    163.764   4.112773     1.0120    -0.0623    162.800    26.3171    30.7130    13.1583    13.1552    4932.24    34.9425     1.5609     2.2306     26.408     69.708      7.730  0.000e+00
   1089.500    163.572   4.112853     1.0123    -0.0643    162.609    26.3170    30.7130    13.1591    13.1559    4932.24    34.9426     1.5617     2.2318     26.423     69.745      7.728  0.000e+00
   1089.750    163.398   4.113021     1.0112    -0.0781    162.436    26.3176    30.7135    13.1599    13.1567    4932.24    34.9436     1.5565     2.2244     26.335     69.513      7.727  0.000e+00
   1090.000    163.274   4.113109     1.0111    -0.0643    162.313    26.3171    30.7130    13.1612    13.1580    4932.25    34.9433     1.5555     2.2229     26.319     69.468      7.728  0.000e+00
   1090.250    163.169   4.113162     1.0113    -0.0801    162.208    26.3163    30.7122    13.1625    13.1594    4932.25    34.9426     1.5565     2.2245     26.337     69.515      7.728  0.000e+00
   1090.500    163.076   4.113216     1.0111    -0.0623    162.116    26.3158    30.7116    13.1636    13.1604    4932.26    34.9422     1.5556     2.2231     26.322     69.474      7.728  0.000e+00
   1090.750    162.952   4.113330     1.0114    -0.0781    161.993    26.3157    30.7116    13.1645    13.1614    4932.26    34.9424     1.5585     2.2273     26.372     69.604      7.730  0.000e+00
   1091.000    162.822   4.113377     1.0099    -0.0543    161.864    26.3152    30.7110    13.1656    13.1624    4932.27    34.9420     1.5541     2.2209     26.297     69.404      7.726  0.000e+00
   1091.250    162.661   4.113276     1.0095    -0.0702    161.704    26.3138    30.7096    13.1663    13.1632    4932.26    34.9404     1.5520     2.2179     26.262     69.312      7.728  0.000e+00
   1091.500    162.469   4.113357     1.0089    -0.0623    161.513    26.3142    30.7100    13.1666    13.1635    4932.25    34.9410     1.5485     2.2130     26.203     69.156      7.727  0.000e+00
   1091.750    162.270   4.113552     1.0082    -0.0643    161.316    26.3153    30.7111    13.1670    13.1638    4932.25    34.9426     1.5458     2.2092     26.159     69.038      7.726  0.000e+00
   1092.000    162.066   4.113579     1.0073    -0.0702    161.112    26.3148    30.7106    13.1679    13.1647    4932.25    34.9421     1.5409     2.2021     26.075     68.816      7.727  0.000e+00
   1092.250    161.861   4.113693     1.0076    -0.0643    160.909    26.3147    30.7104    13.1690    13.1658    4932.25    34.9422     1.5411     2.2024     26.080     68.826      7.726  0.000e+00
   1092.500    161.645   4.113834     1.0073    -0.0702    160.694    26.3148    30.7105    13.1701    13.1669    4932.25    34.9427     1.5399     2.2006     26.059     68.770      7.731  0.000e+00
   1092.750    161.471   4.114198     1.0060    -0.0524    160.521    26.3164    30.7120    13.1713    13.1682    4932.27    34.9450     1.5353     2.1941     25.983     68.568      7.726  0.000e+00
   1093.000    161.304   4.114285     1.0053    -0.0563    160.355    26.3152    30.7108    13.1734    13.1703    4932.28    34.9440     1.5332     2.1911     25.949     68.474      7.727  0.000e+00
   1093.250    161.161   4.114305     1.0050    -0.0702    160.213    26.3134    30.7090    13.1756    13.1724    4932.29    34.9423     1.5320     2.1894     25.929     68.419      7.725  0.000e+00
   1093.500    161.037   4.114393     1.0031    -0.0722    160.090    26.3129    30.7085    13.1769    13.1737    4932.29    34.9420     1.5244     2.1785     25.800     68.078      7.728  0.000e+00
   1093.750    160.926   4.114561     1.0037    -0.0464    159.979    26.3134    30.7089    13.1777    13.1746    4932.30    34.9428     1.5267     2.1818     25.840     68.182      7.729  0.000e+00
   1094.000    160.796   4.114695     1.0033    -0.0702    159.850    26.3130    30.7085    13.1793    13.1762    4932.31    34.9427     1.5253     2.1799     25.818     68.122      7.725  0.000e+00
   1094.250    160.666   4.114695     1.0024    -0.0682    159.721    26.3117    30.7072    13.1807    13.1776    4932.31    34.9414     1.5220     2.1751     25.762     67.972      7.725  0.000e+00
   1094.500    160.523   4.114809     1.0002    -0.0702    159.579    26.3116    30.7071    13.1818    13.1786    4932.32    34.9416     1.5132     2.1625     25.614     67.580      7.725  0.000e+00
   1094.750    160.368   4.114782     1.0024    -0.0643    159.425    26.3105    30.7059    13.1829    13.1797    4932.31    34.9404     1.5232     2.1768     25.784     68.026      7.726  0.000e+00
   1095.000    160.176   4.114695     0.9997    -0.0543    159.234    26.3093    30.7047    13.1836    13.1804    4932.31    34.9390     1.5136     2.1631     25.621     67.597      7.726  0.000e+00
   1095.250    159.953   4.114809     1.0001    -0.0623    159.013    26.3101    30.7055    13.1837    13.1805    4932.30    34.9401     1.5152     2.1654     25.649     67.669      7.726  0.000e+00
   1095.500    159.724   4.114977     0.9985    -0.0643    158.785    26.3111    30.7065    13.1840    13.1809    4932.30    34.9415     1.5096     2.1574     25.555     67.420      7.727  0.000e+00
   1095.750    159.463   4.115367     0.9982    -0.0643    158.526    26.3134    30.7088    13.1847    13.1815    4932.30    34.9447     1.5071     2.1538     25.513     67.307      7.726  0.000e+00
   1096.000    159.228   4.115509     0.9986    -0.0623    158.292    26.3126    30.7079    13.1868    13.1836    4932.31    34.9442     1.5097     2.1576     25.558     67.425      7.725  0.000e+00
   1096.250    159.011   4.115508     0.9976    -0.0702    158.077    26.3104    30.7057    13.1893    13.1861    4932.32    34.9420     1.5074     2.1542     25.519     67.319      7.727  0.000e+00
   1096.500    158.807   4.115757     0.9976    -0.0781    157.874    26.3109    30.7061    13.1908    13.1877    4932.33    34.9430     1.5086     2.1560     25.541     67.375      7.724  0.000e+00
   1096.750    158.615   4.115925     0.9968    -0.0702    157.683    26.3105    30.7057    13.1927    13.1895    4932.34    34.9430     1.5045     2.1500     25.472     67.190      7.726  0.000e+00
   1097.000    158.453   4.116067     0.9957    -0.0702    157.523    26.3099    30.7050    13.1946    13.1914    4932.35    34.9427     1.5024     2.1471     25.438     67.097      7.722  0.000e+00
   1097.250    158.311   4.116396     0.9954    -0.0702    157.381    26.3107    30.7058    13.1964    13.1932    4932.36    34.9442     1.5006     2.1445     25.409     67.017      7.725  0.000e+00
   1097.500    158.187   4.116531     0.9943    -0.0781    157.258    26.3098    30.7048    13.1985    13.1953    4932.38    34.9436     1.4968     2.1391     25.346     66.849      7.724  0.000e+00
   1097.750    158.075   4.116679     0.9947    -0.0563    157.147    26.3087    30.7037    13.2009    13.1978    4932.40    34.9428     1.4976     2.1402     25.360     66.882      7.725  0.000e+00
   1098.000    157.939   4.116820     0.9932    -0.0623    157.011    26.3079    30.7029    13.2029    13.1998    4932.41    34.9423     1.4911     2.1309     25.251     66.593      7.724  0.000e+00
   1098.250    157.803   4.117069     0.9922    -0.0722    156.876    26.3081    30.7031    13.2047    13.2016    4932.42    34.9431     1.4872     2.1254     25.186     66.420      7.723  0.000e+00
   1098.500    157.654   4.116954     0.9918    -0.0781    156.728    26.3056    30.7005    13.2067    13.2035    4932.43    34.9403     1.4850     2.1222     25.149     66.321      7.726  0.000e+00
   1098.750    157.475   4.117123     0.9908    -0.0623    156.550    26.3057    30.7006    13.2080    13.2048    4932.43    34.9408     1.4816     2.1173     25.092     66.167      7.723  0.000e+00
   1099.000    157.307   4.117318     0.9889    -0.0623    156.383    26.3061    30.7009    13.2091    13.2060    4932.44    34.9416     1.4742     2.1067     24.967     65.836      7.723  0.000e+00
   1099.250    157.109   4.117513     0.9880    -0.0861    156.186    26.3061    30.7009    13.2107    13.2076    4932.45    34.9421     1.4694     2.0999     24.887     65.623      7.724  0.000e+00
   1099.500    156.886   4.117822     0.9880    -0.0762    155.965    26.3070    30.7017    13.2124    13.2092    4932.46    34.9436     1.4692     2.0997     24.885     65.616      7.725  0.000e+00
   1099.750    156.669   4.117957     0.9865    -0.0643    155.749    26.3061    30.7008    13.2145    13.2114    4932.47    34.9430     1.4630     2.0908     24.782     65.340      7.723  0.000e+00
   1100.000    156.465   4.118017     0.9865    -0.0702    155.546    26.3046    30.6993    13.2167    13.2135    4932.47    34.9417     1.4644     2.0928     24.806     65.400      7.723  0.000e+00
   1100.250    156.248   4.118381     0.9866    -0.0702    155.331    26.3059    30.7005    13.2183    13.2151    4932.49    34.9438     1.4662     2.0954     24.838     65.483      7.724  0.000e+00
   1100.500    156.056   4.118690     0.9858    -0.0643    155.140    26.3064    30.7009    13.2203    13.2171    4932.50    34.9449     1.4650     2.0936     24.818     65.427      7.721  0.000e+00
   1100.750    155.857   4.118939     0.9845    -0.0722    154.943    26.3056    30.7001    13.2232    13.2200    4932.52    34.9447     1.4617     2.0890     24.764     65.281      7.724  0.000e+00
   1101.000    155.671   4.119134     0.9840    -0.0682    154.758    26.3047    30.6991    13.2258    13.2227    4932.54    34.9442     1.4613     2.0883     24.758     65.262      7.727  0.000e+00
   1101.250    155.479   4.119248     0.9836    -0.0781    154.567    26.3033    30.6977    13.2284    13.2252    4932.55    34.9430     1.4598     2.0861     24.733     65.193      7.722  0.000e+00
   1101.500    155.300   4.119194     0.9833    -0.0702    154.388    26.3013    30.6957    13.2302    13.2270    4932.55    34.9409     1.4586     2.0845     24.714     65.142      7.724  0.000e+00
   1101.750    155.114   4.119221     0.9833    -0.0623    154.204    26.3005    30.6949    13.2313    13.2281    4932.55    34.9402     1.4597     2.0861     24.734     65.191      7.724  0.000e+00
   1102.000    154.922   4.119248     0.9830    -0.0643    154.013    26.3003    30.6946    13.2318    13.2286    4932.55    34.9401     1.4588     2.0847     24.718     65.148      7.725  0.000e+00
   1102.250    154.723   4.119248     0.9827    -0.0623    153.816    26.3000    30.6944    13.2322    13.2290    4932.54    34.9398     1.4587     2.0847     24.717     65.148      7.725  0.000e+00
   1102.500    154.569   4.119389     0.9827    -0.0702    153.662    26.3009    30.6952    13.2324    13.2292    4932.54    34.9410     1.4602     2.0868     24.743     65.214      7.722  0.000e+00
   1102.750    154.414   4.119611     0.9826    -0.0702    153.508    26.3017    30.6960    13.2334    13.2302    4932.55    34.9423     1.4616     2.0888     24.767     65.276      7.724  0.000e+00
   1103.000    154.271   4.119638     0.9821    -0.0722    153.366    26.3009    30.6952    13.2345    13.2313    4932.55    34.9416     1.4605     2.0871     24.748     65.224      7.724  0.000e+00
   1103.250    154.141   4.119665     0.9824    -0.0643    153.237    26.3003    30.6945    13.2355    13.2323    4932.55    34.9410     1.4621     2.0895     24.776     65.298      7.724  0.000e+00
   1103.500    153.992   4.119665     0.9824    -0.0781    153.089    26.2996    30.6938    13.2363    13.2331    4932.55    34.9403     1.4623     2.0897     24.779     65.304      7.721  0.000e+00
   1103.750    153.856   4.119665     0.9817    -0.0762    152.954    26.2992    30.6934    13.2368    13.2336    4932.54    34.9400     1.4596     2.0860     24.735     65.187      7.722  0.000e+00
   1104.000    153.707   4.119752     0.9820    -0.0722    152.806    26.2997    30.6939    13.2370    13.2338    4932.54    34.9406     1.4610     2.0879     24.757     65.247      7.724  0.000e+00
   1104.250    153.552   4.119860     0.9835    -0.0762    152.652    26.3000    30.6942    13.2375    13.2343    4932.54    34.9412     1.4678     2.0976     24.874     65.551      7.723  0.000e+00
   1104.500    153.373   4.119914     0.9831    -0.0623    152.473    26.2999    30.6940    13.2382    13.2350    4932.54    34.9412     1.4676     2.0973     24.871     65.543      7.722  0.000e+00
   1104.750    153.187   4.119914     0.9826    -0.0643    152.289    26.2992    30.6934    13.2389    13.2358    4932.53    34.9406     1.4661     2.0952     24.846     65.477      7.725  0.000e+00
   1105.000    152.951   4.119947     0.9836    -0.0603    152.055    26.2992    30.6933    13.2394    13.2362    4932.53    34.9406     1.4706     2.1016     24.922     65.676      7.724  0.000e+00
   1105.250    152.697   4.119887     0.9821    -0.0801    151.802    26.2984    30.6925    13.2398    13.2367    4932.51    34.9397     1.4647     2.0932     24.822     65.414      7.723  0.000e+00
