cruises/baja2025/cnv/20250504_cast1.cnv
* Sea-Bird SBE19plus Data File:
* FileName = C:\Users\ScienceTech\OneDrive - Western Flyer Foundation\Desktop\ProfilingCTD\data\Leg 3\20250504_T2_cast1.hex
* Software Version 1.59
* Temperature SN =  8289
* Conductivity SN =  8289
* System UpLoad Time = May 04 2025 19:04:16
** Start 1607Z
** 27-21.39'N
** 112 13.86'W
** To 335m
# nquan = 18
# nvalues = 5382                                  
# units = specified
# name 0 = timeS: Time, Elapsed [seconds]
# name 1 = prdM: Pressure, Strain Gauge [db]
# name 2 = c0S/m: Conductivity [S/m]
# name 3 = sbeox0V: Oxygen raw, SBE 43 [V]
# name 4 = flECO-AFL: Fluorescence, WET Labs ECO-AFL/FL [mg/m^3]
# name 5 = depSM: Depth [salt water, m], lat = 0.00
# name 6 = sigma-t00: Density [sigma-t, kg/m^3 ]
# name 7 = sigma-100: Density [sigma-1, kg/m^3 ]
# name 8 = tv268C: Temperature [IPTS-68, deg C]
# name 9 = tv290C: Temperature [ITS-90, deg C]
# name 10 = svCF: Sound Velocity [Chen-Millero, ft/s]
# name 11 = sal00: Salinity, Practical [PSU]
# name 12 = sbeox0ML/L: Oxygen, SBE 43 [ml/l]
# name 13 = sbeox0Mg/L: Oxygen, SBE 43 [mg/l]
# name 14 = sbeox0PS: Oxygen, SBE 43 [% saturation]
# name 15 = sbeox0Mm/L: Oxygen, SBE 43 [umol/l]
# name 16 = ph: pH
# name 17 = flag:  0.000e+00
# span 0 =      0.000,   1345.250                 
# span 1 =     -0.183,    347.133                 
# span 2 =   0.001167,   4.815802                 
# span 3 =     0.9698,     2.9011                 
# span 4 =    -0.1654,   128.7138                 
# span 5 =     -0.182,    344.936                 
# span 6 =    -2.2611,    26.4886                 
# span 7 =     2.1980,    30.9098                 
# span 8 =    12.1023,    22.2045                 
# span 9 =    12.0994,    22.1992                 
# span 10 =    4860.29,    4996.99                
# span 11 =     0.0140,    35.5991                
# span 12 =     1.4586,     7.3538                
# span 13 =     2.0845,    10.5093                
# span 14 =     24.681,    134.372                
# span 15 =     65.142,    328.422                
# span 16 =      7.296,      8.240                
# span 17 = 0.0000e+00, 0.0000e+00                
# interval = seconds: 0.25
# start_time = May 04 2025 09:06:59 [Instrument's time stamp, header]
# bad_flag = -9.990e-29
*END*
[from data line 5227]
   1306.750     15.712   4.589864     2.4487     0.8363     15.625    25.5141    29.8217    17.7323    17.7280    4972.16    35.2288     5.5972     7.9989    103.818    249.969      8.037  0.000e+00
   1307.000     15.600   4.591482     2.4596     0.8244     15.514    25.5024    29.8096    17.7570    17.7527    4972.36    35.2213     5.6377     8.0568    104.614    251.778      8.039  0.000e+00
   1307.250     15.508   4.591545     2.4712     0.8304     15.422    25.4832    29.7902    17.7786    17.7743    4972.49    35.2032     5.6812     8.1191    105.454    253.725      8.043  0.000e+00
   1307.500     15.408   4.591693     2.4818     0.9256     15.323    25.4714    29.7782    17.7927    17.7884    4972.58    35.1923     5.7198     8.1742    106.191    255.446      8.043  0.000e+00
   1307.750     15.278   4.591974     2.4895     0.9177     15.194    25.4666    29.7733    17.8001    17.7958    4972.63    35.1884     5.7460     8.2116    106.690    256.616      8.043  0.000e+00
   1308.000     15.142   4.592340     2.4982     0.9236     15.058    25.4646    29.7712    17.8050    17.8007    4972.67    35.1873     5.7713     8.2478    107.169    257.748      8.046  0.000e+00
   1308.250     14.987   4.592396     2.5093     0.9355     14.904    25.4611    29.7676    17.8093    17.8050    4972.69    35.1841     5.8030     8.2930    107.763    259.160      8.045  0.000e+00
   1308.500     14.789   4.594572     2.5176     0.9375     14.707    25.4731    29.7794    17.8119    17.8077    4972.77    35.2006     5.8227     8.3212    108.146    260.042      8.049  0.000e+00
   1308.750     14.566   4.597663     2.5235     1.0188     14.485    25.4862    29.7923    17.8200    17.8157    4972.91    35.2203     5.8313     8.3335    108.335    260.426      8.048  0.000e+00
   1309.000     14.343   4.600473     2.5295     1.0010     14.264    25.4901    29.7958    17.8361    17.8318    4973.09    35.2306     5.8391     8.3446    108.519    260.773      8.048  0.000e+00
   1309.250     14.095   4.602445     2.5355     1.0109     14.017    25.4830    29.7884    17.8583    17.8540    4973.28    35.2284     5.8458     8.3542    108.688    261.071      8.050  0.000e+00
   1309.500     13.829   4.604495     2.5396     0.9871     13.752    25.4766    29.7817    17.8802    17.8759    4973.47    35.2271     5.8470     8.3559    108.755    261.126      8.052  0.000e+00
   1309.750     13.575   4.607293     2.5444     1.0248     13.500    25.4762    29.7808    17.9010    17.8967    4973.68    35.2332     5.8507     8.3613    108.872    261.294      8.054  0.000e+00
   1310.000     13.346   4.608611     2.5489     1.0188     13.272    25.4649    29.7692    17.9230    17.9187    4973.85    35.2255     5.8529     8.3644    108.953    261.392      8.054  0.000e+00
   1310.250     13.129   4.609442     2.5536     1.0387     13.056    25.4518    29.7558    17.9435    17.9392    4973.99    35.2151     5.8563     8.3692    109.051    261.542      8.057  0.000e+00
   1310.500     12.937   4.610781     2.5600     1.0188     12.865    25.4472    29.7510    17.9583    17.9540    4974.12    35.2138     5.8701     8.3890    109.338    262.160      8.057  0.000e+00
   1310.750     12.782   4.617094     2.5656     1.0446     12.711    25.4762    29.7795    17.9720    17.9677    4974.40    35.2561     5.8824     8.4065    109.623    262.707      8.058  0.000e+00
   1311.000     12.633   4.635953     2.5732     1.0446     12.564    25.5751    29.8770    17.9994    17.9951    4975.17    35.3940     5.8973     8.4278    110.049    263.373      8.063  0.000e+00
   1311.250     12.503   4.647605     2.5791     1.0645     12.434    25.5806    29.8811    18.0771    18.0728    4976.03    35.4263     5.9058     8.4399    110.390    263.751      8.065  0.000e+00
   1311.500     12.398   4.664588     2.5882     1.0565     12.330    25.5929    29.8912    18.1854    18.1811    4977.24    35.4774     5.9215     8.4625    110.945    264.455      8.070  0.000e+00
   1311.750     12.299   4.672545     2.5996     1.0645     12.231    25.5303    29.8268    18.3110    18.3066    4978.28    35.4366     5.9471     8.4990    111.660    265.599      8.072  0.000e+00
   1312.000     12.187   4.666674     2.6138     1.0506     12.120    25.3866    29.6822    18.4270    18.4226    4978.82    35.2868     5.9896     8.5597    112.601    267.495      8.076  0.000e+00
   1312.250     12.070   4.669919     2.6301     1.0764     12.003    25.3555    29.6503    18.4845    18.4800    4979.27    35.2650     6.0435     8.6368    113.723    269.905      8.076  0.000e+00
   1312.500     11.933   4.674322     2.6467     1.0565     11.867    25.3592    29.6535    18.5119    18.5074    4979.57    35.2788     6.1026     8.7212    114.902    272.540      8.082  0.000e+00
   1312.750     11.785   4.682486     2.6618     1.0565     11.720    25.3786    29.6720    18.5488    18.5443    4980.05    35.3163     6.1547     8.7956    115.990    274.867      8.084  0.000e+00
   1313.000     11.636   4.689009     2.6784     0.9891     11.572    25.3793    29.6719    18.5945    18.5900    4980.54    35.3323     6.2095     8.8739    117.134    277.314      8.085  0.000e+00
   1313.250     11.463   4.695351     2.6902     1.0010     11.399    25.3693    29.6610    18.6506    18.6461    4981.07    35.3378     6.2446     8.9242    117.924    278.885      8.089  0.000e+00
   1313.500     11.271   4.700133     2.7028     0.9811     11.208    25.3472    29.6380    18.7089    18.7045    4981.58    35.3282     6.2756     8.9685    118.632    280.269      8.092  0.000e+00
   1313.750     11.060   4.701610     2.7137     1.0010     10.999    25.3083    29.5984    18.7624    18.7579    4981.94    35.2950     6.2973     8.9995    119.138    281.239      8.091  0.000e+00
   1314.000     10.849   4.705008     2.7216     0.9990     10.789    25.2950    29.5845    18.8012    18.7967    4982.28    35.2904     6.3052     9.0108    119.370    281.591      8.096  0.000e+00
   1314.250     10.614   4.708478     2.7296     1.0069     10.555    25.2878    29.5768    18.8338    18.8293    4982.58    35.2919     6.3105     9.0183    119.543    281.825      8.095  0.000e+00
   1314.500     10.372   4.710021     2.7383     0.9891     10.315    25.2708    29.5594    18.8635    18.8590    4982.80    35.2796     6.3188     9.0302    119.759    282.199      8.096  0.000e+00
   1314.750     10.162   4.712390     2.7477     0.9871     10.106    25.2641    29.5523    18.8877    18.8832    4983.01    35.2789     6.3319     9.0489    120.060    282.782      8.102  0.000e+00
   1315.000      9.939   4.716844     2.7562     1.0010      9.884    25.2729    29.5605    18.9097    18.9052    4983.27    35.2976     6.3431     9.0649    120.336    283.283      8.103  0.000e+00
   1315.250      9.734   4.720105     2.7664     0.9633      9.681    25.2703    29.5575    18.9357    18.9312    4983.52    35.3029     6.3643     9.0952    120.800    284.230      8.106  0.000e+00
   1315.500      9.548   4.728210     2.7732     0.9792      9.496    25.2958    29.5823    18.9649    18.9603    4983.94    35.3460     6.3737     9.1087    121.075    284.650      8.110  0.000e+00
   1315.750      9.387   4.737797     2.7803     0.9554      9.336    25.3182    29.6037    19.0080    19.0034    4984.50    35.3897     6.3835     9.1226    121.390    285.086      8.114  0.000e+00
   1316.000      9.276   4.742311     2.7874     0.9573      9.225    25.2917    29.5763    19.0690    19.0644    4985.01    35.3754     6.3940     9.1376    121.717    285.555      8.112  0.000e+00
   1316.250      9.158   4.753560     2.7959     0.9673      9.108    25.3109    29.5943    19.1270    19.1224    4985.71    35.4201     6.4064     9.1554    122.117    286.111      8.119  0.000e+00
   1316.500      9.065   4.758344     2.8011     0.9554      9.015    25.2789    29.5613    19.1959    19.1912    4986.27    35.4014     6.4083     9.1581    122.296    286.196      8.120  0.000e+00
   1316.750      8.972   4.759336     2.8072     0.9613      8.923    25.2245    29.5062    19.2627    19.2581    4986.70    35.3527     6.4136     9.1657    122.513    286.432      8.121  0.000e+00
   1317.000      8.861   4.758057     2.8150     0.9494      8.812    25.1751    29.4563    19.3083    19.3037    4986.94    35.3034     6.4283     9.1867    122.862    287.089      8.125  0.000e+00
   1317.250      8.743   4.756649     2.8239     1.0248      8.695    25.1459    29.4270    19.3306    19.3260    4987.02    35.2728     6.4500     9.2176    123.304    288.055      8.125  0.000e+00
   1317.500      8.601   4.755977     2.8318     1.0149      8.553    25.1371    29.4181    19.3358    19.3311    4987.03    35.2629     6.4731     9.2507    123.750    289.088      8.124  0.000e+00
   1317.750      8.440   4.758506     2.8400     1.0188      8.393    25.1540    29.4349    19.3348    19.3302    4987.09    35.2848     6.4966     9.2843    124.215    290.140      8.128  0.000e+00
   1318.000      8.260   4.760707     2.8472     1.0188      8.214    25.1643    29.4451    19.3390    19.3343    4987.17    35.2997     6.5166     9.3128    124.616    291.029      8.129  0.000e+00
   1318.250      8.056   4.764101     2.8518     1.0268      8.011    25.1759    29.4563    19.3501    19.3454    4987.34    35.3186     6.5262     9.3266    124.840    291.461      8.131  0.000e+00
   1318.500      7.857   4.765602     2.8573     0.8423      7.814    25.1685    29.4487    19.3687    19.3641    4987.48    35.3153     6.5380     9.3435    125.107    291.987      8.131  0.000e+00
   1318.750      7.634   4.765187     2.8594     0.8284      7.592    25.1484    29.4284    19.3881    19.3835    4987.58    35.2955     6.5365     9.3413    125.108    291.921      8.132  0.000e+00
   1319.000      7.405   4.766309     2.8648     0.8482      7.364    25.1450    29.4248    19.3998    19.3952    4987.67    35.2950     6.5432     9.3509    125.262    292.218      8.131  0.000e+00
   1319.250      7.195   4.766566     2.8675     0.8284      7.155    25.1389    29.4186    19.4084    19.4037    4987.72    35.2900     6.5418     9.3489    125.252    292.156      8.132  0.000e+00
   1319.500      6.990   4.767109     2.8707     0.7729      6.952    25.1367    29.4162    19.4147    19.4101    4987.77    35.2892     6.5428     9.3503    125.285    292.200      8.135  0.000e+00
   1319.750      6.792   4.766595     2.8713     0.7907      6.755    25.1288    29.4083    19.4199    19.4152    4987.77    35.2806     6.5363     9.3410    125.166    291.910      8.135  0.000e+00
   1320.000      6.612   4.766437     2.8708     0.7709      6.576    25.1261    29.4056    19.4218    19.4172    4987.77    35.2777     6.5270     9.3277    124.990    291.495      8.134  0.000e+00
   1320.250      6.420   4.766337     2.8700     0.7709      6.385    25.1257    29.4052    19.4217    19.4170    4987.75    35.2771     6.5171     9.3136    124.800    291.054      8.135  0.000e+00
   1320.500      6.259   4.767173     2.8700     0.6578      6.225    25.1321    29.4116    19.4205    19.4158    4987.76    35.2851     6.5094     9.3026    124.657    290.712      8.137  0.000e+00
   1320.750      6.098   4.768131     2.8685     0.6836      6.065    25.1368    29.4162    19.4220    19.4174    4987.79    35.2918     6.4980     9.2863    124.447    290.202      8.137  0.000e+00
   1321.000      5.943   4.768582     2.8694     0.6697      5.911    25.1355    29.4148    19.4267    19.4221    4987.83    35.2916     6.4933     9.2796    124.366    289.990      8.137  0.000e+00
   1321.250      5.795   4.769411     2.8710     0.6816      5.763    25.1362    29.4155    19.4317    19.4270    4987.88    35.2944     6.4944     9.2811    124.400    290.038      8.138  0.000e+00
   1321.500      5.652   4.769511     2.8728     0.6697      5.621    25.1316    29.4107    19.4376    19.4329    4987.91    35.2903     6.4986     9.2872    124.492    290.228      8.139  0.000e+00
   1321.750      5.516   4.769733     2.8733     0.7153      5.485    25.1291    29.4082    19.4419    19.4373    4987.93    35.2885     6.5012     9.2909    124.551    290.345      8.138  0.000e+00
   1322.000      5.386   4.770147     2.8730     0.7034      5.356    25.1288    29.4078    19.4452    19.4405    4987.96    35.2892     6.5019     9.2919    124.573    290.377      8.138  0.000e+00
   1322.250      5.243   4.769640     2.8748     0.7014      5.214    25.1229    29.4019    19.4482    19.4435    4987.95    35.2825     6.5089     9.3019    124.709    290.689      8.139  0.000e+00
   1322.500      5.126   4.770212     2.8755     0.6935      5.097    25.1260    29.4049    19.4488    19.4442    4987.97    35.2867     6.5120     9.3063    124.772    290.826      8.142  0.000e+00
   1322.750      4.996   4.771048     2.8765     0.5884      4.968    25.1305    29.4094    19.4498    19.4451    4987.99    35.2930     6.5155     9.3113    124.846    290.983      8.142  0.000e+00
   1323.000      4.853   4.771849     2.8773     0.5745      4.826    25.1324    29.4112    19.4533    19.4486    4988.03    35.2967     6.5167     9.3130    124.879    291.034      8.140  0.000e+00
   1323.250      4.698   4.771914     2.8784     0.5884      4.672    25.1280    29.4068    19.4586    19.4539    4988.06    35.2928     6.5187     9.3158    124.927    291.124      8.141  0.000e+00
   1323.500      4.519   4.771334     2.8793     0.5804      4.494    25.1201    29.3988    19.4634    19.4587    4988.06    35.2840     6.5205     9.3184    124.966    291.204      8.139  0.000e+00
   1323.750      4.320   4.771270     2.8816     0.5031      4.297    25.1190    29.3977    19.4642    19.4596    4988.05    35.2828     6.5281     9.3294    125.114    291.547      8.143  0.000e+00
   1324.000      4.104   4.772006     2.8814     0.4932      4.081    25.1244    29.4031    19.4634    19.4587    4988.06    35.2897     6.5278     9.3288    125.110    291.531      8.141  0.000e+00
   1324.250      3.868   4.771656     2.8804     0.4793      3.847    25.1210    29.3997    19.4648    19.4601    4988.04    35.2857     6.5230     9.3220    125.019    291.318      8.136  0.000e+00
   1324.500      3.633   4.771562     2.8813     0.4852      3.613    25.1199    29.3986    19.4654    19.4608    4988.03    35.2845     6.5241     9.3236    125.040    291.366      8.141  0.000e+00
   1324.750      3.416   4.771977     2.8820     0.5289      3.397    25.1226    29.4012    19.4654    19.4608    4988.03    35.2880     6.5249     9.3247    125.058    291.401      8.141  0.000e+00
   1325.000      3.205   4.771877     2.8863     0.5170      3.188    25.1215    29.4000    19.4661    19.4614    4988.02    35.2867     6.5380     9.3435    125.311    291.989      8.141  0.000e+00
   1325.250      3.026   4.771398     2.8869     0.5130      3.009    25.1177    29.3963    19.4669    19.4622    4988.00    35.2821     6.5407     9.3473    125.360    292.106      8.142  0.000e+00
   1325.500      2.902   4.771526     2.8874     0.5031      2.886    25.1198    29.3984    19.4655    19.4609    4987.99    35.2843     6.5429     9.3504    125.400    292.204      8.142  0.000e+00
   1325.750      2.766   4.771877     2.8856     0.5170      2.750    25.1233    29.4019    19.4641    19.4595    4987.99    35.2885     6.5364     9.3412    125.277    291.916      8.141  0.000e+00
   1326.000      2.673   4.772363     2.8830     0.3880      2.658    25.1259    29.4045    19.4647    19.4600    4988.00    35.2921     6.5268     9.3274    125.096    291.486      8.143  0.000e+00
   1326.250      2.592   4.772807     2.8808     0.4039      2.578    25.1264    29.4048    19.4674    19.4627    4988.03    35.2935     6.5162     9.3123    124.900    291.014      8.142  0.000e+00
