cruises/baja2025/cnv/20250502_cast1.cnv
* Sea-Bird SBE19plus Data File:
* FileName = C:\Users\ScienceTech\OneDrive - Western Flyer Foundation\Desktop\ProfilingCTD\data\Leg 3\20250502_T12_cast1.hex
* Software Version 1.59
* Temperature SN =  8289
* Conductivity SN =  8289
* System UpLoad Time = May 03 2025 05:32:41
** Site "T12"
** 27-19.97'N 112-08.86'W
** Start 2025-05-02 2135Z
** Cast to 500m
# nquan = 18
# nvalues = 8299                                  
# units = specified
# name 0 = timeS: Time, Elapsed [seconds]
# name 1 = prdM: Pressure, Strain Gauge [db]
# name 2 = c0S/m: Conductivity [S/m]
# name 3 = sbeox0V: Oxygen raw, SBE 43 [V]
# name 4 = flECO-AFL: Fluorescence, WET Labs ECO-AFL/FL [mg/m^3]
# name 5 = depSM: Depth [salt water, m], lat = 0.00
# name 6 = sigma-t00: Density [sigma-t, kg/m^3 ]
# name 7 = sigma-100: Density [sigma-1, kg/m^3 ]
# name 8 = tv268C: Temperature [IPTS-68, deg C]
# name 9 = tv290C: Temperature [ITS-90, deg C]
# name 10 = svCF: Sound Velocity [Chen-Millero, ft/s]
# name 11 = sal00: Salinity, Practical [PSU]
# name 12 = sbeox0ML/L: Oxygen, SBE 43 [ml/l]
# name 13 = sbeox0Mg/L: Oxygen, SBE 43 [mg/l]
# name 14 = sbeox0PS: Oxygen, SBE 43 [% saturation]
# name 15 = sbeox0Mm/L: Oxygen, SBE 43 [umol/l]
# name 16 = ph: pH
# name 17 = flag:  0.000e+00
# span 0 =      0.000,   2074.500                 
# span 1 =     -0.188,    497.763                 
# span 2 =   0.000545,   5.060422                 
# span 3 =     0.6314,     3.5807                 
# span 4 =    -0.1654,   128.7495                 
# span 5 =     -0.187,    494.434                 
# span 6 =    -3.6771,    26.7872                 
# span 7 =     0.6936,    31.2624                 
# span 8 =     9.6430,    27.7393                 
# span 9 =     9.6407,    27.7326                 
# span 10 =    4866.24,    5021.88                
# span 11 =     0.0135,    36.5190                
# span 12 =     0.3699,     8.7707                
# span 13 =     0.5286,    12.5342                
# span 14 =      5.827,    162.294                
# span 15 =     16.521,    391.698                
# span 16 =      7.439,      8.260                
# span 17 = 0.0000e+00, 0.0000e+00                
# interval = seconds: 0.25
# start_time = May 02 2025 14:35:01 [Instrument's time stamp, header]
# bad_flag = -9.990e-29
*END*
[from data line 4503]
   1125.750    497.507   3.768520     0.6364    -0.0682    494.180    26.7762    31.2517     9.6491     9.6468    4909.41    34.6986     0.3914     0.5593      6.139     17.479      7.596  0.000e+00
   1126.000    497.470   3.768702     0.6365    -0.0702    494.143    26.7784    31.2538     9.6483     9.6460    4909.41    34.7012     0.3921     0.5603      6.150     17.511      7.593  0.000e+00
   1126.250    497.433   3.769098     0.6360    -0.0563    494.106    26.7812    31.2566     9.6487     9.6464    4909.43    34.7049     0.3899     0.5572      6.115     17.412      7.596  0.000e+00
   1126.500    497.396   3.769176     0.6371    -0.0543    494.069    26.7801    31.2554     9.6507     9.6484    4909.45    34.7038     0.3957     0.5655      6.207     17.674      7.597  0.000e+00
   1126.750    497.377   3.769254     0.6361    -0.0702    494.051    26.7789    31.2542     9.6527     9.6504    4909.47    34.7027     0.3925     0.5609      6.156     17.528      7.597  0.000e+00
   1127.000    497.371   3.769306     0.6356    -0.0603    494.045    26.7781    31.2534     9.6539     9.6516    4909.48    34.7020     0.3902     0.5577      6.121     17.427      7.597  0.000e+00
   1127.250    497.408   3.768968     0.6357    -0.0623    494.082    26.7742    31.2496     9.6552     9.6529    4909.48    34.6973     0.3890     0.5560      6.103     17.375      7.597  0.000e+00
   1127.500    497.433   3.768728     0.6364    -0.0682    494.107    26.7727    31.2480     9.6548     9.6525    4909.46    34.6952     0.3923     0.5607      6.154     17.521      7.597  0.000e+00
   1127.750    497.471   3.768546     0.6360    -0.0563    494.144    26.7728    31.2482     9.6531     9.6508    4909.45    34.6950     0.3901     0.5575      6.119     17.422      7.598  0.000e+00
   1128.000    497.508   3.768228     0.6364    -0.0543    494.181    26.7719    31.2473     9.6513     9.6490    4909.42    34.6935     0.3924     0.5608      6.155     17.527      7.594  0.000e+00
   1128.250    497.551   3.768072     0.6365    -0.0702    494.224    26.7728    31.2482     9.6489     9.6466    4909.40    34.6941     0.3938     0.5627      6.176     17.586      7.594  0.000e+00
   1128.500    497.595   3.768072     0.6367    -0.0543    494.267    26.7748    31.2503     9.6467     9.6444    4909.38    34.6963     0.3946     0.5639      6.188     17.622      7.595  0.000e+00
   1128.750    497.632   3.768046     0.6361    -0.0563    494.304    26.7761    31.2516     9.6451     9.6427    4909.37    34.6975     0.3940     0.5630      6.179     17.595      7.594  0.000e+00
   1129.000    497.688   3.768046     0.6360    -0.0722    494.359    26.7769    31.2524     9.6442     9.6419    4909.36    34.6983     0.3934     0.5622      6.170     17.569      7.595  0.000e+00
   1129.250    497.701   3.768020     0.6365    -0.0781    494.372    26.7771    31.2526     9.6437     9.6414    4909.36    34.6985     0.3945     0.5638      6.187     17.619      7.596  0.000e+00
   1129.500    497.725   3.768046     0.6359    -0.0643    494.396    26.7776    31.2532     9.6433     9.6410    4909.36    34.6991     0.3907     0.5583      6.127     17.449      7.594  0.000e+00
   1129.750    497.701   3.768046     0.6354    -0.0722    494.372    26.7778    31.2533     9.6432     9.6409    4909.36    34.6993     0.3880     0.5545      6.085     17.328      7.595  0.000e+00
   1130.000    497.657   3.768150     0.6364    -0.0841    494.329    26.7785    31.2540     9.6433     9.6410    4909.36    34.7002     0.3912     0.5591      6.136     17.473      7.595  0.000e+00
   1130.250    497.602   3.768332     0.6359    -0.0623    494.274    26.7799    31.2554     9.6434     9.6411    4909.37    34.7021     0.3895     0.5566      6.108     17.394      7.599  0.000e+00
   1130.500    497.521   3.768650     0.6357    -0.0623    494.194    26.7818    31.2573     9.6442     9.6419    4909.38    34.7046     0.3889     0.5558      6.099     17.369      7.595  0.000e+00
   1130.750    497.490   3.768832     0.6361    -0.0643    494.163    26.7815    31.2569     9.6461     9.6438    4909.40    34.7046     0.3915     0.5595      6.140     17.484      7.595  0.000e+00
   1131.000    497.465   3.768968     0.6361    -0.0643    494.138    26.7806    31.2560     9.6483     9.6460    4909.42    34.7040     0.3915     0.5594      6.140     17.482      7.594  0.000e+00
   1131.250    497.490   3.768884     0.6364    -0.0603    494.163    26.7781    31.2535     9.6502     9.6479    4909.44    34.7012     0.3932     0.5619      6.167     17.560      7.598  0.000e+00
   1131.500    497.540   3.768572     0.6359    -0.0702    494.212    26.7745    31.2499     9.6514     9.6491    4909.44    34.6969     0.3922     0.5604      6.151     17.514      7.597  0.000e+00
   1131.750    497.620   3.768254     0.6362    -0.0623    494.292    26.7724    31.2478     9.6509     9.6486    4909.42    34.6941     0.3935     0.5624      6.172     17.574      7.594  0.000e+00
   1132.000    497.695   3.768150     0.6361    -0.0484    494.366    26.7733    31.2488     9.6489     9.6466    4909.41    34.6948     0.3924     0.5607      6.154     17.522      7.596  0.000e+00
   1132.250    497.745   3.767994     0.6352    -0.0623    494.415    26.7738    31.2493     9.6470     9.6447    4909.39    34.6951     0.3882     0.5547      6.088     17.336      7.596  0.000e+00
   1132.500    497.763   3.767942     0.6357    -0.0643    494.434    26.7751    31.2506     9.6452     9.6429    4909.37    34.6963     0.3897     0.5570      6.112     17.405      7.598  0.000e+00
   1132.750    497.751   3.767968     0.6358    -0.0464    494.422    26.7766    31.2522     9.6437     9.6414    4909.36    34.6980     0.3895     0.5566      6.108     17.394      7.596  0.000e+00
   1133.000    497.695   3.768072     0.6354    -0.0781    494.366    26.7781    31.2537     9.6431     9.6407    4909.36    34.6997     0.3876     0.5540      6.079     17.311      7.597  0.000e+00
   1133.250    497.639   3.768176     0.6365    -0.0623    494.311    26.7790    31.2546     9.6430     9.6407    4909.36    34.7008     0.3929     0.5615      6.161     17.546      7.595  0.000e+00
   1133.500    497.584   3.768416     0.6359    -0.0623    494.256    26.7804    31.2559     9.6436     9.6413    4909.37    34.7028     0.3914     0.5593      6.138     17.480      7.594  0.000e+00
   1133.750    497.565   3.768572     0.6357    -0.0702    494.237    26.7805    31.2560     9.6449     9.6425    4909.39    34.7031     0.3903     0.5577      6.121     17.430      7.597  0.000e+00
   1134.000    497.546   3.768650     0.6362    -0.0682    494.219    26.7797    31.2552     9.6464     9.6441    4909.40    34.7025     0.3935     0.5623      6.171     17.572      7.597  0.000e+00
   1134.250    497.571   3.768442     0.6361    -0.0603    494.243    26.7766    31.2521     9.6479     9.6456    4909.40    34.6989     0.3937     0.5627      6.175     17.584      7.595  0.000e+00
   1134.500    497.615   3.768098     0.6361    -0.0702    494.287    26.7737    31.2492     9.6481     9.6458    4909.39    34.6951     0.3929     0.5614      6.162     17.545      7.596  0.000e+00
   1134.750    497.658   3.767968     0.6354    -0.0543    494.330    26.7737    31.2492     9.6469     9.6446    4909.38    34.6949     0.3895     0.5567      6.109     17.396      7.592  0.000e+00
   1135.000    497.652   3.768150     0.6364    -0.0861    494.324    26.7769    31.2524     9.6451     9.6427    4909.37    34.6986     0.3935     0.5623      6.171     17.572      7.596  0.000e+00
   1135.250    497.640   3.768072     0.6363    -0.0702    494.311    26.7767    31.2522     9.6446     9.6423    4909.37    34.6982     0.3927     0.5612      6.159     17.538      7.597  0.000e+00
   1135.500    497.603   3.768020     0.6360    -0.0643    494.275    26.7766    31.2521     9.6443     9.6420    4909.36    34.6980     0.3923     0.5607      6.153     17.521      7.592  0.000e+00
   1135.750    497.541   3.768098     0.6361    -0.0643    494.213    26.7776    31.2532     9.6439     9.6415    4909.36    34.6993     0.3925     0.5610      6.156     17.530      7.594  0.000e+00
   1136.000    497.479   3.768228     0.6361    -0.0543    494.152    26.7788    31.2543     9.6438     9.6415    4909.36    34.7007     0.3919     0.5601      6.147     17.504      7.595  0.000e+00
   1136.250    497.442   3.768416     0.6354    -0.0682    494.115    26.7799    31.2554     9.6442     9.6419    4909.37    34.7022     0.3890     0.5560      6.101     17.374      7.596  0.000e+00
   1136.500    497.423   3.768598     0.6362    -0.0722    494.096    26.7802    31.2556     9.6455     9.6432    4909.38    34.7028     0.3924     0.5607      6.154     17.523      7.596  0.000e+00
   1136.750    497.430   3.768624     0.6365    -0.0762    494.103    26.7791    31.2546     9.6469     9.6446    4909.40    34.7018     0.3944     0.5636      6.186     17.614      7.595  0.000e+00
   1137.000    497.448   3.768280     0.6361    -0.0643    494.121    26.7754    31.2508     9.6479     9.6456    4909.39    34.6972     0.3916     0.5597      6.142     17.489      7.591  0.000e+00
   1137.250    497.498   3.768072     0.6356    -0.0623    494.171    26.7739    31.2494     9.6477     9.6454    4909.38    34.6953     0.3896     0.5568      6.111     17.401      7.596  0.000e+00
   1137.500    497.548   3.768176     0.6361    -0.0643    494.220    26.7757    31.2512     9.6466     9.6443    4909.38    34.6974     0.3919     0.5601      6.146     17.502      7.597  0.000e+00
   1137.750    497.585   3.768098     0.6363    -0.0781    494.257    26.7758    31.2513     9.6458     9.6435    4909.37    34.6974     0.3932     0.5619      6.166     17.558      7.595  0.000e+00
   1138.000    497.616   3.768384     0.6359    -0.0801    494.288    26.7789    31.2544     9.6449     9.6426    4909.38    34.7011     0.3916     0.5596      6.142     17.489      7.595  0.000e+00
   1138.250    497.653   3.768598     0.6354    -0.0623    494.325    26.7805    31.2560     9.6451     9.6427    4909.39    34.7032     0.3891     0.5561      6.103     17.378      7.597  0.000e+00
   1138.500    497.684   3.768098     0.6364    -0.0543    494.355    26.7753    31.2508     9.6464     9.6441    4909.38    34.6967     0.3922     0.5605      6.151     17.515      7.596  0.000e+00
   1138.750    497.690   3.768468     0.6356    -0.0702    494.362    26.7777    31.2532     9.6469     9.6446    4909.40    34.7000     0.3890     0.5559      6.101     17.372      7.595  0.000e+00
   1139.000    497.659   3.768520     0.6358    -0.0722    494.331    26.7782    31.2537     9.6469     9.6446    4909.40    34.7006     0.3902     0.5577      6.120     17.427      7.596  0.000e+00
   1139.250    497.622   3.768416     0.6359    -0.0543    494.294    26.7769    31.2524     9.6474     9.6451    4909.40    34.6991     0.3911     0.5589      6.134     17.466      7.598  0.000e+00
   1139.500    497.573   3.768254     0.6364    -0.0722    494.245    26.7757    31.2512     9.6473     9.6450    4909.39    34.6976     0.3934     0.5622      6.170     17.569      7.595  0.000e+00
   1139.750    497.529   3.768228     0.6362    -0.0643    494.202    26.7759    31.2514     9.6469     9.6446    4909.39    34.6977     0.3931     0.5617      6.165     17.555      7.593  0.000e+00
   1140.000    497.511   3.768364     0.6364    -0.0623    494.183    26.7777    31.2532     9.6461     9.6438    4909.38    34.6998     0.3948     0.5642      6.191     17.630      7.596  0.000e+00
   1140.250    497.492   3.768442     0.6362    -0.0722    494.165    26.7783    31.2537     9.6462     9.6439    4909.39    34.7006     0.3944     0.5636      6.185     17.612      7.594  0.000e+00
   1140.500    497.468   3.768442     0.6358    -0.0623    494.140    26.7776    31.2531     9.6469     9.6446    4909.39    34.6999     0.3911     0.5589      6.134     17.467      7.594  0.000e+00
   1140.750    497.430   3.768384     0.6357    -0.0722    494.104    26.7768    31.2523     9.6473     9.6450    4909.39    34.6990     0.3908     0.5585      6.129     17.453      7.593  0.000e+00
   1141.000    497.362   3.768442     0.6358    -0.0702    494.036    26.7774    31.2529     9.6472     9.6449    4909.39    34.6997     0.3904     0.5579      6.123     17.434      7.596  0.000e+00
   1141.250    497.251   3.768468     0.6354    -0.0543    493.925    26.7773    31.2528     9.6475     9.6452    4909.39    34.6997     0.3872     0.5533      6.073     17.292      7.594  0.000e+00
   1141.500    497.139   3.768572     0.6358    -0.0484    493.815    26.7781    31.2536     9.6476     9.6453    4909.38    34.7007     0.3885     0.5552      6.094     17.352      7.594  0.000e+00
   1141.750    497.027   3.768676     0.6358    -0.0643    493.704    26.7786    31.2541     9.6480     9.6457    4909.39    34.7014     0.3892     0.5562      6.104     17.382      7.593  0.000e+00
   1142.000    496.910   3.768780     0.6364    -0.0543    493.587    26.7786    31.2540     9.6490     9.6467    4909.39    34.7016     0.3925     0.5609      6.156     17.528      7.594  0.000e+00
   1142.250    496.804   3.768832     0.6358    -0.0643    493.482    26.7781    31.2535     9.6500     9.6477    4909.40    34.7012     0.3912     0.5591      6.136     17.472      7.592  0.000e+00
   1142.500    496.711   3.768858     0.6362    -0.0682    493.390    26.7776    31.2530     9.6508     9.6485    4909.40    34.7007     0.3938     0.5628      6.177     17.589      7.592  0.000e+00
   1142.750    496.625   3.768910     0.6362    -0.0464    493.304    26.7774    31.2527     9.6516     9.6493    4909.40    34.7006     0.3942     0.5633      6.183     17.604      7.594  0.000e+00
   1143.000    496.525   3.768909     0.6358    -0.0524    493.206    26.7770    31.2523     9.6521     9.6498    4909.40    34.7001     0.3918     0.5599      6.146     17.498      7.598  0.000e+00
   1143.250    496.451   3.768909     0.6356    -0.0702    493.132    26.7766    31.2519     9.6525     9.6502    4909.40    34.6998     0.3906     0.5582      6.127     17.444      7.594  0.000e+00
   1143.500    496.346   3.768942     0.6357    -0.0543    493.027    26.7765    31.2519     9.6529     9.6506    4909.40    34.6998     0.3896     0.5567      6.111     17.398      7.594  0.000e+00
   1143.750    496.259   3.769020     0.6361    -0.0524    492.941    26.7770    31.2523     9.6531     9.6508    4909.40    34.7004     0.3910     0.5588      6.133     17.462      7.596  0.000e+00
   1144.000    496.141   3.769546     0.6363    -0.0702    492.825    26.7807    31.2560     9.6537     9.6514    4909.42    34.7053     0.3921     0.5604      6.151     17.512      7.596  0.000e+00
   1144.250    496.023   3.769909     0.6358    -0.0563    492.708    26.7818    31.2570     9.6557     9.6534    4909.45    34.7071     0.3904     0.5580      6.125     17.437      7.594  0.000e+00
   1144.500    495.906   3.769728     0.6358    -0.0702    492.591    26.7777    31.2528     9.6587     9.6564    4909.46    34.7025     0.3899     0.5573      6.117     17.415      7.593  0.000e+00
   1144.750    495.776   3.769624     0.6364    -0.0484    492.462    26.7753    31.2504     9.6604     9.6581    4909.46    34.6998     0.3934     0.5622      6.172     17.569      7.597  0.000e+00
   1145.000    495.652   3.769701     0.6357    -0.0702    492.339    26.7757    31.2509     9.6607     9.6584    4909.46    34.7004     0.3910     0.5587      6.134     17.461      7.596  0.000e+00
   1145.250    495.515   3.769805     0.6361    -0.0702    492.203    26.7763    31.2515     9.6610     9.6586    4909.46    34.7013     0.3924     0.5608      6.156     17.525      7.596  0.000e+00
