cruises/baja2025/cnv/20250418_cast2.cnv
* Sea-Bird SBE19plus Data File:
* FileName = C:\Users\ScienceTech\OneDrive - Western Flyer Foundation\Desktop\ProfilingCTD\data\20250418-PuntaTrinidad_cast5.hex
* Software Version 1.59
* Temperature SN =  8289
* Conductivity SN =  8289
* System UpLoad Time = Apr 18 2025 15:47:50
** Punta Trinidad
** 4/18/2025
** 1700 UTC
** 27 48.029N
** 112 41.465'W
** ~60 m water depth
# nquan = 18
# nvalues = 2023                                  
# units = specified
# name 0 = timeS: Time, Elapsed [seconds]
# name 1 = prdM: Pressure, Strain Gauge [db]
# name 2 = c0S/m: Conductivity [S/m]
# name 3 = sbeox0V: Oxygen raw, SBE 43 [V]
# name 4 = flECO-AFL: Fluorescence, WET Labs ECO-AFL/FL [mg/m^3]
# name 5 = depSM: Depth [salt water, m], lat = 0.00
# name 6 = sigma-t00: Density [sigma-t, kg/m^3 ]
# name 7 = sigma-100: Density [sigma-1, kg/m^3 ]
# name 8 = tv268C: Temperature [IPTS-68, deg C]
# name 9 = tv290C: Temperature [ITS-90, deg C]
# name 10 = svCF: Sound Velocity [Chen-Millero, ft/s]
# name 11 = sal00: Salinity, Practical [PSU]
# name 12 = sbeox0ML/L: Oxygen, SBE 43 [ml/l]
# name 13 = sbeox0Mg/L: Oxygen, SBE 43 [mg/l]
# name 14 = sbeox0PS: Oxygen, SBE 43 [% saturation]
# name 15 = sbeox0Mm/L: Oxygen, SBE 43 [umol/l]
# name 16 = ph: pH
# name 17 = flag:  0.000e+00
# span 0 =      0.000,    505.500                 
# span 1 =     -0.125,     61.336                 
# span 2 =  -0.000048,   4.466911                 
# span 3 =     1.4076,     3.0057                 
# span 4 =    -0.1694,     3.0640                 
# span 5 =     -0.125,     60.990                 
# span 6 =    -1.9210,    26.3928                 
# span 7 =     2.5666,    30.7279                 
# span 8 =    14.2061,    20.6078                 
# span 9 =    14.2027,    20.6028                 
# span 10 =    4818.64,    4965.52                
# span 11 =     0.0000,    35.7998                
# span 12 =     2.7342,     8.0787                
# span 13 =     3.9075,    11.5452                
# span 14 =     47.281,    133.989                
# span 15 =    122.110,    360.793                
# span 16 =      6.806,      8.116                
# span 17 = 0.0000e+00, 0.0000e+00                
# interval = seconds: 0.25
# start_time = Apr 18 2025 10:36:44 [Instrument's time stamp, header]
# bad_flag = -9.990e-29
*END*
[from data line 322]
     80.500      6.126   4.380658     2.1392     0.0091      6.093    25.8997    30.2414    15.7607    15.7569    4951.73    35.1256     4.8698     6.9594     86.902    217.483      7.901  0.000e+00
     80.750      6.095   4.381017     2.1391     0.0171      6.062    25.9016    30.2433    15.7613    15.7575    4951.75    35.1283     4.8626     6.9492     86.777    217.165      7.903  0.000e+00
     81.000      6.009   4.381017     2.1389     0.0111      5.976    25.8999    30.2415    15.7632    15.7594    4951.76    35.1266     4.8542     6.9372     86.629    216.790      7.902  0.000e+00
     81.250      5.891   4.381231     2.1374    -0.0147      5.858    25.9001    30.2417    15.7646    15.7609    4951.77    35.1273     4.8401     6.9171     86.381    216.161      7.903  0.000e+00
     81.500      5.786   4.381411     2.1368    -0.0365      5.754    25.8997    30.2413    15.7664    15.7626    4951.78    35.1274     4.8293     6.9016     86.191    215.678      7.903  0.000e+00
     81.750      5.680   4.381466     2.1363    -0.0404      5.649    25.8984    30.2399    15.7684    15.7646    4951.79    35.1262     4.8205     6.8890     86.036    215.284      7.901  0.000e+00
     82.000      5.606   4.381410     2.1354    -0.0246      5.575    25.8967    30.2383    15.7698    15.7660    4951.79    35.1245     4.8116     6.8763     85.878    214.886      7.904  0.000e+00
     82.250      5.525   4.381562     2.1349    -0.0246      5.495    25.8971    30.2386    15.7705    15.7667    4951.80    35.1252     4.8064     6.8689     85.788    214.655      7.901  0.000e+00
     82.500      5.488   4.381873     2.1353     0.0012      5.458    25.8986    30.2401    15.7712    15.7674    4951.81    35.1273     4.8066     6.8691     85.793    214.661      7.904  0.000e+00
     82.750      5.488   4.382225     2.1342     0.0191      5.458    25.8995    30.2409    15.7729    15.7692    4951.84    35.1290     4.8031     6.8641     85.734    214.505      7.906  0.000e+00
     83.000      5.501   4.382467     2.1325     0.0111      5.470    25.8988    30.2402    15.7755    15.7718    4951.86    35.1288     4.7972     6.8557     85.634    214.243      7.902  0.000e+00
     83.250      5.525   4.382943     2.1337     0.0171      5.495    25.8994    30.2407    15.7785    15.7747    4951.90    35.1305     4.8018     6.8623     85.722    214.450      7.901  0.000e+00
     83.500      5.569   4.383309     2.1331    -0.0147      5.538    25.8989    30.2402    15.7817    15.7779    4951.94    35.1309     4.8006     6.8605     85.705    214.393      7.902  0.000e+00
     83.750      5.624   4.382674     2.1347    -0.0226      5.593    25.8914    30.2327    15.7852    15.7814    4951.94    35.1221     4.8073     6.8701     85.826    214.692      7.901  0.000e+00
     84.000      5.699   4.382190     2.1361    -0.0147      5.667    25.8874    30.2287    15.7859    15.7821    4951.93    35.1171     4.8151     6.8813     85.965    215.043      7.903  0.000e+00
     84.250      5.785   4.382315     2.1373    -0.0365      5.754    25.8910    30.2324    15.7828    15.7790    4951.92    35.1209     4.8225     6.8919     86.094    215.375      7.902  0.000e+00
     84.500      5.878   4.381500     2.1373    -0.0623      5.846    25.8866    30.2280    15.7815    15.7777    4951.89    35.1147     4.8255     6.8961     86.140    215.505      7.904  0.000e+00
     84.750      5.953   4.381169     2.1384    -0.0543      5.920    25.8868    30.2282    15.7787    15.7749    4951.86    35.1142     4.8323     6.9059     86.258    215.812      7.902  0.000e+00
     85.000      5.984   4.381411     2.1392    -0.0524      5.951    25.8925    30.2339    15.7743    15.7705    4951.85    35.1202     4.8374     6.9131     86.345    216.038      7.904  0.000e+00
     85.250      6.009   4.381707     2.1387    -0.0623      5.976    25.8961    30.2376    15.7725    15.7687    4951.84    35.1245     4.8348     6.9094     86.298    215.923      7.904  0.000e+00
     85.500      5.978   4.381832     2.1408    -0.0524      5.945    25.8969    30.2384    15.7726    15.7688    4951.85    35.1256     4.8418     6.9195     86.424    216.236      7.903  0.000e+00
     85.750      5.941   4.381894     2.1384    -0.0226      5.908    25.8963    30.2378    15.7738    15.7700    4951.86    35.1251     4.8309     6.9038     86.230    215.748      7.900  0.000e+00
     86.000      5.860   4.381707     2.1377    -0.0246      5.828    25.8940    30.2354    15.7750    15.7712    4951.85    35.1224     4.8252     6.8956     86.128    215.492      7.902  0.000e+00
     86.250      5.773   4.381680     2.1358    -0.0246      5.742    25.8936    30.2350    15.7752    15.7714    4951.85    35.1220     4.8151     6.8812     85.949    215.041      7.901  0.000e+00
     86.500      5.705   4.381590     2.1347    -0.0226      5.674    25.8933    30.2348    15.7748    15.7710    4951.84    35.1215     4.8078     6.8708     85.817    214.714      7.904  0.000e+00
     86.750      5.656   4.381652     2.1347    -0.0166      5.625    25.8942    30.2357    15.7743    15.7705    4951.84    35.1225     4.8044     6.8660     85.757    214.564      7.904  0.000e+00
     87.000      5.594   4.381742     2.1345    -0.0305      5.563    25.8949    30.2363    15.7743    15.7705    4951.84    35.1234     4.8021     6.8627     85.716    214.462      7.903  0.000e+00
     87.250      5.581   4.381894     2.1338    -0.0147      5.551    25.8956    30.2370    15.7747    15.7709    4951.84    35.1244     4.7993     6.8587     85.668    214.337      7.904  0.000e+00
     87.500      5.569   4.382128     2.1345    -0.0305      5.538    25.8964    30.2378    15.7755    15.7718    4951.86    35.1258     4.8018     6.8622     85.713    214.447      7.903  0.000e+00
     87.750      5.575   4.382674     2.1356    -0.0464      5.544    25.8992    30.2405    15.7767    15.7729    4951.88    35.1296     4.8096     6.8734     85.857    214.797      7.902  0.000e+00
     88.000      5.581   4.383185     2.1359    -0.0543      5.550    25.9000    30.2413    15.7796    15.7758    4951.92    35.1316     4.8133     6.8786     85.929    214.961      7.902  0.000e+00
     88.250      5.631   4.383337     2.1364    -0.0524      5.600    25.8975    30.2387    15.7835    15.7797    4951.95    35.1295     4.8182     6.8856     86.022    215.179      7.903  0.000e+00
     88.500      5.686   4.383378     2.1365    -0.0623      5.655    25.8946    30.2358    15.7870    15.7832    4951.98    35.1267     4.8201     6.8884     86.060    215.264      7.905  0.000e+00
     88.750      5.761   4.383095     2.1365    -0.0524      5.729    25.8906    30.2318    15.7892    15.7854    4951.99    35.1222     4.8206     6.8891     86.070    215.287      7.901  0.000e+00
     89.000      5.860   4.382715     2.1373    -0.0623      5.828    25.8879    30.2291    15.7893    15.7855    4951.98    35.1187     4.8238     6.8938     86.127    215.433      7.903  0.000e+00
     89.250      5.953   4.382943     2.1374    -0.0524      5.920    25.8910    30.2323    15.7875    15.7837    4951.98    35.1223     4.8247     6.8950     86.141    215.470      7.901  0.000e+00
     89.500      6.002   4.382736     2.1382    -0.0682      5.969    25.8903    30.2316    15.7867    15.7829    4951.98    35.1211     4.8270     6.8982     86.180    215.572      7.901  0.000e+00
     89.750      6.021   4.382674     2.1388    -0.0623      5.988    25.8902    30.2315    15.7864    15.7826    4951.97    35.1208     4.8285     6.9004     86.206    215.639      7.903  0.000e+00
     90.000      6.021   4.382826     2.1392    -0.0206      5.988    25.8921    30.2334    15.7854    15.7816    4951.97    35.1231     4.8304     6.9032     86.240    215.727      7.901  0.000e+00
     90.250      5.965   4.383489     2.1401    -0.0147      5.932    25.8969    30.2381    15.7852    15.7814    4951.99    35.1292     4.8335     6.9075     86.298    215.864      7.905  0.000e+00
     90.500      5.884   4.383820     2.1408    -0.0147      5.852    25.8970    30.2381    15.7877    15.7839    4952.01    35.1300     4.8362     6.9114     86.351    215.985      7.899  0.000e+00
     90.750      5.804   4.383999     2.1404    -0.0226      5.772    25.8951    30.2362    15.7911    15.7873    4952.04    35.1286     4.8345     6.9091     86.326    215.911      7.903  0.000e+00
     91.000      5.730   4.384089     2.1421    -0.0285      5.698    25.8930    30.2341    15.7941    15.7903    4952.06    35.1268     4.8400     6.9168     86.428    216.154      7.901  0.000e+00
     91.250      5.674   4.383937     2.1411    -0.0305      5.643    25.8899    30.2309    15.7964    15.7926    4952.06    35.1234     4.8358     6.9109     86.356    215.968      7.903  0.000e+00
     91.500      5.637   4.383758     2.1416    -0.0365      5.606    25.8878    30.2289    15.7973    15.7935    4952.06    35.1210     4.8364     6.9117     86.366    215.994      7.901  0.000e+00
     91.750      5.643   4.383433     2.1411    -0.0226      5.612    25.8863    30.2274    15.7965    15.7927    4952.05    35.1188     4.8338     6.9080     86.317    215.878      7.904  0.000e+00
     92.000      5.649   4.382522     2.1404    -0.0385      5.618    25.8816    30.2228    15.7948    15.7910    4952.00    35.1122     4.8298     6.9023     86.240    215.701      7.901  0.000e+00
     92.250      5.680   4.381169     2.1407     0.0310      5.649    25.8760    30.2173    15.7907    15.7869    4951.93    35.1036     4.8298     6.9023     86.228    215.698      7.903  0.000e+00
     92.500      5.724   4.380803     2.1419     0.0032      5.692    25.8803    30.2217    15.7832    15.7794    4951.87    35.1070     4.8341     6.9084     86.294    215.891      7.903  0.000e+00
     92.750      5.767   4.382978     2.1428     0.0091      5.735    25.9025    30.2439    15.7752    15.7714    4951.89    35.1336     4.8380     6.9140     86.364    216.065      7.906  0.000e+00
     93.000      5.823   4.383696     2.1447     0.0091      5.791    25.9052    30.2465    15.7777    15.7740    4951.94    35.1378     4.8449     6.9239     86.494    216.373      7.901  0.000e+00
     93.250      5.860   4.383668     2.1437    -0.0484      5.828    25.8986    30.2398    15.7847    15.7810    4951.99    35.1313     4.8433     6.9216     86.473    216.302      7.899  0.000e+00
     93.500      5.916   4.383841     2.1426    -0.0643      5.883    25.8955    30.2366    15.7895    15.7857    4952.03    35.1286     4.8393     6.9158     86.408    216.121      7.901  0.000e+00
     93.750      5.934   4.383999     2.1408    -0.0524      5.902    25.8937    30.2348    15.7926    15.7889    4952.05    35.1272     4.8320     6.9054     86.283    215.797      7.900  0.000e+00
     94.000      5.947   4.384062     2.1405    -0.0722      5.914    25.8920    30.2331    15.7949    15.7911    4952.07    35.1257     4.8283     6.9001     86.220    215.633      7.900  0.000e+00
     94.250      5.947   4.384027     2.1407    -0.0305      5.914    25.8903    30.2314    15.7965    15.7927    4952.08    35.1240     4.8261     6.8969     86.182    215.532      7.903  0.000e+00
     94.500      5.903   4.384213     2.1412    -0.0464      5.871    25.8909    30.2319    15.7973    15.7935    4952.09    35.1250     4.8254     6.8960     86.172    215.503      7.902  0.000e+00
     94.750      5.854   4.383985     2.1409    -0.0206      5.822    25.8885    30.2295    15.7983    15.7945    4952.09    35.1221     4.8233     6.8929     86.133    215.407      7.903  0.000e+00
     95.000      5.792   4.383972     2.1414    -0.0226      5.760    25.8883    30.2293    15.7984    15.7946    4952.08    35.1219     4.8253     6.8958     86.169    215.496      7.901  0.000e+00
     95.250      5.761   4.383972     2.1412    -0.0226      5.729    25.8885    30.2295    15.7982    15.7944    4952.08    35.1221     4.8270     6.8983     86.201    215.575      7.901  0.000e+00
     95.500      5.748   4.383847     2.1413    -0.0246      5.717    25.8878    30.2288    15.7980    15.7942    4952.08    35.1211     4.8295     6.9019     86.244    215.686      7.901  0.000e+00
     95.750      5.742   4.383426     2.1422    -0.0166      5.711    25.8854    30.2264    15.7975    15.7937    4952.06    35.1179     4.8348     6.9094     86.335    215.920      7.903  0.000e+00
     96.000      5.773   4.382977     2.1426    -0.0206      5.742    25.8837    30.2249    15.7958    15.7920    4952.03    35.1153     4.8371     6.9127     86.372    216.024      7.906  0.000e+00
     96.250      5.811   4.382432     2.1409    -0.0226      5.779    25.8828    30.2240    15.7927    15.7889    4952.00    35.1131     4.8312     6.9042     86.261    215.760      7.900  0.000e+00
     96.500      5.835   4.381438     2.1413    -0.0563      5.803    25.8798    30.2211    15.7885    15.7847    4951.93    35.1079     4.8321     6.9055     86.267    215.801      7.900  0.000e+00
     96.750      5.866   4.380547     2.1406    -0.0543      5.834    25.8792    30.2206    15.7824    15.7786    4951.86    35.1054     4.8298     6.9023     86.215    215.699      7.901  0.000e+00
     97.000      5.885   4.379719     2.1404    -0.0543      5.852    25.8805    30.2221    15.7747    15.7709    4951.78    35.1048     4.8286     6.9005     86.180    215.644      7.902  0.000e+00
     97.250      5.897   4.379512     2.1385    -0.0385      5.865    25.8863    30.2280    15.7668    15.7630    4951.72    35.1100     4.8215     6.8905     86.043    215.330      7.901  0.000e+00
     97.500      5.909   4.379512     2.1399     0.0151      5.877    25.8920    30.2337    15.7605    15.7567    4951.68    35.1156     4.8255     6.8961     86.105    215.505      7.898  0.000e+00
     97.750      5.928   4.379512     2.1398     0.0012      5.895    25.8949    30.2367    15.7573    15.7535    4951.66    35.1184     4.8248     6.8951     86.090    215.475      7.902  0.000e+00
     98.000      5.922   4.380444     2.1380     0.0091      5.889    25.9030    30.2448    15.7554    15.7517    4951.68    35.1284     4.8188     6.8865     85.984    215.205      7.901  0.000e+00
     98.250      5.897   4.380417     2.1356     0.0091      5.865    25.9011    30.2429    15.7573    15.7535    4951.69    35.1265     4.8098     6.8737     85.827    214.807      7.901  0.000e+00
     98.500      5.860   4.380568     2.1333     0.0032      5.828    25.9000    30.2417    15.7597    15.7559    4951.71    35.1258     4.7991     6.8583     85.638    214.326      7.903  0.000e+00
     98.750      5.823   4.381045     2.1311     0.0171      5.791    25.9016    30.2432    15.7616    15.7578    4951.74    35.1283     4.7886     6.8434     85.456    213.858      7.899  0.000e+00
     99.000      5.792   4.380989     2.1301     0.0111      5.760    25.8985    30.2401    15.7646    15.7608    4951.75    35.1252     4.7825     6.8346     85.350    213.585      7.902  0.000e+00
     99.250      5.749   4.380983     2.1290     0.0111      5.717    25.8962    30.2378    15.7671    15.7633    4951.77    35.1229     4.7772     6.8271     85.259    213.350      7.898  0.000e+00
     99.500      5.742   4.380865     2.1295     0.0091      5.711    25.8947    30.2363    15.7678    15.7640    4951.77    35.1212     4.7778     6.8280     85.271    213.379      7.901  0.000e+00
     99.750      5.748   4.380479     2.1285     0.0488      5.717    25.8920    30.2336    15.7679    15.7641    4951.76    35.1177     4.7763     6.8258     85.241    213.309      7.901  0.000e+00
    100.000      5.742   4.381797     2.1281     0.0329      5.711    25.9022    30.2437    15.7667    15.7629    4951.79    35.1306     4.7784     6.8287     85.283    213.401      7.900  0.000e+00
    100.250      5.773   4.382702     2.1268     0.0468      5.741    25.9060    30.2474    15.7694    15.7656    4951.84    35.1363     4.7770     6.8269     85.267    213.342      7.900  0.000e+00
