cruises/baja2025/cnv/20250506_cast3.cnv
* Sea-Bird SBE19plus Data File:
* FileName = C:\Users\ScienceTech\OneDrive - Western Flyer Foundation\Desktop\ProfilingCTD\data\2025\Gulf of California\Leg 3\raw data\20250506_PP200_cast1.hex
* Software Version 1.59
* Temperature SN =  8289
* Conductivity SN =  8289
* System UpLoad Time = May 07 2025 18:17:40
** "PP200"
** 27-30.51'N
** 112-18.93'W
** Depth 290m at start, 275m at finish
# nquan = 18
# nvalues = 4962                                  
# units = specified
# name 0 = timeS: Time, Elapsed [seconds]
# name 1 = prdM: Pressure, Strain Gauge [db]
# name 2 = c0S/m: Conductivity [S/m]
# name 3 = sbeox0V: Oxygen raw, SBE 43 [V]
# name 4 = flECO-AFL: Fluorescence, WET Labs ECO-AFL/FL [mg/m^3]
# name 5 = depSM: Depth [salt water, m], lat = 0.00
# name 6 = sigma-t00: Density [sigma-t, kg/m^3 ]
# name 7 = sigma-100: Density [sigma-1, kg/m^3 ]
# name 8 = tv268C: Temperature [IPTS-68, deg C]
# name 9 = tv290C: Temperature [ITS-90, deg C]
# name 10 = svCF: Sound Velocity [Chen-Millero, ft/s]
# name 11 = sal00: Salinity, Practical [PSU]
# name 12 = sbeox0ML/L: Oxygen, SBE 43 [ml/l]
# name 13 = sbeox0Mg/L: Oxygen, SBE 43 [mg/l]
# name 14 = sbeox0PS: Oxygen, SBE 43 [% saturation]
# name 15 = sbeox0Mm/L: Oxygen, SBE 43 [umol/l]
# name 16 = ph: pH
# name 17 = flag:  0.000e+00
# span 0 =      0.000,   1240.250                 
# span 1 =     -0.135,    280.010                 
# span 2 =  -0.140182,   4.932350                 
# span 3 =     1.0817,     2.9084                 
# span 4 =    -0.1694,   128.6900                 
# span 5 =     -0.134,    278.283                 
# span 6 =    -1.4547,    26.4310                 
# span 7 =     3.0772,    30.8434                 
# span 8 =    12.4873,    20.9398                 
# span 9 =    12.4843,    20.9348                 
# span 10 =    4845.60,    5001.43                
# span 11 =     0.0000,    36.2280                
# span 12 =     1.8401,     7.1441                
# span 13 =     2.6297,    10.2096                
# span 14 =     30.700,    135.685                
# span 15 =     82.179,    319.055                
# span 16 =      7.763,      8.195                
# span 17 = 0.0000e+00, 0.0000e+00                
# interval = seconds: 0.25
# start_time = May 06 2025 14:22:41 [Instrument's time stamp, header]
# bad_flag = -9.990e-29
*END*
[from data line 2332]
    583.000    164.195   4.134009     1.2034    -0.0623    163.228    26.3067    30.6990    13.3399    13.3367    4934.37    34.9767     2.1782     3.1128     36.997     97.277      7.798  0.000e+00
    583.250    164.393   4.133875     1.2043    -0.0702    163.425    26.3043    30.6967    13.3413    13.3381    4934.38    34.9741     2.1807     3.1165     37.042     97.392      7.798  0.000e+00
    583.500    164.567   4.133672     1.2051    -0.0781    163.597    26.3020    30.6944    13.3421    13.3389    4934.39    34.9713     2.1850     3.1226     37.113     97.581      7.797  0.000e+00
    583.750    164.722   4.133672     1.2045    -0.0762    163.751    26.3022    30.6946    13.3418    13.3386    4934.39    34.9715     2.1828     3.1195     37.077     97.485      7.795  0.000e+00
    584.000    164.864   4.134374     1.2047    -0.0643    163.893    26.3080    30.7004    13.3411    13.3379    4934.42    34.9788     2.1832     3.1200     37.084     97.500      7.798  0.000e+00
    584.250    164.994   4.134657     1.2046    -0.0702    164.022    26.3086    30.7009    13.3427    13.3395    4934.45    34.9800     2.1823     3.1188     37.071     97.463      7.796  0.000e+00
    584.500    165.131   4.134461     1.2040    -0.0781    164.158    26.3047    30.6969    13.3454    13.3422    4934.47    34.9756     2.1786     3.1134     37.008     97.295      7.798  0.000e+00
    584.750    165.273   4.134576     1.2038    -0.0524    164.299    26.3038    30.6961    13.3472    13.3440    4934.50    34.9749     2.1775     3.1118     36.991     97.246      7.797  0.000e+00
    585.000    165.416   4.134684     1.2034    -0.0861    164.441    26.3040    30.6962    13.3478    13.3446    4934.51    34.9754     2.1753     3.1087     36.954     97.148      7.797  0.000e+00
    585.250    165.589   4.133956     1.2030    -0.0682    164.614    26.2978    30.6901    13.3486    13.3454    4934.50    34.9676     2.1718     3.1038     36.894     96.994      7.800  0.000e+00
    585.500    165.757   4.133059     1.2031    -0.0702    164.780    26.2926    30.6850    13.3471    13.3439    4934.46    34.9605     2.1713     3.1031     36.883     96.972      7.796  0.000e+00
    585.750    165.930   4.133033     1.2024    -0.0603    164.952    26.2970    30.6895    13.3420    13.3388    4934.44    34.9648     2.1691     3.0999     36.843     96.873      7.800  0.000e+00
    586.000    166.110   4.132777     1.2027    -0.0682    165.131    26.2986    30.6911    13.3382    13.3350    4934.41    34.9658     2.1703     3.1016     36.860     96.927      7.795  0.000e+00
    586.250    166.302   4.132723     1.2018    -0.0702    165.322    26.3010    30.6936    13.3350    13.3318    4934.39    34.9682     2.1673     3.0972     36.806     96.790      7.797  0.000e+00
    586.500    166.488   4.132662     1.2006    -0.0702    165.507    26.3026    30.6952    13.3327    13.3295    4934.38    34.9696     2.1629     3.0910     36.731     96.594      7.798  0.000e+00
    586.750    166.668   4.132608     1.2013    -0.0682    165.685    26.3036    30.6962    13.3312    13.3280    4934.38    34.9704     2.1650     3.0940     36.766     96.690      7.796  0.000e+00
    587.000    166.854   4.132581     1.2009    -0.0682    165.870    26.3041    30.6968    13.3303    13.3271    4934.38    34.9709     2.1643     3.0930     36.753     96.657      7.798  0.000e+00
    587.250    167.034   4.132582     1.2009    -0.0920    166.049    26.3047    30.6974    13.3296    13.3264    4934.39    34.9715     2.1648     3.0937     36.761     96.678      7.800  0.000e+00
    587.500    167.220   4.132636     1.2005    -0.0603    166.234    26.3056    30.6983    13.3290    13.3258    4934.39    34.9725     2.1634     3.0917     36.738     96.618      7.799  0.000e+00
    587.750    167.424   4.133168     1.2013    -0.0781    166.437    26.3095    30.7021    13.3289    13.3257    4934.42    34.9775     2.1678     3.0980     36.814     96.815      7.796  0.000e+00
    588.000    167.610   4.132946     1.2016    -0.0603    166.621    26.3061    30.6987    13.3308    13.3276    4934.44    34.9736     2.1701     3.1013     36.853     96.916      7.796  0.000e+00
    588.250    167.814   4.133033     1.2020    -0.0623    166.825    26.3058    30.6985    13.3317    13.3285    4934.46    34.9735     2.1742     3.1072     36.923     97.100      7.795  0.000e+00
    588.500    168.025   4.132467     1.2019    -0.0762    167.034    26.3013    30.6940    13.3321    13.3289    4934.45    34.9677     2.1756     3.1091     36.946     97.162      7.795  0.000e+00
    588.750    168.211   4.133539     1.2026    -0.0702    167.219    26.3102    30.7029    13.3308    13.3276    4934.49    34.9789     2.1781     3.1128     36.990     97.276      7.794  0.000e+00
    589.000    168.378   4.134321     1.2022    -0.0682    167.385    26.3152    30.7078    13.3315    13.3283    4934.54    34.9856     2.1777     3.1121     36.984     97.254      7.798  0.000e+00
    589.250    168.558   4.134409     1.2033    -0.0643    167.564    26.3113    30.7038    13.3365    13.3333    4934.59    34.9818     2.1820     3.1183     37.061     97.449      7.796  0.000e+00
    589.500    168.713   4.134631     1.2033    -0.0623    167.718    26.3088    30.7012    13.3409    13.3377    4934.63    34.9797     2.1823     3.1187     37.069     97.461      7.799  0.000e+00
    589.750    168.886   4.134577     1.2042    -0.0722    167.890    26.3056    30.6980    13.3439    13.3407    4934.66    34.9764     2.1850     3.1226     37.117     97.584      7.795  0.000e+00
    590.000    169.048   4.133903     1.2053    -0.0543    168.050    26.2987    30.6912    13.3460    13.3428    4934.66    34.9681     2.1902     3.1300     37.205     97.815      7.796  0.000e+00
    590.250    169.209   4.133930     1.2048    -0.0543    168.210    26.3001    30.6925    13.3447    13.3415    4934.66    34.9695     2.1890     3.1283     37.184     97.762      7.799  0.000e+00
    590.500    169.413   4.133566     1.2042    -0.0702    168.413    26.2988    30.6914    13.3430    13.3398    4934.65    34.9675     2.1865     3.1248     37.139     97.650      7.794  0.000e+00
    590.750    169.624   4.133789     1.2039    -0.0623    168.623    26.3023    30.6949    13.3409    13.3377    4934.65    34.9714     2.1836     3.1206     37.089     97.520      7.797  0.000e+00
    591.000    169.841   4.133142     1.2032    -0.0781    168.838    26.2987    30.6913    13.3397    13.3365    4934.63    34.9664     2.1794     3.1145     37.015     97.330      7.795  0.000e+00
    591.250    170.076   4.132610     1.2027    -0.0543    169.072    26.2964    30.6891    13.3378    13.3346    4934.61    34.9629     2.1748     3.1080     36.936     97.127      7.796  0.000e+00
    591.500    170.318   4.132529     1.2031    -0.0861    169.313    26.2992    30.6919    13.3340    13.3308    4934.59    34.9655     2.1747     3.1078     36.931     97.121      7.796  0.000e+00
    591.750    170.554   4.132637     1.2031    -0.0781    169.547    26.3029    30.6956    13.3308    13.3276    4934.58    34.9694     2.1733     3.1059     36.907     97.061      7.794  0.000e+00
    592.000    170.771   4.132468     1.2035    -0.0781    169.762    26.3032    30.6960    13.3290    13.3258    4934.58    34.9694     2.1748     3.1080     36.930     97.126      7.798  0.000e+00
    592.250    170.988   4.132327     1.2030    -0.0861    169.978    26.3031    30.6960    13.3279    13.3247    4934.57    34.9690     2.1747     3.1079     36.927     97.122      7.799  0.000e+00
    592.500    171.161   4.132273     1.2041    -0.0702    170.150    26.3041    30.6969    13.3264    13.3232    4934.57    34.9698     2.1807     3.1164     37.028     97.388      7.798  0.000e+00
    592.750    171.322   4.132273     1.2033    -0.0722    170.310    26.3053    30.6982    13.3249    13.3217    4934.57    34.9710     2.1793     3.1144     37.004     97.327      7.795  0.000e+00
    593.000    171.471   4.132273     1.2021    -0.0623    170.458    26.3058    30.6987    13.3243    13.3211    4934.57    34.9715     2.1748     3.1080     36.928     97.128      7.794  0.000e+00
    593.250    171.620   4.132273     1.2019    -0.0801    170.606    26.3062    30.6991    13.3239    13.3207    4934.58    34.9719     2.1732     3.1058     36.900     97.056      7.796  0.000e+00
    593.500    171.775   4.132247     1.2027    -0.0563    170.760    26.3061    30.6991    13.3237    13.3205    4934.58    34.9718     2.1751     3.1084     36.932     97.140      7.797  0.000e+00
    593.750    171.917   4.132220     1.2025    -0.0682    170.902    26.3064    30.6993    13.3231    13.3199    4934.58    34.9719     2.1740     3.1069     36.913     97.093      7.794  0.000e+00
    594.000    172.085   4.132247     1.2027    -0.0702    171.068    26.3067    30.6996    13.3230    13.3198    4934.59    34.9723     2.1748     3.1081     36.927     97.129      7.795  0.000e+00
    594.250    172.264   4.132469     1.2019    -0.0643    171.246    26.3082    30.7012    13.3230    13.3198    4934.61    34.9743     2.1719     3.1038     36.877     96.997      7.799  0.000e+00
    594.500    172.438   4.132638     1.2021    -0.0623    171.419    26.3089    30.7018    13.3235    13.3203    4934.63    34.9753     2.1724     3.1046     36.887     97.021      7.797  0.000e+00
    594.750    172.630   4.132698     1.2022    -0.0643    171.610    26.3083    30.7012    13.3246    13.3214    4934.65    34.9748     2.1742     3.1072     36.918     97.101      7.795  0.000e+00
    595.000    172.816   4.132665     1.2013    -0.0781    171.795    26.3070    30.6999    13.3257    13.3225    4934.67    34.9734     2.1713     3.1031     36.870     96.972      7.797  0.000e+00
    595.250    173.008   4.132530     1.2015    -0.0781    171.986    26.3052    30.6981    13.3265    13.3233    4934.68    34.9713     2.1714     3.1031     36.870     96.973      7.794  0.000e+00
    595.500    173.188   4.132557     1.2010    -0.0702    172.164    26.3053    30.6983    13.3265    13.3233    4934.69    34.9715     2.1686     3.0992     36.824     96.851      7.799  0.000e+00
    595.750    173.336   4.132557     1.2008    -0.0702    172.312    26.3056    30.6986    13.3261    13.3229    4934.69    34.9718     2.1677     3.0978     36.807     96.808      7.795  0.000e+00
    596.000    173.491   4.132389     1.2018    -0.0643    172.466    26.3044    30.6974    13.3261    13.3229    4934.69    34.9702     2.1719     3.1039     36.879     96.997      7.797  0.000e+00
    596.250    173.640   4.132301     1.2014    -0.0682    172.614    26.3046    30.6975    13.3252    13.3220    4934.69    34.9701     2.1718     3.1037     36.877     96.993      7.798  0.000e+00
    596.500    173.783   4.132362     1.2023    -0.0643    172.755    26.3058    30.6988    13.3243    13.3211    4934.70    34.9715     2.1758     3.1094     36.944     97.170      7.796  0.000e+00
    596.750    173.938   4.132274     1.2017    -0.0563    172.909    26.3056    30.6986    13.3237    13.3205    4934.70    34.9710     2.1749     3.1082     36.929     97.132      7.794  0.000e+00
    597.000    174.117   4.132247     1.2016    -0.0702    173.088    26.3058    30.6988    13.3232    13.3200    4934.70    34.9712     2.1757     3.1093     36.941     97.166      7.796  0.000e+00
    597.250    174.309   4.132194     1.2016    -0.0623    173.279    26.3056    30.6986    13.3229    13.3197    4934.71    34.9709     2.1753     3.1087     36.934     97.148      7.796  0.000e+00
    597.500    174.551   4.132133     1.2026    -0.0722    173.519    26.3056    30.6986    13.3224    13.3192    4934.71    34.9707     2.1800     3.1154     37.013     97.357      7.796  0.000e+00
    597.750    174.780   4.132275     1.2023    -0.0841    173.747    26.3069    30.7000    13.3219    13.3187    4934.73    34.9724     2.1786     3.1135     36.990     97.297      7.793  0.000e+00
    598.000    175.028   4.132389     1.2018    -0.0623    173.993    26.3079    30.7010    13.3217    13.3185    4934.74    34.9735     2.1759     3.1096     36.944     97.176      7.794  0.000e+00
    598.250    175.295   4.132612     1.2013    -0.0702    174.258    26.3088    30.7019    13.3224    13.3192    4934.77    34.9749     2.1734     3.1060     36.902     97.063      7.796  0.000e+00
    598.500    175.549   4.132504     1.2015    -0.0722    174.510    26.3071    30.7002    13.3233    13.3201    4934.79    34.9730     2.1732     3.1058     36.900     97.057      7.794  0.000e+00
    598.750    175.790   4.132329     1.2020    -0.0623    174.750    26.3052    30.6983    13.3239    13.3207    4934.80    34.9706     2.1758     3.1094     36.943     97.170      7.796  0.000e+00
    599.000    176.020   4.132329     1.2020    -0.0623    174.978    26.3056    30.6986    13.3234    13.3202    4934.81    34.9710     2.1756     3.1092     36.940     97.162      7.798  0.000e+00
    599.250    176.230   4.132363     1.2020    -0.0722    175.188    26.3063    30.6994    13.3228    13.3196    4934.81    34.9717     2.1755     3.1090     36.938     97.159      7.793  0.000e+00
    599.500    176.416   4.132329     1.2025    -0.0623    175.372    26.3061    30.6991    13.3228    13.3196    4934.82    34.9714     2.1775     3.1119     36.972     97.249      7.797  0.000e+00
    599.750    176.571   4.132329     1.2020    -0.0623    175.526    26.3064    30.6995    13.3223    13.3191    4934.83    34.9718     2.1767     3.1107     36.958     97.211      7.794  0.000e+00
    600.000    176.733   4.132329     1.2026    -0.0702    175.686    26.3064    30.6995    13.3223    13.3191    4934.84    34.9717     2.1799     3.1152     37.012     97.353      7.794  0.000e+00
    600.250    176.863   4.132336     1.2020    -0.0722    175.816    26.3066    30.6998    13.3220    13.3188    4934.84    34.9720     2.1778     3.1122     36.976     97.259      7.797  0.000e+00
    600.500    176.987   4.132329     1.2020    -0.0781    175.939    26.3066    30.6997    13.3219    13.3187    4934.85    34.9719     2.1769     3.1110     36.961     97.219      7.797  0.000e+00
    600.750    177.104   4.132303     1.2017    -0.0722    176.056    26.3065    30.6996    13.3219    13.3187    4934.85    34.9717     2.1751     3.1084     36.931     97.140      7.797  0.000e+00
    601.000    177.228   4.132276     1.2007    -0.0702    176.179    26.3063    30.6994    13.3218    13.3186    4934.86    34.9715     2.1705     3.1018     36.852     96.934      7.796  0.000e+00
    601.250    177.365   4.132363     1.2021    -0.0543    176.315    26.3071    30.7002    13.3216    13.3184    4934.86    34.9724     2.1752     3.1086     36.932     97.145      7.796  0.000e+00
    601.500    177.514   4.132390     1.2021    -0.0603    176.463    26.3072    30.7003    13.3216    13.3184    4934.87    34.9726     2.1754     3.1089     36.936     97.155      7.795  0.000e+00
    601.750    177.693   4.132363     1.2016    -0.0702    176.641    26.3068    30.6999    13.3218    13.3186    4934.88    34.9721     2.1741     3.1070     36.913     97.094      7.794  0.000e+00
    602.000    177.910   4.132276     1.2013    -0.0623    176.857    26.3058    30.6990    13.3221    13.3189    4934.89    34.9709     2.1730     3.1054     36.895     97.045      7.798  0.000e+00
    602.250    178.121   4.132000     1.2015    -0.0801    177.066    26.3041    30.6973    13.3216    13.3184    4934.89    34.9686     2.1743     3.1073     36.916     97.105      7.796  0.000e+00
    602.500    178.350   4.132168     1.2006    -0.0722    177.294    26.3064    30.6996    13.3204    13.3172    4934.90    34.9712     2.1707     3.1021     36.854     96.942      7.795  0.000e+00
    602.750    178.592   4.132249     1.2011    -0.0702    177.534    26.3074    30.7006    13.3198    13.3166    4934.91    34.9724     2.1726     3.1049     36.887     97.030      7.798  0.000e+00
