cruises/baja2025/cnv/20250429.cnv
* Sea-Bird SBE19plus Data File:
* FileName = C:\Users\ScienceTech\OneDrive - Western Flyer Foundation\Documents\Profiling CTD\20250429_Mulege_cast1.hex
* Software Version 1.59
* Temperature SN =  8289
* Conductivity SN =  8289
* System UpLoad Time = Apr 30 2025 09:07:20
** Resampling Cayuse GG-103 ("Mulege")
** SB Cast 29
** WF Cast 14
# nquan = 18
# nvalues = 5721                                  
# units = specified
# name 0 = timeS: Time, Elapsed [seconds]
# name 1 = prdM: Pressure, Strain Gauge [db]
# name 2 = c0S/m: Conductivity [S/m]
# name 3 = sbeox0V: Oxygen raw, SBE 43 [V]
# name 4 = flECO-AFL: Fluorescence, WET Labs ECO-AFL/FL [mg/m^3]
# name 5 = depSM: Depth [salt water, m], lat = 0.00
# name 6 = sigma-t00: Density [sigma-t, kg/m^3 ]
# name 7 = sigma-100: Density [sigma-1, kg/m^3 ]
# name 8 = tv268C: Temperature [IPTS-68, deg C]
# name 9 = tv290C: Temperature [ITS-90, deg C]
# name 10 = svCF: Sound Velocity [Chen-Millero, ft/s]
# name 11 = sal00: Salinity, Practical [PSU]
# name 12 = sbeox0ML/L: Oxygen, SBE 43 [ml/l]
# name 13 = sbeox0Mg/L: Oxygen, SBE 43 [mg/l]
# name 14 = sbeox0PS: Oxygen, SBE 43 [% saturation]
# name 15 = sbeox0Mm/L: Oxygen, SBE 43 [umol/l]
# name 16 = ph: pH
# name 17 = flag:  0.000e+00
# span 0 =      0.000,   1430.000                 
# span 1 =     -0.134,    335.360                 
# span 2 =   0.000305,   5.067635                 
# span 3 =     0.5672,     3.1733                 
# span 4 =    -0.1694,   128.6979                 
# span 5 =     -0.133,    333.247                 
# span 6 =    -2.4035,    26.5530                 
# span 7 =     2.0451,    30.9923                 
# span 8 =    11.1998,    22.8042                 
# span 9 =    11.1971,    22.7988                 
# span 10 =    4877.74,    5011.38                
# span 11 =     0.0114,    35.8293                
# span 12 =     0.1234,     7.4792                
# span 13 =     0.1763,    10.6885                
# span 14 =      2.001,    140.986                
# span 15 =      5.509,    334.022                
# span 16 =      7.343,      8.215                
# span 17 = 0.0000e+00, 0.0000e+00                
# interval = seconds: 0.25
# start_time = Apr 29 2025 17:52:47 [Instrument's time stamp, header]
# bad_flag = -9.990e-29
*END*
[from data line 5146]
   1286.500     61.947   4.528136     1.9602    -0.0643     61.598    25.7434    30.0645    17.0145    17.0104    4967.96    35.3017     4.3232     6.1783     79.132    193.073      7.940  0.000e+00
   1286.750     61.805   4.529263     1.9768    -0.0543     61.456    25.7372    30.0581    17.0296    17.0255    4968.09    35.2983     4.3861     6.2682     80.305    195.883      7.944  0.000e+00
   1287.000     61.656   4.530887     1.9911    -0.0444     61.308    25.7384    30.0591    17.0402    17.0361    4968.21    35.3032     4.4407     6.3462     81.323    198.321      7.945  0.000e+00
   1287.250     61.520   4.532636     2.0032    -0.0702     61.173    25.7391    30.0595    17.0523    17.0482    4968.33    35.3079     4.4847     6.4091     82.151    200.286      7.945  0.000e+00
   1287.500     61.365   4.533469     2.0146     0.0111     61.019    25.7321    30.0523    17.0662    17.0621    4968.44    35.3031     4.5213     6.4613     82.840    201.920      7.947  0.000e+00
   1287.750     61.223   4.534617     2.0231     0.0091     60.877    25.7283    30.0483    17.0789    17.0748    4968.56    35.3021     4.5416     6.4904     83.233    202.829      7.949  0.000e+00
   1288.000     61.049   4.535373     2.0304     0.0012     60.705    25.7231    30.0429    17.0902    17.0861    4968.65    35.2988     4.5518     6.5049     83.435    203.281      7.948  0.000e+00
   1288.250     60.857   4.537033     2.0369    -0.0067     60.514    25.7251    30.0447    17.1002    17.0961    4968.76    35.3046     4.5542     6.5084     83.498    203.389      7.953  0.000e+00
   1288.500     60.671   4.537866     2.0416     0.0310     60.329    25.7204    30.0398    17.1116    17.1075    4968.85    35.3019     4.5499     6.5022     83.436    203.197      7.955  0.000e+00
   1288.750     60.479   4.538721     2.0459     0.0409     60.138    25.7162    30.0354    17.1225    17.1184    4968.94    35.2999     4.5431     6.4926     83.329    202.896      7.952  0.000e+00
   1289.000     60.281   4.539141     2.0497     0.0409     59.941    25.7102    30.0293    17.1322    17.1281    4969.00    35.2951     4.5372     6.4841     83.234    202.632      7.955  0.000e+00
   1289.250     60.120   4.541067     2.0511     0.0349     59.781    25.7163    30.0352    17.1397    17.1356    4969.11    35.3054     4.5253     6.4671     83.033    202.101      7.956  0.000e+00
   1289.500     59.971   4.542426     2.0552     0.0329     59.633    25.7159    30.0346    17.1502    17.1461    4969.21    35.3081     4.5242     6.4656     83.031    202.052      7.954  0.000e+00
   1289.750     59.823   4.542804     2.0591     0.0349     59.485    25.7074    30.0259    17.1623    17.1582    4969.29    35.3009     4.5269     6.4694     83.095    202.170      7.955  0.000e+00
   1290.000     59.655   4.543393     2.0630     0.0310     59.319    25.7023    30.0207    17.1723    17.1682    4969.37    35.2973     4.5323     6.4771     83.208    202.412      7.958  0.000e+00
   1290.250     59.482   4.544052     2.0693     0.0329     59.147    25.6995    30.0178    17.1802    17.1761    4969.43    35.2962     4.5493     6.5014     83.533    203.172      7.958  0.000e+00
   1290.500     59.302   4.544360     2.0731     0.0329     58.968    25.6952    30.0133    17.1873    17.1832    4969.48    35.2927     4.5607     6.5178     83.753    203.683      7.960  0.000e+00
   1290.750     59.110   4.544717     2.0759     0.0389     58.777    25.6925    30.0105    17.1930    17.1888    4969.52    35.2910     4.5691     6.5297     83.915    204.057      7.961  0.000e+00
   1291.000     58.899   4.545516     2.0780     0.0329     58.568    25.6940    30.0119    17.1972    17.1931    4969.56    35.2943     4.5744     6.5373     84.020    204.292      7.960  0.000e+00
   1291.250     58.720   4.545565     2.0788     0.0429     58.389    25.6899    30.0077    17.2022    17.1981    4969.58    35.2904     4.5743     6.5371     84.024    204.288      7.960  0.000e+00
   1291.500     58.540   4.546322     2.0786     0.0389     58.210    25.6913    30.0091    17.2062    17.2021    4969.63    35.2936     4.5665     6.5260     83.889    203.940      7.960  0.000e+00
   1291.750     58.379   4.546981     2.0786     0.0548     58.050    25.6912    30.0089    17.2112    17.2070    4969.67    35.2950     4.5579     6.5138     83.741    203.558      7.963  0.000e+00
   1292.000     58.193   4.547590     2.0801     0.0310     57.865    25.6906    30.0082    17.2164    17.2122    4969.71    35.2959     4.5540     6.5081     83.676    203.380      7.963  0.000e+00
   1292.250     58.007   4.548102     2.0804     0.0329     57.681    25.6889    30.0064    17.2220    17.2179    4969.76    35.2954     4.5466     6.4975     83.549    203.050      7.961  0.000e+00
   1292.500     57.852   4.548221     2.0810     0.0409     57.527    25.6847    30.0021    17.2276    17.2234    4969.79    35.2917     4.5435     6.4931     83.499    202.911      7.961  0.000e+00
   1292.750     57.673   4.548319     2.0836     0.0171     57.348    25.6818    29.9991    17.2316    17.2275    4969.81    35.2891     4.5497     6.5020     83.619    203.190      7.964  0.000e+00
   1293.000     57.499   4.548648     2.0849     0.0012     57.175    25.6817    29.9990    17.2342    17.2300    4969.83    35.2898     4.5542     6.5085     83.707    203.392      7.962  0.000e+00
   1293.250     57.320   4.548887     2.0873     0.0111     56.997    25.6812    29.9985    17.2365    17.2323    4969.84    35.2899     4.5638     6.5221     83.886    203.819      7.963  0.000e+00
   1293.500     57.146   4.549006     2.0886     0.0151     56.824    25.6799    29.9971    17.2389    17.2347    4969.85    35.2889     4.5703     6.5314     84.009    204.109      7.962  0.000e+00
   1293.750     56.998   4.549132     2.0898     0.0012     56.677    25.6790    29.9961    17.2408    17.2367    4969.86    35.2883     4.5754     6.5387     84.106    204.337      7.962  0.000e+00
   1294.000     56.843   4.549342     2.0903     0.0012     56.523    25.6789    29.9960    17.2425    17.2384    4969.87    35.2887     4.5765     6.5402     84.128    204.384      7.963  0.000e+00
   1294.250     56.682   4.549391     2.0899     0.0111     56.363    25.6778    29.9949    17.2442    17.2400    4969.87    35.2878     4.5739     6.5366     84.084    204.272      7.963  0.000e+00
   1294.500     56.514   4.549608     2.0898    -0.0008     56.196    25.6780    29.9951    17.2455    17.2414    4969.88    35.2886     4.5703     6.5315     84.020    204.111      7.964  0.000e+00
   1294.750     56.360   4.549763     2.0920     0.0072     56.042    25.6779    29.9950    17.2468    17.2427    4969.89    35.2888     4.5744     6.5373     84.098    204.294      7.963  0.000e+00
   1295.000     56.167   4.549854     2.0917     0.0230     55.851    25.6773    29.9943    17.2483    17.2441    4969.89    35.2884     4.5711     6.5325     84.038    204.144      7.967  0.000e+00
   1295.250     55.982   4.549917     2.0936     0.0329     55.667    25.6767    29.9937    17.2494    17.2452    4969.89    35.2881     4.5755     6.5388     84.120    204.340      7.967  0.000e+00
   1295.500     55.777   4.549825     2.0951     0.0508     55.463    25.6753    29.9923    17.2503    17.2462    4969.88    35.2865     4.5803     6.5457     84.209    204.555      7.964  0.000e+00
   1295.750     55.567   4.549916     2.0947     0.0488     55.254    25.6757    29.9926    17.2507    17.2465    4969.87    35.2871     4.5792     6.5441     84.190    204.506      7.966  0.000e+00
   1296.000     55.350   4.549993     2.0949     0.0568     55.038    25.6761    29.9930    17.2508    17.2467    4969.87    35.2877     4.5801     6.5454     84.207    204.545      7.968  0.000e+00
   1296.250     55.152   4.550155     2.0951     0.0766     54.841    25.6768    29.9937    17.2513    17.2472    4969.86    35.2888     4.5803     6.5456     84.212    204.554      7.967  0.000e+00
   1296.500     54.953   4.550000     2.0956     0.0587     54.644    25.6751    29.9920    17.2521    17.2480    4969.85    35.2868     4.5807     6.5463     84.221    204.575      7.969  0.000e+00
   1296.750     54.774   4.549944     2.0965     0.0766     54.466    25.6746    29.9915    17.2523    17.2481    4969.84    35.2862     4.5818     6.5479     84.241    204.623      7.966  0.000e+00
   1297.000     54.588   4.550337     2.0974     0.0825     54.281    25.6776    29.9945    17.2519    17.2478    4969.84    35.2900     4.5841     6.5512     84.285    204.727      7.966  0.000e+00
   1297.250     54.421   4.550701     2.0974     0.0726     54.114    25.6792    29.9961    17.2529    17.2487    4969.85    35.2924     4.5826     6.5490     84.260    204.659      7.967  0.000e+00
   1297.500     54.235   4.550848     2.0966     0.0587     53.930    25.6782    29.9950    17.2551    17.2510    4969.86    35.2918     4.5790     6.5438     84.196    204.496      7.965  0.000e+00
   1297.750     54.055   4.550841     2.0972     0.0627     53.751    25.6764    29.9931    17.2572    17.2530    4969.87    35.2901     4.5807     6.5463     84.230    204.573      7.971  0.000e+00
   1298.000     53.869   4.550911     2.0987     0.0568     53.566    25.6757    29.9925    17.2584    17.2543    4969.87    35.2896     4.5852     6.5528     84.315    204.776      7.968  0.000e+00
   1298.250     53.659   4.550974     2.1006     0.0865     53.357    25.6754    29.9921    17.2593    17.2552    4969.86    35.2895     4.5921     6.5625     84.442    205.082      7.968  0.000e+00
   1298.500     53.454   4.551122     2.1025     0.1024     53.154    25.6756    29.9923    17.2602    17.2561    4969.86    35.2900     4.5994     6.5730     84.579    205.410      7.965  0.000e+00
   1298.750     53.256   4.551213     2.1033     0.1024     52.956    25.6754    29.9921    17.2612    17.2570    4969.86    35.2901     4.6031     6.5783     84.649    205.575      7.972  0.000e+00
   1299.000     53.070   4.551423     2.1056     0.0984     52.772    25.6757    29.9923    17.2625    17.2583    4969.87    35.2909     4.6124     6.5916     84.822    205.990      7.970  0.000e+00
   1299.250     52.859   4.551577     2.1055     0.0310     52.562    25.6757    29.9923    17.2637    17.2595    4969.87    35.2912     4.6138     6.5936     84.850    206.052      7.967  0.000e+00
   1299.500     52.674   4.551822     2.1057     0.0429     52.378    25.6761    29.9927    17.2650    17.2609    4969.88    35.2922     4.6147     6.5948     84.869    206.091      7.968  0.000e+00
   1299.750     52.475   4.552026     2.1047     0.0389     52.180    25.6761    29.9926    17.2667    17.2625    4969.88    35.2927     4.6088     6.5865     84.764    205.831      7.969  0.000e+00
   1300.000     52.296   4.552208     2.1097     0.0250     52.002    25.6755    29.9919    17.2687    17.2646    4969.89    35.2925     4.6232     6.6071     85.032    206.474      7.970  0.000e+00
   1300.250     52.128   4.552481     2.1081     0.1024     51.836    25.6756    29.9921    17.2706    17.2665    4969.90    35.2933     4.6162     6.5971     84.907    206.161      7.969  0.000e+00
   1300.500     51.943   4.552692     2.1105     0.1083     51.651    25.6752    29.9916    17.2727    17.2685    4969.91    35.2934     4.6229     6.6066     85.034    206.460      7.970  0.000e+00
   1300.750     51.788   4.552965     2.1120     0.0984     51.497    25.6750    29.9913    17.2750    17.2708    4969.93    35.2938     4.6281     6.6140     85.132    206.690      7.969  0.000e+00
   1301.000     51.602   4.553603     2.1144     0.0964     51.312    25.6773    29.9935    17.2772    17.2730    4969.96    35.2975     4.6363     6.6257     85.289    207.056      7.971  0.000e+00
   1301.250     51.416   4.554543     2.1156     0.0706     51.127    25.6803    29.9965    17.2808    17.2766    4970.00    35.3026     4.6417     6.6334     85.397    207.298      7.973  0.000e+00
   1301.500     51.218   4.555960     2.1172     0.0548     50.930    25.6846    30.0006    17.2865    17.2824    4970.07    35.3100     4.6474     6.6416     85.515    207.552      7.970  0.000e+00
   1301.750     51.007   4.557777     2.1159     0.0766     50.721    25.6884    30.0042    17.2957    17.2915    4970.18    35.3178     4.6412     6.6328     85.420    207.277      7.972  0.000e+00
   1302.000     50.784   4.559082     2.1168     0.0726     50.499    25.6858    30.0013    17.3082    17.3040    4970.29    35.3183     4.6392     6.6298     85.403    207.185      7.973  0.000e+00
   1302.250     50.561   4.561293     2.1156     0.0627     50.277    25.6884    30.0037    17.3216    17.3174    4970.44    35.3259     4.6321     6.6197     85.299    206.870      7.973  0.000e+00
   1302.500     50.344   4.566516     2.1147     0.1024     50.062    25.7087    30.0236    17.3374    17.3333    4970.70    35.3575     4.6219     6.6052     85.154    206.416      7.979  0.000e+00
   1302.750     50.128   4.568918     2.1144     0.1083     49.846    25.7003    30.0147    17.3643    17.3601    4970.94    35.3549     4.6141     6.5940     85.051    206.064      7.979  0.000e+00
   1303.000     49.948   4.574053     2.1172     0.1083     49.668    25.7075    30.0213    17.3939    17.3897    4971.29    35.3736     4.6174     6.5987     85.169    206.211      7.980  0.000e+00
   1303.250     49.812   4.579142     2.1188     0.1044     49.532    25.7109    30.0240    17.4273    17.4231    4971.66    35.3886     4.6194     6.6015     85.268    206.301      7.985  0.000e+00
   1303.500     49.682   4.583101     2.1219     0.2135     49.403    25.6995    30.0119    17.4687    17.4645    4972.05    35.3868     4.6279     6.6137     85.491    206.680      7.990  0.000e+00
   1303.750     49.558   4.588447     2.1259     0.1996     49.279    25.6984    30.0101    17.5088    17.5046    4972.47    35.3980     4.6421     6.6340     85.825    207.315      7.990  0.000e+00
   1304.000     49.409   4.590522     2.1319     0.2095     49.132    25.6744    29.9856    17.5501    17.5459    4972.80    35.3799     4.6646     6.6662     86.300    208.321      7.994  0.000e+00
   1304.250     49.248   4.596886     2.1381     0.1976     48.972    25.6824    29.9927    17.5877    17.5834    4973.24    35.4022     4.6895     6.7018     86.835    209.435      7.996  0.000e+00
   1304.500     49.068   4.600442     2.1470     0.2194     48.793    25.6690    29.9787    17.6282    17.6240    4973.60    35.3976     4.7238     6.7508     87.535    210.967      7.997  0.000e+00
   1304.750     48.845   4.599920     2.1575     0.2194     48.571    25.6275    29.9368    17.6700    17.6657    4973.84    35.3568     4.7647     6.8092     88.341    212.792      7.999  0.000e+00
   1305.000     48.604   4.603076     2.1704     0.2194     48.331    25.6257    29.9345    17.6949    17.6906    4974.09    35.3624     4.8146     6.8805     89.311    215.020      8.002  0.000e+00
   1305.250     48.350   4.605612     2.1827     0.2293     48.078    25.6228    29.9312    17.7165    17.7123    4974.29    35.3655     4.8642     6.9514     90.270    217.234      8.003  0.000e+00
   1305.500     48.096   4.607183     2.1962     0.2135     47.826    25.6117    29.9198    17.7402    17.7359    4974.48    35.3586     4.9166     7.0264     91.280    219.577      8.005  0.000e+00
   1305.750     47.866   4.609333     2.2096     0.3107     47.598    25.6075    29.9152    17.7604    17.7562    4974.67    35.3595     4.9671     7.0984     92.253    221.830      8.006  0.000e+00
   1306.000     47.650   4.609742     2.2223     0.3047     47.382    25.5931    29.9006    17.7793    17.7750    4974.79    35.3468     5.0131     7.1642     93.134    223.886      8.004  0.000e+00
   1306.250     47.464   4.609889     2.2339     0.2928     47.198    25.5818    29.8890    17.7928    17.7886    4974.87    35.3363     5.0526     7.2207     93.886    225.650      8.008  0.000e+00
