cruises/baja2025/cnv/20250416_cast2.cnv
* Sea-Bird SBE19plus Data File:
* FileName = C:\Users\ScienceTech\OneDrive - Western Flyer Foundation\Desktop\ProfilingCTD\data\20250416_PuntaMarciel_cast2.hex
* Software Version 1.59
* Temperature SN =  8289
* Conductivity SN =  8289
* System UpLoad Time = Apr 16 2025 17:29:32
* ds
* SBE 19plus V 3.1.8  SERIAL NO. 8289    16 Apr 2025 17:28:17
# nquan = 18
# nvalues = 7700                                  
# units = specified
# name 0 = timeS: Time, Elapsed [seconds]
# name 1 = prdM: Pressure, Strain Gauge [db]
# name 2 = c0S/m: Conductivity [S/m]
# name 3 = sbeox0V: Oxygen raw, SBE 43 [V]
# name 4 = flECO-AFL: Fluorescence, WET Labs ECO-AFL/FL [mg/m^3]
# name 5 = depSM: Depth [salt water, m], lat = 0.00
# name 6 = sigma-t00: Density [sigma-t, kg/m^3 ]
# name 7 = sigma-100: Density [sigma-1, kg/m^3 ]
# name 8 = tv268C: Temperature [IPTS-68, deg C]
# name 9 = tv290C: Temperature [ITS-90, deg C]
# name 10 = svCF: Sound Velocity [Chen-Millero, ft/s]
# name 11 = sal00: Salinity, Practical [PSU]
# name 12 = sbeox0ML/L: Oxygen, SBE 43 [ml/l]
# name 13 = sbeox0Mg/L: Oxygen, SBE 43 [mg/l]
# name 14 = sbeox0PS: Oxygen, SBE 43 [% saturation]
# name 15 = sbeox0Mm/L: Oxygen, SBE 43 [umol/l]
# name 16 = ph: pH
# name 17 = flag:  0.000e+00
# span 0 =      0.000,   1924.750                 
# span 1 =     -0.157,    324.472                 
# span 2 =  -0.098023,   5.199107                 
# span 3 =     0.5476,     3.0889                 
# span 4 =    -0.1694,   128.6821                 
# span 5 =     -0.156,    322.437                 
# span 6 =    -2.7047,    26.6179                 
# span 7 =     1.7236,    31.0680                 
# span 8 =    10.6675,    24.0168                 
# span 9 =    10.6649,    24.0111                 
# span 10 =    4875.21,    5024.18                
# span 11 =     0.0000,    36.3855                
# span 12 =     0.0618,     7.1288                
# span 13 =     0.0883,    10.1877                
# span 14 =      0.991,    135.470                
# span 15 =      2.760,    318.371                
# span 16 =      7.563,      8.222                
# span 17 = 0.0000e+00, 0.0000e+00                
# interval = seconds: 0.25
# start_time = Apr 16 2025 10:51:32 [Instrument's time stamp, header]
# bad_flag = -9.990e-29
*END*
[from data line 1609]
    402.250     22.095   4.709144     2.2389     0.1976     21.973    25.2775    29.5668    18.8463    18.8418    4983.29    35.2825     4.7318     6.7622     89.653    211.322      8.008  0.000e+00
    402.500     22.256   4.707004     2.2348     0.1976     22.133    25.2805    29.5702    18.8277    18.8232    4983.11    35.2803     4.7299     6.7596     89.586    211.239      8.010  0.000e+00
    402.750     22.436   4.704956     2.2320     0.1877     22.311    25.2820    29.5720    18.8115    18.8070    4982.96    35.2769     4.7339     6.7652     89.632    211.416      8.010  0.000e+00
    403.000     22.634   4.703129     2.2286     0.1659     22.509    25.2862    29.5764    18.7939    18.7894    4982.80    35.2765     4.7346     6.7662     89.616    211.448      8.007  0.000e+00
    403.250     22.832   4.698531     2.2236     0.1718     22.706    25.2733    29.5640    18.7754    18.7709    4982.56    35.2535     4.7280     6.7568     89.448    211.154      8.004  0.000e+00
    403.500     23.043   4.696705     2.2173     0.1619     22.915    25.2834    29.5745    18.7512    18.7467    4982.36    35.2587     4.7133     6.7358     89.132    210.496      8.005  0.000e+00
    403.750     23.248   4.696677     2.2143     0.1599     23.119    25.3050    29.5964    18.7271    18.7226    4982.22    35.2790     4.7072     6.7271     88.988    210.224      8.002  0.000e+00
    404.000     23.458   4.696272     2.2098     0.1559     23.328    25.3162    29.6078    18.7118    18.7073    4982.12    35.2886     4.6957     6.7106     88.749    209.709      8.004  0.000e+00
    404.250     23.650   4.696393     2.2043     0.1619     23.519    25.3255    29.6171    18.7025    18.6980    4982.08    35.2976     4.6799     6.6881     88.441    209.006      8.001  0.000e+00
    404.500     23.848   4.695136     2.1972     0.1659     23.716    25.3213    29.6130    18.6981    18.6936    4982.02    35.2906     4.6571     6.6555     87.999    207.988      8.000  0.000e+00
    404.750     24.034   4.694795     2.1893     0.1718     23.901    25.3234    29.6153    18.6932    18.6887    4981.99    35.2919     4.6302     6.6170     87.483    206.784      7.999  0.000e+00
    405.000     24.195   4.692998     2.1837     0.1619     24.061    25.3168    29.6089    18.6876    18.6832    4981.91    35.2814     4.6114     6.5901     87.113    205.943      7.997  0.000e+00
    405.250     24.338   4.693566     2.1775     0.1361     24.203    25.3273    29.6194    18.6801    18.6756    4981.89    35.2926     4.5917     6.5620     86.735    205.066      7.998  0.000e+00
    405.500     24.486   4.691492     2.1709     0.1401     24.350    25.3185    29.6107    18.6751    18.6706    4981.80    35.2794     4.5714     6.5331     86.337    204.161      7.994  0.000e+00
    405.750     24.629   4.690803     2.1655     0.1341     24.492    25.3205    29.6128    18.6679    18.6634    4981.74    35.2796     4.5541     6.5083     85.998    203.386      7.996  0.000e+00
    406.000     24.771   4.689987     2.1599     0.1401     24.634    25.3229    29.6154    18.6594    18.6549    4981.67    35.2800     4.5387     6.4863     85.694    202.699      7.993  0.000e+00
    406.250     24.920   4.689639     2.1553     0.1123     24.782    25.3273    29.6199    18.6520    18.6475    4981.62    35.2833     4.5285     6.4717     85.492    202.244      7.990  0.000e+00
    406.500     25.069   4.688766     2.1482     0.1301     24.930    25.3272    29.6199    18.6459    18.6414    4981.56    35.2811     4.5110     6.4467     85.151    201.463      7.991  0.000e+00
    406.750     25.224   4.688454     2.1432     0.1182     25.084    25.3305    29.6233    18.6400    18.6355    4981.52    35.2835     4.4993     6.4300     84.921    200.939      7.992  0.000e+00
    407.000     25.410   4.688014     2.1377     0.1242     25.268    25.3328    29.6257    18.6343    18.6298    4981.48    35.2846     4.4853     6.4100     84.648    200.314      7.987  0.000e+00
    407.250     25.589   4.687574     2.1346     0.1024     25.447    25.3345    29.6275    18.6291    18.6247    4981.45    35.2852     4.4796     6.4018     84.534    200.060      7.987  0.000e+00
    407.500     25.794   4.687510     2.1297     0.0984     25.650    25.3391    29.6322    18.6236    18.6191    4981.42    35.2893     4.4687     6.3862     84.321    199.573      7.988  0.000e+00
    407.750     25.992   4.687354     2.1253     0.1083     25.848    25.3426    29.6357    18.6186    18.6141    4981.40    35.2923     4.4586     6.3718     84.123    199.120      7.987  0.000e+00
    408.000     26.215   4.686885     2.1210     0.1024     26.069    25.3428    29.6360    18.6150    18.6105    4981.37    35.2913     4.4491     6.3583     83.939    198.698      7.989  0.000e+00
    408.250     26.420   4.684252     2.1162     0.0964     26.273    25.3286    29.6220    18.6118    18.6073    4981.28    35.2717     4.4378     6.3421     83.711    198.193      7.987  0.000e+00
    408.500     26.630   4.676426     2.1148     0.0706     26.482    25.2880    29.5820    18.6006    18.5962    4980.98    35.2150     4.4408     6.3464     83.722    198.328      7.987  0.000e+00
    408.750     26.810   4.669988     2.1134     0.0706     26.661    25.2753    29.5700    18.5687    18.5642    4980.58    35.1879     4.4449     6.3522     83.734    198.508      7.985  0.000e+00
    409.000     26.971   4.668522     2.1123     0.0766     26.821    25.3091    29.6044    18.5209    18.5164    4980.25    35.2164     4.4507     6.3604     83.782    198.767      7.985  0.000e+00
    409.250     27.144   4.667835     2.1097     0.0706     26.994    25.3382    29.6339    18.4838    18.4794    4980.00    35.2422     4.4498     6.3592     83.721    198.728      7.983  0.000e+00
    409.500     27.306   4.666680     2.1032     0.0072     27.154    25.3543    29.6503    18.4578    18.4534    4979.81    35.2547     4.4351     6.3382     83.410    198.071      7.981  0.000e+00
    409.750     27.461   4.665058     2.0958     0.0171     27.308    25.3593    29.6556    18.4407    18.4363    4979.66    35.2556     4.4132     6.3069     82.972    197.095      7.981  0.000e+00
    410.000     27.640   4.659760     2.0848     0.0012     27.487    25.3389    29.6357    18.4252    18.4208    4979.41    35.2239     4.3762     6.2540     82.236    195.439      7.977  0.000e+00
    410.250     27.795   4.657239     2.0730     0.0171     27.641    25.3440    29.6412    18.4014    18.3970    4979.19    35.2228     4.3318     6.1906     81.366    193.459      7.976  0.000e+00
    410.500     27.956   4.656093     2.0610    -0.0147     27.801    25.3626    29.6601    18.3727    18.3683    4978.98    35.2377     4.2821     6.1196     80.397    191.240      7.972  0.000e+00
    410.750     28.136   4.655654     2.0505    -0.0305     27.980    25.3795    29.6773    18.3509    18.3465    4978.84    35.2527     4.2375     6.0558     79.533    189.247      7.971  0.000e+00
    411.000     28.309   4.655591     2.0376    -0.0385     28.152    25.3924    29.6904    18.3361    18.3317    4978.75    35.2647     4.1864     5.9828     78.558    186.964      7.970  0.000e+00
    411.250     28.483   4.652950     2.0259    -0.0285     28.325    25.3829    29.6811    18.3277    18.3233    4978.62    35.2495     4.1429     5.9206     77.721    185.020      7.970  0.000e+00
    411.500     28.675   4.642742     2.0149    -0.0385     28.516    25.3287    29.6276    18.3141    18.3097    4978.23    35.1743     4.1086     5.8716     77.024    183.489      7.966  0.000e+00
    411.750     28.855   4.629866     2.0048    -0.0623     28.694    25.2836    29.5837    18.2714    18.2670    4977.56    35.1014     4.0831     5.8351     76.451    182.350      7.964  0.000e+00
    412.000     29.022   4.625235     1.9954    -0.0543     28.860    25.3240    29.6252    18.1933    18.1889    4976.93    35.1289     4.0638     5.8076     75.991    181.490      7.962  0.000e+00
    412.250     29.208   4.623358     1.9861    -0.0464     29.045    25.3827    29.6849    18.1150    18.1106    4976.38    35.1802     4.0462     5.7824     75.573    180.703      7.959  0.000e+00
    412.500     29.400   4.622526     1.9760    -0.0781     29.236    25.4271    29.7299    18.0600    18.0556    4976.02    35.2204     4.0242     5.7510     75.103    179.722      7.957  0.000e+00
    412.750     29.567   4.621510     1.9664    -0.1178     29.402    25.4518    29.7551    18.0254    18.0210    4975.77    35.2415     4.0023     5.7197     74.654    178.742      7.958  0.000e+00
    413.000     29.753   4.621229     1.9582    -0.1257     29.587    25.4695    29.7730    18.0038    17.9995    4975.64    35.2576     3.9854     5.6955     74.316    177.988      7.956  0.000e+00
    413.250     29.939   4.620615     1.9541    -0.1317     29.772    25.4773    29.7810    17.9908    17.9865    4975.54    35.2635     3.9820     5.6907     74.238    177.837      7.953  0.000e+00
    413.500     30.112   4.619627     1.9496    -0.1257     29.945    25.4785    29.7823    17.9823    17.9780    4975.47    35.2624     3.9781     5.6851     74.152    177.663      7.952  0.000e+00
    413.750     30.298   4.618922     1.9452    -0.1079     30.129    25.4808    29.7848    17.9745    17.9702    4975.41    35.2629     3.9755     5.6814     74.093    177.546      7.954  0.000e+00
    414.000     30.490   4.617997     1.9423    -0.1198     30.320    25.4815    29.7857    17.9670    17.9627    4975.34    35.2615     3.9785     5.6857     74.138    177.680      7.951  0.000e+00
    414.250     30.663   4.617786     1.9411    -0.1257     30.493    25.4874    29.7916    17.9590    17.9547    4975.29    35.2665     3.9881     5.6994     74.308    178.109      7.947  0.000e+00
    414.500     30.849   4.615077     1.9400    -0.1198     30.677    25.4754    29.7799    17.9526    17.9482    4975.17    35.2488     3.9990     5.7150     74.494    178.596      7.947  0.000e+00
    414.750     31.023   4.611600     1.9397    -0.1535     30.850    25.4627    29.7675    17.9413    17.9370    4975.00    35.2286     4.0117     5.7331     74.706    179.163      7.948  0.000e+00
    415.000     31.202   4.607603     1.9378    -0.1654     31.029    25.4538    29.7590    17.9223    17.9180    4974.76    35.2108     4.0171     5.7409     74.772    179.405      7.949  0.000e+00
    415.250     31.376   4.607265     1.9371    -0.1535     31.201    25.4766    29.7822    17.8946    17.8903    4974.58    35.2317     4.0226     5.7487     74.843    179.649      7.946  0.000e+00
    415.500     31.549   4.607083     1.9355    -0.1575     31.373    25.4950    29.8008    17.8730    17.8687    4974.45    35.2488     4.0242     5.7510     74.851    179.721      7.944  0.000e+00
    415.750     31.723   4.607428     1.9319    -0.1456     31.546    25.5086    29.8146    17.8604    17.8562    4974.39    35.2626     4.0160     5.7393     74.687    179.356      7.942  0.000e+00
    416.000     31.896   4.607055     1.9284    -0.1376     31.719    25.5114    29.8175    17.8546    17.8503    4974.35    35.2644     4.0044     5.7228     74.464    178.839      7.941  0.000e+00
    416.250     32.051   4.606900     1.9240    -0.1416     31.873    25.5133    29.8194    17.8514    17.8471    4974.33    35.2658     3.9874     5.6984     74.144    178.079      7.942  0.000e+00
    416.500     32.218   4.607020     1.9192    -0.1376     32.039    25.5164    29.8225    17.8487    17.8445    4974.33    35.2690     3.9677     5.6703     73.775    177.198      7.942  0.000e+00
    416.750     32.367   4.606879     1.9159    -0.1535     32.187    25.5163    29.8225    17.8478    17.8435    4974.32    35.2686     3.9529     5.6491     73.498    176.536      7.940  0.000e+00
    417.000     32.516   4.606964     1.9129    -0.1496     32.335    25.5176    29.8237    17.8470    17.8427    4974.33    35.2699     3.9409     5.6319     73.274    175.999      7.937  0.000e+00
    417.250     32.677   4.606379     1.9091    -0.1456     32.495    25.5139    29.8201    17.8467    17.8425    4974.32    35.2651     3.9267     5.6116     73.007    175.365      7.939  0.000e+00
    417.500     32.838   4.606442     1.9067    -0.1456     32.655    25.5156    29.8218    17.8453    17.8411    4974.32    35.2668     3.9197     5.6016     72.876    175.052      7.938  0.000e+00
    417.750     33.024   4.606196     1.9001    -0.1694     32.840    25.5153    29.8216    17.8438    17.8395    4974.31    35.2659     3.9000     5.5734     72.507    174.172      7.938  0.000e+00
    418.000     33.204   4.604723     1.8991    -0.1456     33.019    25.5069    29.8133    17.8423    17.8380    4974.26    35.2545     3.8990     5.5721     72.482    174.130      7.935  0.000e+00
    418.250     33.408   4.602574     1.8960    -0.1694     33.222    25.4978    29.8043    17.8367    17.8324    4974.17    35.2408     3.8928     5.5632     72.353    173.853      7.935  0.000e+00
    418.500     33.606   4.598312     1.8951    -0.1456     33.419    25.4797    29.7866    17.8257    17.8214    4973.97    35.2137     3.8950     5.5663     72.367    173.950      7.932  0.000e+00
    418.750     33.817   4.595869     1.8947    -0.1456     33.629    25.4824    29.7897    17.8050    17.8007    4973.77    35.2105     3.8996     5.5729     72.422    174.155      7.934  0.000e+00
    419.000     34.015   4.592778     1.8939    -0.1000     33.826    25.4854    29.7931    17.7792    17.7749    4973.52    35.2062     3.9042     5.5794     72.470    174.360      7.933  0.000e+00
    419.250     34.214   4.592314     1.8919    -0.0861     34.023    25.5066    29.8147    17.7524    17.7481    4973.35    35.2254     3.9049     5.5804     72.455    174.391      7.931  0.000e+00
    419.500     34.400   4.592040     1.8878    -0.0881     34.208    25.5220    29.8303    17.7334    17.7291    4973.23    35.2394     3.8964     5.5683     72.277    174.012      7.930  0.000e+00
    419.750     34.567   4.592470     1.8819    -0.0643     34.374    25.5353    29.8437    17.7218    17.7176    4973.17    35.2530     3.8791     5.5436     71.947    173.240      7.929  0.000e+00
    420.000     34.734   4.592688     1.8757    -0.0781     34.540    25.5416    29.8501    17.7164    17.7122    4973.16    35.2595     3.8547     5.5087     71.489    172.150      7.926  0.000e+00
    420.250     34.901   4.592625     1.8679    -0.0861     34.707    25.5421    29.8506    17.7154    17.7111    4973.16    35.2598     3.8232     5.4638     70.905    170.746      7.925  0.000e+00
    420.500     35.050   4.592688     1.8619    -0.0781     34.855    25.5427    29.8512    17.7151    17.7109    4973.16    35.2605     3.7952     5.4237     70.385    169.493      7.925  0.000e+00
    420.750     35.211   4.593195     1.8573    -0.0702     35.015    25.5457    29.8541    17.7155    17.7112    4973.19    35.2645     3.7733     5.3924     69.981    168.515      7.925  0.000e+00
    421.000     35.372   4.593111     1.8527    -0.0643     35.175    25.5436    29.8520    17.7171    17.7129    4973.21    35.2623     3.7545     5.3655     69.633    167.674      7.925  0.000e+00
    421.250     35.559   4.593174     1.8490    -0.0781     35.360    25.5426    29.8510    17.7186    17.7144    4973.23    35.2615     3.7428     5.3489     69.419    167.154      7.926  0.000e+00
    421.500     35.732   4.593174     1.8465    -0.0781     35.533    25.5417    29.8502    17.7195    17.7152    4973.24    35.2607     3.7392     5.3437     69.352    166.992      7.926  0.000e+00
    421.750     35.912   4.592928     1.8437    -0.0781     35.711    25.5394    29.8479    17.7202    17.7159    4973.25    35.2579     3.7373     5.3410     69.318    166.909      7.925  0.000e+00
