cruises/baja2025/cnv/20250504_cast5.cnv
* Sea-Bird SBE19plus Data File:
* FileName = C:\Users\ScienceTech\OneDrive - Western Flyer Foundation\Desktop\ProfilingCTD\data\Leg 3\20250504_PP500J_cast1.hex
* Software Version 1.59
* Temperature SN =  8289
* Conductivity SN =  8289
* System UpLoad Time = May 04 2025 19:56:59
** PP500J
** 2224Z
** 27-32.54'N
** 112-18.75'W
** Depth 511m
# nquan = 18
# nvalues = 8328                                  
# units = specified
# name 0 = timeS: Time, Elapsed [seconds]
# name 1 = prdM: Pressure, Strain Gauge [db]
# name 2 = c0S/m: Conductivity [S/m]
# name 3 = sbeox0V: Oxygen raw, SBE 43 [V]
# name 4 = flECO-AFL: Fluorescence, WET Labs ECO-AFL/FL [mg/m^3]
# name 5 = depSM: Depth [salt water, m], lat = 0.00
# name 6 = sigma-t00: Density [sigma-t, kg/m^3 ]
# name 7 = sigma-100: Density [sigma-1, kg/m^3 ]
# name 8 = tv268C: Temperature [IPTS-68, deg C]
# name 9 = tv290C: Temperature [ITS-90, deg C]
# name 10 = svCF: Sound Velocity [Chen-Millero, ft/s]
# name 11 = sal00: Salinity, Practical [PSU]
# name 12 = sbeox0ML/L: Oxygen, SBE 43 [ml/l]
# name 13 = sbeox0Mg/L: Oxygen, SBE 43 [mg/l]
# name 14 = sbeox0PS: Oxygen, SBE 43 [% saturation]
# name 15 = sbeox0Mm/L: Oxygen, SBE 43 [umol/l]
# name 16 = ph: pH
# name 17 = flag:  0.000e+00
# span 0 =      0.000,   2081.750                 
# span 1 =     -0.213,    443.739                 
# span 2 =   0.047660,   4.958581                 
# span 3 =     0.6779,     3.0010                 
# span 4 =    -0.1654,   128.6979                 
# span 5 =     -0.212,    440.828                 
# span 6 =    -1.8334,    26.7842                 
# span 7 =     2.6437,    31.2499                 
# span 8 =     9.8604,    21.2256                 
# span 9 =     9.8580,    21.2205                 
# span 10 =    4870.02,    5003.50                
# span 11 =     0.2502,    35.9330                
# span 12 =     0.5354,     7.2910                
# span 13 =     0.7651,    10.4195                
# span 14 =      8.438,    136.382                
# span 15 =     23.911,    325.615                
# span 16 =      7.632,      8.215                
# span 17 = 0.0000e+00, 0.0000e+00                
# interval = seconds: 0.25
# start_time = May 04 2025 15:23:00 [Instrument's time stamp, header]
# bad_flag = -9.990e-29
*END*
[from data line 1930]
    482.500     92.703   4.311472     1.5915    -0.0722     92.173    26.0136    30.3710    15.0781    15.0745    4949.25    35.0752     3.2479     4.6415     57.166    145.050      7.891  0.000e+00
    482.750     92.647   4.312151     1.5888    -0.0781     92.118    26.0237    30.3811    15.0723    15.0687    4949.24    35.0867     3.2378     4.6271     56.986    144.599      7.892  0.000e+00
    483.000     92.567   4.312892     1.5878    -0.0762     92.038    26.0287    30.3861    15.0725    15.0689    4949.26    35.0932     3.2332     4.6205     56.908    144.394      7.890  0.000e+00
    483.250     92.461   4.312206     1.5843    -0.1000     91.933    26.0206    30.3779    15.0762    15.0726    4949.25    35.0837     3.2208     4.6029     56.691    143.842      7.888  0.000e+00
    483.500     92.399   4.312384     1.5823    -0.0722     91.871    26.0205    30.3779    15.0776    15.0740    4949.27    35.0841     3.2128     4.5914     56.551    143.482      7.892  0.000e+00
    483.750     92.362   4.312713     1.5802    -0.0762     91.835    26.0228    30.3802    15.0776    15.0740    4949.28    35.0871     3.2069     4.5829     56.448    143.219      7.892  0.000e+00
    484.000     92.400   4.312384     1.5777    -0.0781     91.871    26.0191    30.3764    15.0792    15.0756    4949.28    35.0827     3.1965     4.5681     56.266    142.755      7.890  0.000e+00
    484.250     92.499   4.310615     1.5754    -0.0702     91.970    26.0060    30.3634    15.0799    15.0763    4949.23    35.0659     3.1888     4.5571     56.126    142.413      7.890  0.000e+00
    484.500     92.685   4.308846     1.5748    -0.0801     92.155    25.9981    30.3557    15.0749    15.0713    4949.14    35.0542     3.1881     4.5560     56.103    142.379      7.893  0.000e+00
    484.750     92.920   4.307187     1.5741    -0.0801     92.389    25.9956    30.3535    15.0647    15.0611    4949.02    35.0481     3.1891     4.5575     56.107    142.424      7.889  0.000e+00
    485.000     93.224   4.306454     1.5728    -0.0781     92.691    26.0023    30.3604    15.0516    15.0480    4948.92    35.0531     3.1885     4.5567     56.084    142.399      7.890  0.000e+00
    485.250     93.571   4.306159     1.5725    -0.0623     93.036    26.0112    30.3695    15.0395    15.0359    4948.85    35.0612     3.1929     4.5630     56.151    142.594      7.889  0.000e+00
    485.500     93.912   4.305714     1.5717    -0.0722     93.374    26.0159    30.3743    15.0308    15.0272    4948.79    35.0647     3.1942     4.5648     56.165    142.652      7.888  0.000e+00
    485.750     94.302   4.305625     1.5713    -0.0762     93.762    26.0212    30.3797    15.0241    15.0205    4948.76    35.0698     3.1970     4.5688     56.209    142.778      7.886  0.000e+00
    486.000     94.680   4.305276     1.5693    -0.0702     94.138    26.0229    30.3814    15.0195    15.0159    4948.74    35.0706     3.1929     4.5629     56.131    142.593      7.888  0.000e+00
    486.250     95.008   4.305242     1.5677    -0.0861     94.465    26.0259    30.3845    15.0159    15.0123    4948.73    35.0734     3.1881     4.5561     56.044    142.379      7.887  0.000e+00
    486.500     95.262   4.305009     1.5670    -0.0722     94.717    26.0266    30.3853    15.0132    15.0096    4948.72    35.0736     3.1855     4.5524     55.996    142.264      7.886  0.000e+00
    486.750     95.429   4.304303     1.5644    -0.0722     94.883    26.0236    30.3823    15.0110    15.0074    4948.68    35.0690     3.1757     4.5383     55.819    141.825      7.886  0.000e+00
    487.000     95.541   4.304214     1.5622    -0.0603     94.994    26.0260    30.3848    15.0076    15.0040    4948.66    35.0712     3.1661     4.5247     55.648    141.397      7.885  0.000e+00
    487.250     95.566   4.304358     1.5599    -0.0702     95.019    26.0302    30.3890    15.0041    15.0005    4948.65    35.0757     3.1560     4.5102     55.468    140.946      7.885  0.000e+00
    487.500     95.553   4.304742     1.5579    -0.0762     95.006    26.0342    30.3930    15.0027    14.9991    4948.65    35.0805     3.1469     4.4972     55.308    140.541      7.884  0.000e+00
    487.750     95.498   4.304536     1.5543    -0.0861     94.951    26.0325    30.3913    15.0030    14.9994    4948.64    35.0783     3.1322     4.4763     55.050    139.885      7.884  0.000e+00
    488.000     95.436   4.304447     1.5533    -0.0841     94.889    26.0313    30.3901    15.0037    15.0001    4948.64    35.0770     3.1282     4.4705     54.979    139.704      7.882  0.000e+00
    488.250     95.417   4.304564     1.5511    -0.0702     94.871    26.0323    30.3912    15.0034    14.9998    4948.64    35.0782     3.1201     4.4589     54.837    139.343      7.883  0.000e+00
    488.500     95.423   4.304653     1.5493    -0.0623     94.877    26.0328    30.3916    15.0036    15.0000    4948.65    35.0789     3.1141     4.4504     54.733    139.078      7.882  0.000e+00
    488.750     95.448   4.304564     1.5486    -0.0722     94.902    26.0317    30.3905    15.0041    15.0005    4948.65    35.0776     3.1141     4.4503     54.732    139.075      7.881  0.000e+00
    489.000     95.528   4.304331     1.5491    -0.0702     94.982    26.0299    30.3888    15.0042    15.0006    4948.64    35.0754     3.1199     4.4586     54.833    139.333      7.885  0.000e+00
    489.250     95.628   4.304269     1.5482    -0.0623     95.080    26.0298    30.3887    15.0038    15.0002    4948.64    35.0751     3.1212     4.4605     54.856    139.393      7.881  0.000e+00
    489.500     95.752   4.304187     1.5484    -0.0643     95.203    26.0301    30.3890    15.0029    14.9993    4948.64    35.0752     3.1270     4.4688     54.957    139.652      7.880  0.000e+00
    489.750     95.950   4.303981     1.5490    -0.0801     95.401    26.0294    30.3883    15.0020    14.9984    4948.64    35.0740     3.1346     4.4796     55.088    139.990      7.885  0.000e+00
    490.000     96.167   4.303803     1.5488    -0.0841     95.616    26.0291    30.3880    15.0009    14.9973    4948.64    35.0733     3.1378     4.4843     55.144    140.135      7.882  0.000e+00
    490.250     96.415   4.303214     1.5477    -0.0623     95.862    26.0262    30.3852    14.9994    14.9958    4948.62    35.0692     3.1372     4.4834     55.130    140.107      7.883  0.000e+00
    490.500     96.706   4.302919     1.5475    -0.0801     96.152    26.0265    30.3855    14.9968    14.9932    4948.61    35.0687     3.1382     4.4849     55.146    140.154      7.882  0.000e+00
    490.750     97.022   4.303125     1.5480    -0.0801     96.466    26.0308    30.3899    14.9934    14.9898    4948.61    35.0734     3.1407     4.4884     55.186    140.263      7.883  0.000e+00
    491.000     97.350   4.303598     1.5477    -0.0702     96.793    26.0357    30.3948    14.9916    14.9880    4948.63    35.0793     3.1392     4.4863     55.161    140.199      7.881  0.000e+00
    491.250     97.685   4.303982     1.5476    -0.0702     97.125    26.0382    30.3973    14.9918    14.9882    4948.66    35.0825     3.1394     4.4865     55.165    140.206      7.881  0.000e+00
    491.500     98.019   4.302331     1.5481    -0.0722     97.458    26.0246    30.3838    14.9938    14.9902    4948.63    35.0654     3.1415     4.4896     55.199    140.301      7.882  0.000e+00
    491.750     98.280   4.301385     1.5468    -0.0682     97.716    26.0196    30.3789    14.9919    14.9883    4948.60    35.0584     3.1371     4.4833     55.117    140.104      7.881  0.000e+00
    492.000     98.453   4.301002     1.5480    -0.0623     97.889    26.0233    30.3827    14.9848    14.9812    4948.55    35.0613     3.1427     4.4913     55.209    140.354      7.883  0.000e+00
    492.250     98.552   4.301208     1.5464    -0.0781     97.987    26.0304    30.3899    14.9786    14.9750    4948.52    35.0687     3.1377     4.4841     55.116    140.129      7.883  0.000e+00
    492.500     98.565   4.301029     1.5464    -0.0702     98.000    26.0329    30.3924    14.9745    14.9709    4948.48    35.0707     3.1370     4.4831     55.100    140.099      7.883  0.000e+00
    492.750     98.509   4.301064     1.5459    -0.0781     97.944    26.0350    30.3945    14.9725    14.9689    4948.47    35.0728     3.1344     4.4794     55.053    139.984      7.878  0.000e+00
    493.000     98.397   4.300913     1.5446    -0.0781     97.833    26.0353    30.3949    14.9710    14.9674    4948.45    35.0729     3.1290     4.4717     54.957    139.743      7.882  0.000e+00
    493.250     98.286   4.301064     1.5441    -0.0643     97.722    26.0373    30.3968    14.9700    14.9664    4948.44    35.0751     3.1261     4.4675     54.905    139.611      7.881  0.000e+00
    493.500     98.174   4.301118     1.5436    -0.0722     97.612    26.0381    30.3976    14.9696    14.9660    4948.43    35.0760     3.1231     4.4633     54.853    139.479      7.881  0.000e+00
    493.750     98.075   4.301358     1.5409    -0.0543     97.513    26.0394    30.3989    14.9701    14.9665    4948.44    35.0778     3.1126     4.4481     54.668    139.007      7.882  0.000e+00
    494.000     98.044   4.301269     1.5406    -0.0841     97.482    26.0377    30.3972    14.9712    14.9676    4948.44    35.0760     3.1089     4.4429     54.605    138.844      7.880  0.000e+00
    494.250     98.094   4.301475     1.5404    -0.0801     97.532    26.0383    30.3978    14.9722    14.9686    4948.46    35.0770     3.1087     4.4426     54.602    138.833      7.880  0.000e+00
    494.500     98.243   4.302502     1.5394    -0.0781     97.680    26.0449    30.4043    14.9728    14.9692    4948.51    35.0858     3.1047     4.4369     54.535    138.654      7.878  0.000e+00
    494.750     98.503   4.301708     1.5397    -0.0801     97.938    26.0356    30.3950    14.9768    14.9732    4948.52    35.0749     3.1067     4.4398     54.572    138.747      7.880  0.000e+00
    495.000     98.837   4.301153     1.5379    -0.0702     98.271    26.0307    30.3901    14.9778    14.9742    4948.52    35.0688     3.1017     4.4326     54.482    138.520      7.879  0.000e+00
    495.250     99.221   4.300769     1.5396    -0.0702     98.653    26.0296    30.3891    14.9759    14.9723    4948.52    35.0668     3.1095     4.4437     54.617    138.869      7.880  0.000e+00
    495.500     99.662   4.301064     1.5403    -0.0702     99.090    26.0345    30.3941    14.9726    14.9691    4948.53    35.0722     3.1155     4.4523     54.720    139.136      7.881  0.000e+00
    495.750    100.077   4.299886     1.5409    -0.0722     99.503    26.0282    30.3879    14.9703    14.9667    4948.49    35.0635     3.1223     4.4620     54.834    139.440      7.877  0.000e+00
    496.000    100.473   4.300153     1.5411    -0.0722     99.897    26.0319    30.3917    14.9681    14.9645    4948.51    35.0677     3.1254     4.4665     54.888    139.579      7.882  0.000e+00
    496.250    100.795   4.299208     1.5418    -0.0781    100.217    26.0286    30.3885    14.9643    14.9607    4948.47    35.0623     3.1303     4.4735     54.969    139.800      7.877  0.000e+00
    496.500    101.018   4.298825     1.5431    -0.0801    100.439    26.0299    30.3898    14.9600    14.9564    4948.43    35.0626     3.1378     4.4842     55.095    140.134      7.878  0.000e+00
    496.750    101.105   4.298476     1.5421    -0.0702    100.525    26.0319    30.3919    14.9550    14.9514    4948.39    35.0639     3.1355     4.4809     55.050    140.031      7.877  0.000e+00
    497.000    101.099   4.298914     1.5410    -0.0643    100.519    26.0389    30.3989    14.9507    14.9471    4948.38    35.0718     3.1315     4.4752     54.977    139.852      7.879  0.000e+00
    497.250    101.025   4.298941     1.5411    -0.0762    100.445    26.0410    30.4011    14.9486    14.9450    4948.36    35.0739     3.1286     4.4711     54.925    139.723      7.877  0.000e+00
    497.500    100.901   4.298976     1.5414    -0.0702    100.322    26.0414    30.4014    14.9486    14.9450    4948.35    35.0743     3.1278     4.4699     54.911    139.687      7.878  0.000e+00
    497.750    100.795   4.299147     1.5408    -0.0781    100.217    26.0422    30.4022    14.9490    14.9454    4948.36    35.0755     3.1239     4.4644     54.844    139.513      7.879  0.000e+00
    498.000    100.684   4.299297     1.5398    -0.0762    100.106    26.0425    30.4025    14.9499    14.9463    4948.36    35.0761     3.1185     4.4566     54.750    139.271      7.875  0.000e+00
    498.250    100.610   4.299119     1.5345    -0.0781    100.032    26.0402    30.4002    14.9510    14.9474    4948.36    35.0735     3.0952     4.4234     54.342    138.233      7.876  0.000e+00
    498.500    100.628   4.298770     1.5340    -0.0762    100.051    26.0373    30.3973    14.9515    14.9479    4948.35    35.0699     3.0891     4.4146     54.234    137.959      7.879  0.000e+00
    498.750    100.709   4.298914     1.5323    -0.0543    100.131    26.0393    30.3993    14.9505    14.9469    4948.36    35.0721     3.0810     4.4030     54.090    137.596      7.878  0.000e+00
    499.000    100.888   4.299181     1.5311    -0.0722    100.309    26.0418    30.4018    14.9497    14.9461    4948.37    35.0752     3.0744     4.3937     53.976    137.305      7.874  0.000e+00
    499.250    101.099   4.300236     1.5313    -0.0702    100.519    26.0487    30.4086    14.9502    14.9466    4948.42    35.0843     3.0737     4.3927     53.967    137.273      7.876  0.000e+00
    499.500    101.371   4.300209     1.5320    -0.0643    100.790    26.0451    30.4051    14.9538    14.9502    4948.46    35.0807     3.0775     4.3980     54.035    137.440      7.876  0.000e+00
    499.750    101.706   4.295236     1.5319    -0.0702    101.122    26.0071    30.3673    14.9570    14.9534    4948.32    35.0323     3.0818     4.4042     54.099    137.634      7.877  0.000e+00
    500.000    102.028   4.294737     1.5330    -0.0920    101.443    26.0119    30.3722    14.9478    14.9442    4948.26    35.0359     3.0926     4.4196     54.279    138.115      7.879  0.000e+00
    500.250    102.320   4.292765     1.5322    -0.0682    101.732    26.0129    30.3736    14.9313    14.9277    4948.09    35.0325     3.0977     4.4269     54.350    138.343      7.877  0.000e+00
    500.500    102.574   4.291766     1.5332    -0.0801    101.985    26.0200    30.3809    14.9158    14.9122    4947.96    35.0373     3.1048     4.4370     54.459    138.659      7.881  0.000e+00
    500.750    102.791   4.292006     1.5320    -0.0702    102.200    26.0351    30.3962    14.9010    14.8974    4947.88    35.0526     3.1037     4.4355     54.429    138.610      7.873  0.000e+00
    501.000    102.927   4.289159     1.5311    -0.0781    102.336    26.0236    30.3850    14.8915    14.8879    4947.72    35.0351     3.1012     4.4319     54.369    138.499      7.877  0.000e+00
    501.250    103.007   4.286457     1.5292    -0.0781    102.416    26.0166    30.3783    14.8783    14.8747    4947.54    35.0222     3.0928     4.4200     54.204    138.126      7.876  0.000e+00
    501.500    103.032   4.285225     1.5279    -0.0781    102.440    26.0243    30.3863    14.8603    14.8567    4947.37    35.0271     3.0859     4.4100     54.064    137.814      7.876  0.000e+00
    501.750    103.032   4.284726     1.5261    -0.0781    102.440    26.0366    30.3989    14.8429    14.8394    4947.23    35.0382     3.0769     4.3972     53.893    137.415      7.876  0.000e+00
    502.000    103.032   4.284200     1.5243    -0.0762    102.440    26.0449    30.4074    14.8297    14.8262    4947.12    35.0452     3.0676     4.3839     53.717    136.998      7.874  0.000e+00
    502.250    103.051   4.284056     1.5222    -0.0861    102.459    26.0528    30.4153    14.8200    14.8165    4947.05    35.0526     3.0579     4.3701     53.540    136.567      7.874  0.000e+00
