cruises/baja2025/cnv/20250416_cast1.cnv
* Sea-Bird SBE19plus Data File:
* FileName = C:\Users\ScienceTech\OneDrive - Western Flyer Foundation\Desktop\ProfilingCTD\data\20250416_PuntaMarciel_cast1.hex
* Software Version 1.59
* Temperature SN =  8289
* Conductivity SN =  8289
* System UpLoad Time = Apr 16 2025 17:23:19
* ds
* SBE 19plus V 3.1.8  SERIAL NO. 8289    16 Apr 2025 17:21:30
# nquan = 18
# nvalues = 3378                                  
# units = specified
# name 0 = timeS: Time, Elapsed [seconds]
# name 1 = prdM: Pressure, Strain Gauge [db]
# name 2 = c0S/m: Conductivity [S/m]
# name 3 = sbeox0V: Oxygen raw, SBE 43 [V]
# name 4 = flECO-AFL: Fluorescence, WET Labs ECO-AFL/FL [mg/m^3]
# name 5 = depSM: Depth [salt water, m], lat = 0.00
# name 6 = sigma-t00: Density [sigma-t, kg/m^3 ]
# name 7 = sigma-100: Density [sigma-1, kg/m^3 ]
# name 8 = tv268C: Temperature [IPTS-68, deg C]
# name 9 = tv290C: Temperature [ITS-90, deg C]
# name 10 = svCF: Sound Velocity [Chen-Millero, ft/s]
# name 11 = sal00: Salinity, Practical [PSU]
# name 12 = sbeox0ML/L: Oxygen, SBE 43 [ml/l]
# name 13 = sbeox0Mg/L: Oxygen, SBE 43 [mg/l]
# name 14 = sbeox0PS: Oxygen, SBE 43 [% saturation]
# name 15 = sbeox0Mm/L: Oxygen, SBE 43 [umol/l]
# name 16 = ph: pH
# name 17 = flag:  0.000e+00
# span 0 =      0.000,    844.250                 
# span 1 =     -0.136,     66.220                 
# span 2 =  -0.000081,   5.165980                 
# span 3 =     1.1893,     3.0233                 
# span 4 =    -0.1734,   128.7614                 
# span 5 =     -0.136,     65.846                 
# span 6 =    -3.3715,    26.0473                 
# span 7 =     1.0163,    30.3287                 
# span 8 =    15.4127,    26.5904                 
# span 9 =    15.4090,    26.5841                 
# span 10 =    4874.14,    5021.18                
# span 11 =     0.0000,    36.8540                
# span 12 =     1.9484,     7.1820                
# span 13 =     2.7844,    10.2637                
# span 14 =     34.521,    144.065                
# span 15 =     87.014,    320.746                
# span 16 =      7.361,      8.166                
# span 17 = 0.0000e+00, 0.0000e+00                
# interval = seconds: 0.25
# start_time = Apr 16 2025 09:44:54 [Instrument's time stamp, header]
# bad_flag = -9.990e-29
*END*
[from data line 1367]
    341.750     59.835   4.411315     1.3898    -0.0801     59.498    25.8410    30.1799    16.0385    16.0347    4957.49    35.1318     2.5756     3.6808     46.214    115.025      7.799  0.000e+00
    342.000     59.935   4.411253     1.3895    -0.0801     59.597    25.8414    30.1803    16.0376    16.0338    4957.49    35.1320     2.5734     3.6777     46.174    114.929      7.803  0.000e+00
    342.250     60.015   4.411226     1.3899    -0.0623     59.677    25.8420    30.1809    16.0367    16.0329    4957.49    35.1325     2.5750     3.6800     46.203    115.001      7.801  0.000e+00
    342.500     60.096   4.411073     1.3891    -0.0881     59.757    25.8416    30.1805    16.0360    16.0321    4957.48    35.1317     2.5742     3.6788     46.187    114.964      7.800  0.000e+00
    342.750     60.176   4.410914     1.3886    -0.0702     59.837    25.8412    30.1802    16.0352    16.0313    4957.47    35.1310     2.5741     3.6787     46.184    114.960      7.800  0.000e+00
    343.000     60.282   4.410741     1.3898    -0.0861     59.942    25.8409    30.1799    16.0342    16.0303    4957.47    35.1303     2.5802     3.6873     46.292    115.230      7.804  0.000e+00
    343.250     60.393   4.410312     1.3895    -0.0702     60.053    25.8393    30.1783    16.0327    16.0288    4957.45    35.1277     2.5806     3.6879     46.297    115.248      7.801  0.000e+00
    343.500     60.486   4.409918     1.3881    -0.0841     60.145    25.8384    30.1775    16.0306    16.0268    4957.43    35.1260     2.5760     3.6813     46.212    115.043      7.803  0.000e+00
    343.750     60.598   4.409066     1.3890    -0.0801     60.256    25.8353    30.1744    16.0276    16.0238    4957.38    35.1211     2.5788     3.6854     46.259    115.170      7.802  0.000e+00
    344.000     60.709   4.408706     1.3894    -0.0781     60.367    25.8369    30.1761    16.0232    16.0193    4957.35    35.1217     2.5808     3.6883     46.292    115.261      7.801  0.000e+00
    344.250     60.827   4.408672     1.3901    -0.0781     60.484    25.8409    30.1802    16.0184    16.0146    4957.32    35.1256     2.5842     3.6931     46.348    115.410      7.801  0.000e+00
    344.500     60.920   4.408312     1.3898    -0.0702     60.576    25.8415    30.1808    16.0150    16.0112    4957.29    35.1253     2.5849     3.6940     46.357    115.440      7.801  0.000e+00
    344.750     60.988   4.407945     1.3885    -0.0781     60.644    25.8414    30.1808    16.0123    16.0085    4957.26    35.1244     2.5801     3.6872     46.269    115.227      7.799  0.000e+00
    345.000     61.069   4.407523     1.3878    -0.0781     60.724    25.8411    30.1806    16.0095    16.0056    4957.23    35.1232     2.5764     3.6819     46.200    115.062      7.801  0.000e+00
    345.250     61.149   4.406914     1.3887    -0.0960     60.804    25.8398    30.1793    16.0063    16.0024    4957.19    35.1206     2.5798     3.6868     46.258    115.215      7.799  0.000e+00
    345.500     61.217   4.406250     1.3875    -0.0801     60.872    25.8389    30.1785    16.0022    15.9984    4957.15    35.1182     2.5760     3.6814     46.185    115.046      7.799  0.000e+00
    345.750     61.298   4.405759     1.3870    -0.0643     60.952    25.8402    30.1799    15.9971    15.9932    4957.10    35.1183     2.5725     3.6764     46.118    114.889      7.801  0.000e+00
    346.000     61.366   4.405489     1.3861    -0.0861     61.020    25.8427    30.1825    15.9922    15.9884    4957.06    35.1202     2.5683     3.6703     46.038    114.698      7.797  0.000e+00
    346.250     61.428   4.405365     1.3848    -0.0841     61.082    25.8457    30.1855    15.9881    15.9842    4957.03    35.1227     2.5627     3.6624     45.935    114.450      7.799  0.000e+00
    346.500     61.515   4.405309     1.3824    -0.0881     61.168    25.8480    30.1879    15.9850    15.9812    4957.02    35.1249     2.5536     3.6493     45.769    114.043      7.798  0.000e+00
    346.750     61.583   4.405247     1.3806    -0.0841     61.236    25.8493    30.1892    15.9831    15.9793    4957.01    35.1260     2.5458     3.6382     45.629    113.697      7.799  0.000e+00
    347.000     61.695   4.405005     1.3794    -0.0861     61.347    25.8486    30.1886    15.9820    15.9782    4957.00    35.1248     2.5394     3.6290     45.512    113.409      7.799  0.000e+00
    347.250     61.788   4.404576     1.3781    -0.0861     61.439    25.8467    30.1867    15.9808    15.9770    4956.98    35.1220     2.5328     3.6197     45.393    113.116      7.799  0.000e+00
    347.500     61.906   4.404092     1.3764    -0.0722     61.556    25.8456    30.1856    15.9784    15.9745    4956.95    35.1198     2.5268     3.6110     45.282    112.847      7.797  0.000e+00
    347.750     62.011   4.401913     1.3757    -0.0702     61.661    25.8336    30.1738    15.9751    15.9713    4956.86    35.1032     2.5248     3.6082     45.239    112.758      7.797  0.000e+00
    348.000     62.147   4.399251     1.3736    -0.0781     61.797    25.8230    30.1635    15.9666    15.9628    4956.72    35.0869     2.5192     3.6002     45.126    112.507      7.796  0.000e+00
    348.250     62.247   4.398373     1.3722    -0.0861     61.895    25.8315    30.1723    15.9505    15.9467    4956.59    35.0932     2.5161     3.5957     45.058    112.368      7.799  0.000e+00
    348.500     62.346   4.398069     1.3706    -0.0861     61.994    25.8426    30.1835    15.9360    15.9322    4956.49    35.1033     2.5126     3.5907     44.985    112.211      7.797  0.000e+00
    348.750     62.445   4.398097     1.3693    -0.0702     62.092    25.8521    30.1931    15.9258    15.9220    4956.42    35.1126     2.5092     3.5858     44.918    112.059      7.796  0.000e+00
    349.000     62.538   4.398097     1.3672    -0.0881     62.185    25.8570    30.1981    15.9204    15.9166    4956.39    35.1174     2.5024     3.5761     44.793    111.755      7.794  0.000e+00
    349.250     62.631   4.397765     1.3651    -0.0762     62.277    25.8573    30.1985    15.9175    15.9137    4956.37    35.1169     2.4950     3.5656     44.658    111.426      7.795  0.000e+00
    349.500     62.711   4.397551     1.3638    -0.0762     62.357    25.8577    30.1989    15.9155    15.9117    4956.35    35.1168     2.4906     3.5594     44.579    111.232      7.795  0.000e+00
    349.750     62.804   4.397343     1.3608    -0.0781     62.450    25.8583    30.1995    15.9132    15.9094    4956.33    35.1169     2.4797     3.5437     44.380    110.742      7.796  0.000e+00
    350.000     62.891   4.397371     1.3591    -0.0861     62.536    25.8605    30.2017    15.9110    15.9072    4956.32    35.1191     2.4740     3.5356     44.277    110.488      7.794  0.000e+00
    350.250     62.947   4.396977     1.3577    -0.0841     62.591    25.8590    30.2003    15.9096    15.9058    4956.30    35.1168     2.4694     3.5290     44.193    110.283      7.792  0.000e+00
    350.500     63.021   4.396528     1.3558    -0.0702     62.665    25.8575    30.1989    15.9078    15.9040    4956.28    35.1143     2.4635     3.5205     44.085    110.018      7.794  0.000e+00
    350.750     63.102   4.396465     1.3531    -0.0781     62.746    25.8595    30.2009    15.9052    15.9014    4956.26    35.1161     2.4547     3.5080     43.926    109.628      7.793  0.000e+00
    351.000     63.158   4.396341     1.3515    -0.0623     62.801    25.8604    30.2019    15.9031    15.8993    4956.25    35.1167     2.4502     3.5015     43.843    109.424      7.796  0.000e+00
    351.250     63.226   4.395947     1.3503    -0.0801     62.869    25.8593    30.2008    15.9014    15.8976    4956.23    35.1147     2.4473     3.4975     43.790    109.297      7.795  0.000e+00
    351.500     63.319   4.395588     1.3504    -0.0781     62.961    25.8585    30.2000    15.8996    15.8957    4956.21    35.1131     2.4498     3.5010     43.833    109.408      7.793  0.000e+00
    351.750     63.418   4.395284     1.3496    -0.0861     63.060    25.8590    30.2006    15.8967    15.8929    4956.18    35.1129     2.4509     3.5026     43.850    109.457      7.789  0.000e+00
    352.000     63.511   4.395256     1.3491    -0.0702     63.152    25.8612    30.2028    15.8940    15.8902    4956.17    35.1150     2.4520     3.5041     43.867    109.505      7.792  0.000e+00
    352.250     63.629   4.395318     1.3479    -0.0861     63.270    25.8636    30.2053    15.8918    15.8880    4956.16    35.1175     2.4506     3.5021     43.841    109.443      7.793  0.000e+00
    352.500     63.765   4.395076     1.3472    -0.0960     63.405    25.8627    30.2044    15.8909    15.8871    4956.15    35.1161     2.4515     3.5034     43.856    109.482      7.789  0.000e+00
    352.750     63.871   4.395194     1.3459    -0.0643     63.510    25.8648    30.2065    15.8895    15.8857    4956.15    35.1183     2.4493     3.5003     43.817    109.386      7.791  0.000e+00
    353.000     63.995   4.395256     1.3453    -0.0781     63.633    25.8655    30.2072    15.8892    15.8854    4956.16    35.1191     2.4476     3.4979     43.787    109.311      7.792  0.000e+00
    353.250     64.106   4.395132     1.3450    -0.0841     63.744    25.8646    30.2064    15.8891    15.8853    4956.16    35.1180     2.4468     3.4967     43.772    109.274      7.791  0.000e+00
    353.500     64.212   4.394890     1.3442    -0.0861     63.849    25.8632    30.2050    15.8888    15.8850    4956.16    35.1161     2.4441     3.4928     43.722    109.152      7.788  0.000e+00
    353.750     64.323   4.394952     1.3427    -0.0861     63.960    25.8644    30.2061    15.8879    15.8841    4956.16    35.1173     2.4391     3.4857     43.633    108.931      7.787  0.000e+00
    354.000     64.423   4.394952     1.3417    -0.0841     64.059    25.8650    30.2068    15.8872    15.8834    4956.16    35.1180     2.4360     3.4813     43.577    108.793      7.789  0.000e+00
    354.250     64.509   4.393985     1.3423    -0.0920     64.145    25.8586    30.2004    15.8870    15.8832    4956.13    35.1095     2.4390     3.4856     43.628    108.926      7.791  0.000e+00
    354.500     64.596   4.391207     1.3420    -0.0801     64.231    25.8420    30.1840    15.8841    15.8803    4956.02    35.0871     2.4397     3.4865     43.631    108.956      7.789  0.000e+00
    354.750     64.677   4.388609     1.3416    -0.0781     64.311    25.8341    30.1764    15.8732    15.8693    4955.86    35.0736     2.4407     3.4880     43.637    109.001      7.789  0.000e+00
    355.000     64.739   4.387069     1.3412    -0.0841     64.373    25.8393    30.1819    15.8558    15.8520    4955.70    35.0752     2.4413     3.4888     43.633    109.028      7.791  0.000e+00
    355.250     64.819   4.380923     1.3406    -0.0781     64.453    25.8131    30.1562    15.8380    15.8342    4955.37    35.0359     2.4416     3.4893     43.613    109.041      7.792  0.000e+00
    355.500     64.894   4.364617     1.3398    -0.0801     64.527    25.7266    30.0711    15.8094    15.8056    4954.63    34.9151     2.4429     3.4912     43.580    109.102      7.784  0.000e+00
    355.750     64.999   4.358313     1.3385    -0.0861     64.632    25.7481    30.0937    15.7378    15.7340    4953.93    34.9219     2.4424     3.4905     43.512    109.080      7.787  0.000e+00
    356.000     65.086   4.358046     1.3350    -0.0762     64.718    25.8201    30.1668    15.6563    15.6526    4953.37    34.9916     2.4316     3.4750     43.269    108.597      7.787  0.000e+00
    356.250     65.197   4.352957     1.3310    -0.0801     64.829    25.8334    30.1810    15.6030    15.5992    4952.84    34.9932     2.4156     3.4521     42.939    107.881      7.787  0.000e+00
    356.500     65.315   4.343736     1.3247    -0.0781     64.946    25.8058    30.1545    15.5629    15.5592    4952.26    34.9457     2.3903     3.4159     42.443    106.749      7.785  0.000e+00
    356.750     65.439   4.342932     1.3151    -0.0861     65.069    25.8528    30.2022    15.5050    15.5013    4951.84    34.9899     2.3493     3.3573     41.678    104.918      7.783  0.000e+00
    357.000     65.532   4.344453     1.3037    -0.0702     65.161    25.9043    30.2541    15.4601    15.4564    4951.59    35.0436     2.2974     3.2833     40.736    102.604      7.779  0.000e+00
    357.250     65.631   4.343648     1.2910    -0.0702     65.260    25.9183    30.2684    15.4385    15.4348    4951.42    35.0555     2.2375     3.1976     39.660     99.927      7.777  0.000e+00
    357.500     65.705   4.343380     1.2785    -0.0801     65.334    25.9254    30.2757    15.4286    15.4249    4951.34    35.0619     2.1771     3.1113     38.583     97.229      7.775  0.000e+00
    357.750     65.786   4.344068     1.2660    -0.0643     65.414    25.9363    30.2866    15.4219    15.4182    4951.33    35.0740     2.1185     3.0275     37.542     94.611      7.775  0.000e+00
    358.000     65.848   4.344130     1.2540    -0.0801     65.476    25.9381    30.2884    15.4204    15.4167    4951.32    35.0759     2.0651     2.9513     36.596     92.229      7.771  0.000e+00
    358.250     65.922   4.344068     1.2420    -0.0861     65.550    25.9373    30.2877    15.4207    15.4170    4951.33    35.0751     2.0163     2.8815     35.730     90.047      7.770  0.000e+00
    358.500     65.997   4.343828     1.2328    -0.0861     65.624    25.9353    30.2857    15.4211    15.4174    4951.32    35.0726     1.9841     2.8354     35.159     88.608      7.771  0.000e+00
    358.750     66.121   4.343291     1.2242    -0.0801     65.747    25.9319    30.2823    15.4207    15.4170    4951.31    35.0680     1.9607     2.8020     34.743     87.564      7.768  0.000e+00
    359.000     66.201   4.342879     1.2184    -0.0801     65.827    25.9309    30.2814    15.4186    15.4149    4951.28    35.0661     1.9524     2.7902     34.595     87.194      7.768  0.000e+00
    359.250     66.220   4.342638     1.2128    -0.0940     65.846    25.9320    30.2825    15.4156    15.4119    4951.26    35.0666     1.9484     2.7844     34.521     87.014      7.766  0.000e+00
    359.500     66.195   4.343470     1.2092    -0.0722     65.821    25.9404    30.2909    15.4127    15.4090    4951.26    35.0767     1.9537     2.7920     34.615     87.251      7.765  0.000e+00
    359.750     66.195   4.343910     1.2060    -0.0762     65.821    25.9428    30.2932    15.4135    15.4098    4951.29    35.0800     1.9612     2.8028     34.751     87.589      7.763  0.000e+00
    360.000     66.208   4.343594     1.2034    -0.0920     65.833    25.9372    30.2876    15.4171    15.4134    4951.30    35.0739     1.9704     2.8158     34.914     87.996      7.764  0.000e+00
    360.250     66.214   4.342638     1.2010    -0.0702     65.840    25.9293    30.2797    15.4186    15.4149    4951.28    35.0639     1.9789     2.8281     35.065     88.380      7.762  0.000e+00
    360.500     66.183   4.342665     1.1976    -0.0861     65.809    25.9320    30.2824    15.4158    15.4121    4951.26    35.0667     1.9800     2.8296     35.082     88.427      7.763  0.000e+00
    360.750     66.121   4.344784     1.1963    -0.0861     65.747    25.9489    30.2992    15.4135    15.4098    4951.31    35.0879     1.9856     2.8377     35.185     88.678      7.760  0.000e+00
    361.000     66.004   4.347646     1.1941    -0.0781     65.631    25.9643    30.3144    15.4185    15.4148    4951.44    35.1094     1.9844     2.8359     35.171     88.624      7.760  0.000e+00
    361.250     65.880   4.348307     1.1935    -0.0702     65.508    25.9550    30.3049    15.4338    15.4301    4951.56    35.1017     1.9882     2.8414     35.248     88.795      7.759  0.000e+00
    361.500     65.737   4.349614     1.1921    -0.0861     65.366    25.9516    30.3012    15.4475    15.4438    4951.69    35.1013     1.9875     2.8404     35.245     88.763      7.761  0.000e+00
