cruises/baja2025/cnv/20250417.cnv
* Sea-Bird SBE19plus Data File:
* FileName = C:\Users\ScienceTech\OneDrive - Western Flyer Foundation\Desktop\ProfilingCTD\data\20250417_OSU1970_cast3.hex
* Software Version 1.59
* Temperature SN =  8289
* Conductivity SN =  8289
* System UpLoad Time = Apr 17 2025 14:19:42
** WF Gulf of California
** OSU 1970 station
** 4/17/2025 1443 UTC
** 27 4.68N
** 111 47.945W
** ~350 m bottom depth
# nquan = 18
# nvalues = 6406                                  
# units = specified
# name 0 = timeS: Time, Elapsed [seconds]
# name 1 = prdM: Pressure, Strain Gauge [db]
# name 2 = c0S/m: Conductivity [S/m]
# name 3 = sbeox0V: Oxygen raw, SBE 43 [V]
# name 4 = flECO-AFL: Fluorescence, WET Labs ECO-AFL/FL [mg/m^3]
# name 5 = depSM: Depth [salt water, m], lat = 0.00
# name 6 = sigma-t00: Density [sigma-t, kg/m^3 ]
# name 7 = sigma-100: Density [sigma-1, kg/m^3 ]
# name 8 = tv268C: Temperature [IPTS-68, deg C]
# name 9 = tv290C: Temperature [ITS-90, deg C]
# name 10 = svCF: Sound Velocity [Chen-Millero, ft/s]
# name 11 = sal00: Salinity, Practical [PSU]
# name 12 = sbeox0ML/L: Oxygen, SBE 43 [ml/l]
# name 13 = sbeox0Mg/L: Oxygen, SBE 43 [mg/l]
# name 14 = sbeox0PS: Oxygen, SBE 43 [% saturation]
# name 15 = sbeox0Mm/L: Oxygen, SBE 43 [umol/l]
# name 16 = ph: pH
# name 17 = flag:  0.000e+00
# span 0 =      0.000,   1601.250                 
# span 1 =     -0.140,    395.586                 
# span 2 =  -0.000042,   4.941606                 
# span 3 =     0.5496,     3.2548                 
# span 4 =    -0.1654,   128.6840                 
# span 5 =     -0.139,    393.037                 
# span 6 =    -2.2335,    26.7679                 
# span 7 =     2.2286,    31.2358                 
# span 8 =     9.8132,    22.0289                 
# span 9 =     9.8109,    22.0236                 
# span 10 =    4863.91,    5003.57                
# span 11 =     0.0000,    35.8710                
# span 12 =     0.0692,     7.7304                
# span 13 =     0.0989,    11.0476                
# span 14 =      1.112,    149.650                
# span 15 =      3.090,    345.242                
# span 16 =      7.295,      8.141                
# span 17 = 0.0000e+00, 0.0000e+00                
# interval = seconds: 0.25
# start_time = Apr 17 2025 07:22:44 [Instrument's time stamp, header]
# bad_flag = -9.990e-29
*END*
[from data line 3779]
    944.750    348.358   3.836059     0.6268    -0.0643    346.153    26.6670    31.1234    10.4098    10.4073    4910.41    34.7253     0.3429     0.4900      5.468     15.312      7.558  0.000e+00
    945.000    348.389   3.836000     0.6273    -0.0623    346.184    26.6662    31.1225    10.4102    10.4077    4910.41    34.7243     0.3462     0.4948      5.521     15.462      7.561  0.000e+00
    945.250    348.433   3.835817     0.6262    -0.0643    346.227    26.6649    31.1213    10.4100    10.4075    4910.41    34.7226     0.3415     0.4880      5.446     15.251      7.561  0.000e+00
    945.500    348.538   3.835843     0.6266    -0.0762    346.331    26.6657    31.1221    10.4093    10.4068    4910.41    34.7235     0.3427     0.4898      5.466     15.306      7.558  0.000e+00
    945.750    348.631   3.835843     0.6277    -0.0643    346.424    26.6663    31.1227    10.4086    10.4061    4910.41    34.7241     0.3487     0.4983      5.560     15.571      7.559  0.000e+00
    946.000    348.743   3.835869     0.6273    -0.0702    346.535    26.6667    31.1231    10.4084    10.4059    4910.41    34.7246     0.3470     0.4959      5.534     15.498      7.559  0.000e+00
    946.250    348.842   3.835627     0.6266    -0.0781    346.633    26.6649    31.1213    10.4082    10.4057    4910.41    34.7222     0.3437     0.4912      5.482     15.351      7.562  0.000e+00
    946.500    348.904   3.835516     0.6274    -0.0643    346.695    26.6647    31.1211    10.4076    10.4051    4910.40    34.7217     0.3471     0.4960      5.535     15.501      7.558  0.000e+00
    946.750    348.941   3.835464     0.6279    -0.0643    346.732    26.6653    31.1217    10.4064    10.4039    4910.39    34.7223     0.3506     0.5010      5.591     15.658      7.560  0.000e+00
    947.000    348.941   3.835464     0.6275    -0.0722    346.732    26.6662    31.1226    10.4054    10.4029    4910.38    34.7232     0.3493     0.4991      5.570     15.599      7.560  0.000e+00
    947.250    348.892   3.835706     0.6278    -0.0801    346.683    26.6687    31.1251    10.4048    10.4023    4910.39    34.7263     0.3515     0.5023      5.605     15.697      7.560  0.000e+00
    947.500    348.836   3.835758     0.6270    -0.0682    346.627    26.6687    31.1251    10.4053    10.4028    4910.39    34.7263     0.3463     0.4950      5.523     15.468      7.558  0.000e+00
    947.750    348.756   3.835843     0.6269    -0.0643    346.547    26.6686    31.1250    10.4061    10.4036    4910.39    34.7265     0.3443     0.4921      5.491     15.378      7.562  0.000e+00
    948.000    348.694   3.835921     0.6275    -0.0702    346.486    26.6685    31.1249    10.4069    10.4044    4910.40    34.7265     0.3474     0.4964      5.539     15.513      7.560  0.000e+00
    948.250    348.638   3.835895     0.6280    -0.0781    346.431    26.6675    31.1238    10.4078    10.4053    4910.40    34.7254     0.3503     0.5006      5.586     15.643      7.563  0.000e+00
    948.500    348.607   3.835653     0.6278    -0.0543    346.400    26.6651    31.1215    10.4084    10.4059    4910.40    34.7225     0.3486     0.4982      5.559     15.569      7.561  0.000e+00
    948.750    348.595   3.835679     0.6270    -0.0543    346.388    26.6657    31.1221    10.4079    10.4054    4910.39    34.7232     0.3447     0.4926      5.496     15.393      7.561  0.000e+00
    949.000    348.638   3.835679     0.6280    -0.0623    346.431    26.6665    31.1229    10.4071    10.4046    4910.39    34.7240     0.3499     0.5001      5.580     15.627      7.561  0.000e+00
    949.250    348.657   3.835758     0.6279    -0.0643    346.449    26.6673    31.1237    10.4068    10.4043    4910.39    34.7250     0.3503     0.5006      5.586     15.643      7.561  0.000e+00
    949.500    348.669   3.835601     0.6276    -0.0781    346.461    26.6662    31.1226    10.4067    10.4042    4910.39    34.7235     0.3498     0.4999      5.578     15.621      7.561  0.000e+00
    949.750    348.675   3.835549     0.6280    -0.0643    346.468    26.6657    31.1221    10.4067    10.4042    4910.38    34.7229     0.3508     0.5014      5.595     15.669      7.558  0.000e+00
    950.000    348.682   3.835516     0.6278    -0.0543    346.474    26.6664    31.1228    10.4058    10.4033    4910.37    34.7235     0.3489     0.4987      5.564     15.583      7.561  0.000e+00
    950.250    348.669   3.835575     0.6280    -0.0722    346.461    26.6673    31.1238    10.4052    10.4027    4910.37    34.7246     0.3497     0.4997      5.576     15.617      7.563  0.000e+00
    950.500    348.644   3.835627     0.6282    -0.0781    346.437    26.6678    31.1242    10.4052    10.4027    4910.37    34.7252     0.3511     0.5018      5.599     15.681      7.559  0.000e+00
    950.750    348.651   3.835758     0.6279    -0.0524    346.443    26.6687    31.1251    10.4053    10.4028    4910.38    34.7264     0.3501     0.5003      5.582     15.634      7.559  0.000e+00
    951.000    348.638   3.835869     0.6280    -0.0702    346.431    26.6690    31.1254    10.4060    10.4035    4910.39    34.7269     0.3494     0.4993      5.571     15.603      7.561  0.000e+00
    951.250    348.645   3.835921     0.6273    -0.0623    346.437    26.6685    31.1249    10.4069    10.4044    4910.40    34.7265     0.3458     0.4942      5.515     15.445      7.561  0.000e+00
    951.500    348.645   3.835948     0.6285    -0.0801    346.437    26.6679    31.1242    10.4078    10.4053    4910.41    34.7259     0.3512     0.5019      5.600     15.683      7.559  0.000e+00
    951.750    348.645   3.835921     0.6276    -0.0623    346.437    26.6672    31.1235    10.4084    10.4059    4910.41    34.7252     0.3473     0.4963      5.539     15.511      7.558  0.000e+00
    952.000    348.626   3.835948     0.6275    -0.0643    346.419    26.6671    31.1234    10.4087    10.4062    4910.41    34.7251     0.3464     0.4950      5.523     15.468      7.561  0.000e+00
    952.250    348.589   3.835948     0.6285    -0.0543    346.382    26.6668    31.1231    10.4091    10.4066    4910.41    34.7248     0.3506     0.5011      5.591     15.658      7.561  0.000e+00
    952.500    348.539   3.835869     0.6283    -0.0762    346.332    26.6660    31.1223    10.4093    10.4068    4910.41    34.7238     0.3504     0.5007      5.587     15.647      7.560  0.000e+00
    952.750    348.502   3.835869     0.6283    -0.0841    346.296    26.6663    31.1227    10.4089    10.4064    4910.40    34.7242     0.3515     0.5023      5.606     15.698      7.559  0.000e+00
    953.000    348.428   3.835947     0.6283    -0.0563    346.222    26.6672    31.1236    10.4086    10.4061    4910.40    34.7253     0.3514     0.5022      5.604     15.694      7.561  0.000e+00
    953.250    348.391   3.835947     0.6273    -0.0682    346.185    26.6670    31.1234    10.4089    10.4064    4910.40    34.7251     0.3472     0.4962      5.537     15.507      7.559  0.000e+00
    953.500    348.403   3.835974     0.6289    -0.0762    346.197    26.6671    31.1234    10.4090    10.4065    4910.40    34.7252     0.3531     0.5046      5.631     15.769      7.562  0.000e+00
    953.750    348.453   3.835974     0.6275    -0.0643    346.247    26.6667    31.1231    10.4094    10.4069    4910.41    34.7248     0.3477     0.4968      5.544     15.526      7.561  0.000e+00
    954.000    348.527   3.835921     0.6279    -0.0543    346.320    26.6660    31.1224    10.4097    10.4072    4910.41    34.7240     0.3481     0.4975      5.552     15.548      7.556  0.000e+00
    954.250    348.633   3.835974     0.6283    -0.0643    346.425    26.6666    31.1229    10.4095    10.4070    4910.42    34.7246     0.3488     0.4985      5.563     15.578      7.561  0.000e+00
    954.500    348.750   3.835974     0.6279    -0.0861    346.542    26.6666    31.1230    10.4094    10.4069    4910.43    34.7247     0.3477     0.4969      5.545     15.529      7.559  0.000e+00
    954.750    348.850   3.835895     0.6274    -0.0464    346.641    26.6660    31.1224    10.4093    10.4068    4910.43    34.7239     0.3455     0.4938      5.510     15.431      7.558  0.000e+00
    955.000    348.905   3.835706     0.6275    -0.0563    346.696    26.6647    31.1211    10.4091    10.4066    4910.42    34.7221     0.3457     0.4941      5.514     15.441      7.563  0.000e+00
    955.250    348.905   3.835706     0.6283    -0.0603    346.696    26.6655    31.1218    10.4083    10.4058    4910.41    34.7229     0.3500     0.5002      5.581     15.631      7.559  0.000e+00
    955.500    348.856   3.835817     0.6276    -0.0762    346.647    26.6670    31.1234    10.4076    10.4051    4910.41    34.7247     0.3463     0.4948      5.522     15.464      7.560  0.000e+00
    955.750    348.769   3.835948     0.6283    -0.0722    346.561    26.6682    31.1245    10.4075    10.4050    4910.41    34.7262     0.3510     0.5016      5.598     15.676      7.561  0.000e+00
    956.000    348.633   3.836026     0.6279    -0.0623    346.425    26.6684    31.1247    10.4080    10.4055    4910.41    34.7266     0.3488     0.4984      5.562     15.576      7.561  0.000e+00
    956.250    348.466   3.836059     0.6276    -0.0524    346.259    26.6680    31.1243    10.4088    10.4063    4910.41    34.7262     0.3472     0.4961      5.537     15.505      7.561  0.000e+00
    956.500    348.317   3.836111     0.6275    -0.0702    346.112    26.6678    31.1241    10.4095    10.4070    4910.41    34.7262     0.3470     0.4960      5.535     15.499      7.563  0.000e+00
    956.750    348.168   3.836163     0.6283    -0.0702    345.964    26.6677    31.1240    10.4101    10.4076    4910.41    34.7262     0.3509     0.5015      5.597     15.673      7.560  0.000e+00
    957.000    348.081   3.836268     0.6279    -0.0543    345.878    26.6679    31.1242    10.4108    10.4083    4910.41    34.7266     0.3486     0.4982      5.560     15.570      7.559  0.000e+00
    957.250    348.050   3.836294     0.6283    -0.0841    345.847    26.6674    31.1236    10.4116    10.4091    4910.42    34.7261     0.3502     0.5005      5.585     15.640      7.558  0.000e+00
    957.500    348.106   3.836189     0.6283    -0.0781    345.902    26.6659    31.1222    10.4123    10.4098    4910.42    34.7244     0.3509     0.5015      5.597     15.673      7.561  0.000e+00
    957.750    348.230   3.836111     0.6283    -0.0543    346.026    26.6651    31.1214    10.4124    10.4099    4910.43    34.7234     0.3512     0.5018      5.601     15.683      7.560  0.000e+00
    958.000    348.435   3.836000     0.6286    -0.0702    346.229    26.6646    31.1208    10.4120    10.4095    4910.43    34.7226     0.3532     0.5048      5.633     15.774      7.558  0.000e+00
    958.250    348.639   3.835921     0.6279    -0.0722    346.432    26.6646    31.1209    10.4112    10.4087    4910.43    34.7224     0.3502     0.5004      5.585     15.639      7.559  0.000e+00
    958.500    348.856   3.835791     0.6277    -0.0781    346.647    26.6643    31.1206    10.4104    10.4079    4910.43    34.7219     0.3483     0.4978      5.555     15.556      7.560  0.000e+00
    958.750    349.024   3.835490     0.6286    -0.0702    346.814    26.6628    31.1192    10.4093    10.4068    4910.42    34.7197     0.3509     0.5015      5.597     15.673      7.560  0.000e+00
    959.000    349.136   3.835117     0.6280    -0.0781    346.924    26.6614    31.1179    10.4076    10.4051    4910.40    34.7176     0.3490     0.4988      5.566     15.588      7.560  0.000e+00
    959.250    349.148   3.834980     0.6274    -0.0643    346.937    26.6629    31.1194    10.4047    10.4023    4910.37    34.7189     0.3453     0.4935      5.507     15.423      7.561  0.000e+00
    959.500    349.036   3.835464     0.6281    -0.0781    346.826    26.6690    31.1255    10.4023    10.3998    4910.36    34.7262     0.3481     0.4975      5.551     15.547      7.560  0.000e+00
    959.750    348.851   3.835758     0.6283    -0.0722    346.642    26.6714    31.1279    10.4023    10.3998    4910.37    34.7292     0.3492     0.4990      5.568     15.593      7.560  0.000e+00
    960.000    348.609   3.835921     0.6280    -0.0702    346.401    26.6712    31.1276    10.4040    10.4015    4910.37    34.7293     0.3486     0.4982      5.559     15.570      7.560  0.000e+00
    960.250    348.348   3.836059     0.6280    -0.0623    346.143    26.6704    31.1267    10.4062    10.4037    4910.38    34.7288     0.3494     0.4994      5.572     15.605      7.558  0.000e+00
    960.500    348.125   3.836085     0.6279    -0.0781    345.921    26.6689    31.1252    10.4081    10.4056    4910.39    34.7273     0.3485     0.4980      5.557     15.562      7.562  0.000e+00
    960.750    347.939   3.836163     0.6283    -0.0682    345.737    26.6684    31.1247    10.4094    10.4069    4910.39    34.7269     0.3497     0.4997      5.576     15.616      7.559  0.000e+00
    961.000    347.828   3.836163     0.6276    -0.0643    345.626    26.6674    31.1236    10.4106    10.4081    4910.39    34.7259     0.3478     0.4970      5.546     15.532      7.560  0.000e+00
    961.250    347.846   3.836137     0.6280    -0.0643    345.645    26.6665    31.1228    10.4112    10.4087    4910.40    34.7250     0.3493     0.4992      5.571     15.602      7.557  0.000e+00
    961.500    347.939   3.836111     0.6276    -0.0623    345.737    26.6660    31.1222    10.4116    10.4091    4910.41    34.7243     0.3466     0.4954      5.528     15.480      7.559  0.000e+00
    961.750    348.125   3.836111     0.6280    -0.0623    345.922    26.6660    31.1223    10.4115    10.4090    4910.42    34.7243     0.3483     0.4977      5.554     15.553      7.561  0.000e+00
    962.000    348.336   3.836111     0.6284    -0.0603    346.131    26.6661    31.1224    10.4113    10.4088    4910.42    34.7244     0.3507     0.5012      5.593     15.662      7.561  0.000e+00
    962.250    348.566   3.835974     0.6275    -0.0702    346.359    26.6649    31.1212    10.4113    10.4088    4910.43    34.7229     0.3468     0.4956      5.531     15.489      7.560  0.000e+00
    962.500    348.733   3.835817     0.6276    -0.0603    346.525    26.6643    31.1206    10.4106    10.4081    4910.43    34.7219     0.3471     0.4961      5.536     15.504      7.560  0.000e+00
    962.750    348.845   3.835627     0.6283    -0.0722    346.636    26.6637    31.1200    10.4096    10.4071    4910.42    34.7209     0.3502     0.5004      5.584     15.639      7.560  0.000e+00
    963.000    348.894   3.835516     0.6278    -0.0623    346.685    26.6642    31.1205    10.4081    10.4056    4910.40    34.7212     0.3486     0.4982      5.560     15.570      7.560  0.000e+00
    963.250    348.851   3.835680     0.6279    -0.0643    346.642    26.6668    31.1232    10.4066    10.4041    4910.40    34.7243     0.3485     0.4980      5.557     15.563      7.561  0.000e+00
    963.500    348.764   3.835921     0.6277    -0.0722    346.556    26.6690    31.1254    10.4063    10.4038    4910.40    34.7271     0.3478     0.4971      5.547     15.534      7.558  0.000e+00
    963.750    348.616   3.836000     0.6282    -0.0682    346.408    26.6689    31.1253    10.4071    10.4046    4910.40    34.7271     0.3495     0.4994      5.573     15.606      7.558  0.000e+00
    964.000    348.498   3.836085     0.6283    -0.0623    346.291    26.6687    31.1250    10.4082    10.4057    4910.41    34.7270     0.3507     0.5011      5.592     15.661      7.561  0.000e+00
    964.250    348.392   3.836137     0.6283    -0.0682    346.187    26.6681    31.1244    10.4093    10.4068    4910.41    34.7265     0.3515     0.5023      5.606     15.698      7.559  0.000e+00
    964.500    348.318   3.836163     0.6278    -0.0762    346.113    26.6673    31.1236    10.4104    10.4079    4910.42    34.7258     0.3488     0.4985      5.563     15.580      7.561  0.000e+00
