cruises/baja2025/cnv/20250504_cast3.cnv
* Sea-Bird SBE19plus Data File:
* FileName = C:\Users\ScienceTech\OneDrive - Western Flyer Foundation\Desktop\ProfilingCTD\data\Leg 3\20250504_PP300_cast1.hex
* Software Version 1.59
* Temperature SN =  8289
* Conductivity SN =  8289
* System UpLoad Time = May 04 2025 19:30:24
** start 2046Z
** PP300
** 27-31.09N
** 112-18.69
** depth 366
# nquan = 18
# nvalues = 6113                                  
# units = specified
# name 0 = timeS: Time, Elapsed [seconds]
# name 1 = prdM: Pressure, Strain Gauge [db]
# name 2 = c0S/m: Conductivity [S/m]
# name 3 = sbeox0V: Oxygen raw, SBE 43 [V]
# name 4 = flECO-AFL: Fluorescence, WET Labs ECO-AFL/FL [mg/m^3]
# name 5 = depSM: Depth [salt water, m], lat = 0.00
# name 6 = sigma-t00: Density [sigma-t, kg/m^3 ]
# name 7 = sigma-100: Density [sigma-1, kg/m^3 ]
# name 8 = tv268C: Temperature [IPTS-68, deg C]
# name 9 = tv290C: Temperature [ITS-90, deg C]
# name 10 = svCF: Sound Velocity [Chen-Millero, ft/s]
# name 11 = sal00: Salinity, Practical [PSU]
# name 12 = sbeox0ML/L: Oxygen, SBE 43 [ml/l]
# name 13 = sbeox0Mg/L: Oxygen, SBE 43 [mg/l]
# name 14 = sbeox0PS: Oxygen, SBE 43 [% saturation]
# name 15 = sbeox0Mm/L: Oxygen, SBE 43 [umol/l]
# name 16 = ph: pH
# name 17 = flag:  0.000e+00
# span 0 =      0.000,   1528.000                 
# span 1 =     -0.207,    357.615                 
# span 2 =   0.041140,   4.922423                 
# span 3 =     0.8460,     2.9791                 
# span 4 =    -0.1734,   128.7535                 
# span 5 =     -0.206,    355.343                 
# span 6 =    -3.2147,    26.5546                 
# span 7 =     1.1726,    30.9881                 
# span 8 =    11.5260,    26.5501                 
# span 9 =    11.5233,    26.5438                 
# span 10 =    4860.84,    5010.09                
# span 11 =     0.1926,    36.4074                
# span 12 =     1.0768,     7.4316                
# span 13 =     1.5388,    10.6205                
# span 14 =     17.607,    130.889                
# span 15 =     48.089,    331.895                
# span 16 =      6.884,      8.540                
# span 17 = 0.0000e+00, 0.0000e+00                
# interval = seconds: 0.25
# start_time = May 04 2025 13:45:34 [Instrument's time stamp, header]
# bad_flag = -9.990e-29
*END*
[from data line 965]
    241.250      5.771   4.732619     2.8436     1.7508      5.739    25.2722    29.5576    19.0233    19.0187    4984.24    35.3346     6.4962     9.2837    123.528    290.121      8.188  0.000e+00
    241.500      5.858   4.733375     2.8439     1.2549      5.825    25.2741    29.5594    19.0264    19.0219    4984.29    35.3382     6.4982     9.2865    123.575    290.209      8.185  0.000e+00
    241.750      5.975   4.732455     2.8433     1.2549      5.942    25.2639    29.5492    19.0312    19.0266    4984.29    35.3264     6.4930     9.2791    123.478    289.975      8.187  0.000e+00
    242.000      6.093   4.731756     2.8436     1.2648      6.059    25.2590    29.5444    19.0316    19.0271    4984.28    35.3201     6.4884     9.2726    123.388    289.773      8.185  0.000e+00
    242.250      6.236   4.731094     2.8438     1.2668      6.201    25.2571    29.5425    19.0290    19.0244    4984.25    35.3168     6.4833     9.2652    123.282    289.542      8.185  0.000e+00
    242.500      6.341   4.729476     2.8439     1.2727      6.306    25.2515    29.5372    19.0236    19.0191    4984.17    35.3077     6.4796     9.2600    123.193    289.379      8.185  0.000e+00
    242.750      6.403   4.730011     2.8434     1.3342      6.368    25.2614    29.5470    19.0165    19.0120    4984.15    35.3182     6.4743     9.2524    123.084    289.142      8.187  0.000e+00
    243.000      6.409   4.729348     2.8444     1.3362      6.374    25.2624    29.5482    19.0107    19.0062    4984.09    35.3176     6.4765     9.2556    123.113    289.243      8.184  0.000e+00
    243.250      6.378   4.729954     2.8452     1.3362      6.343    25.2708    29.5566    19.0057    19.0012    4984.08    35.3270     6.4795     9.2598    123.164    289.373      8.185  0.000e+00
    243.500      6.304   4.730930     2.8453     1.3342      6.269    25.2792    29.5649    19.0035    18.9989    4984.09    35.3371     6.4802     9.2609    123.180    289.406      8.186  0.000e+00
    243.750      6.198   4.730966     2.8442     1.3541      6.164    25.2769    29.5626    19.0063    19.0017    4984.11    35.3351     6.4768     9.2560    123.120    289.253      8.185  0.000e+00
    244.000      6.087   4.731158     2.8439     1.3660      6.054    25.2748    29.5604    19.0100    19.0054    4984.13    35.3335     6.4746     9.2528    123.085    289.154      8.184  0.000e+00
    244.250      5.976   4.731251     2.8430     1.3620      5.943    25.2732    29.5588    19.0124    19.0079    4984.14    35.3323     6.4703     9.2467    123.009    288.964      8.188  0.000e+00
    244.500      5.864   4.731664     2.8400     1.3580      5.832    25.2739    29.5594    19.0146    19.0101    4984.16    35.3339     6.4584     9.2298    122.790    288.434      8.186  0.000e+00
    244.750      5.784   4.731885     2.8367     1.3223      5.752    25.2730    29.5585    19.0172    19.0126    4984.18    35.3336     6.4441     9.2092    122.522    287.791      8.187  0.000e+00
    245.000      5.734   4.732234     2.8335     1.3402      5.703    25.2728    29.5582    19.0199    19.0153    4984.21    35.3342     6.4287     9.1872    122.235    287.104      8.185  0.000e+00
    245.250      5.703   4.732619     2.8332     1.3243      5.672    25.2728    29.5583    19.0225    19.0180    4984.23    35.3352     6.4240     9.1806    122.154    286.897      8.184  0.000e+00
    245.500      5.728   4.732997     2.8345     1.3362      5.696    25.2720    29.5574    19.0261    19.0215    4984.27    35.3354     6.4271     9.1849    122.220    287.032      8.186  0.000e+00
    245.750      5.784   4.735342     2.8362     1.3263      5.752    25.2832    29.5684    19.0303    19.0258    4984.37    35.3514     6.4335     9.1941    122.364    287.320      8.185  0.000e+00
    246.000      5.889   4.734301     2.8385     1.1974      5.857    25.2676    29.5528    19.0401    19.0355    4984.40    35.3343     6.4444     9.2097    122.581    287.807      8.186  0.000e+00
    246.250      6.013   4.733474     2.8386     1.1855      5.980    25.2569    29.5421    19.0460    19.0414    4984.42    35.3223     6.4502     9.2180    122.696    288.067      8.188  0.000e+00
    246.500      6.156   4.731913     2.8377     1.1775      6.122    25.2479    29.5331    19.0449    19.0403    4984.37    35.3101     6.4540     9.2234    122.757    288.235      8.184  0.000e+00
    246.750      6.279   4.730174     2.8388     1.1855      6.245    25.2431    29.5285    19.0379    19.0333    4984.28    35.3015     6.4628     9.2360    122.902    288.630      8.184  0.000e+00
    247.000      6.391   4.729633     2.8410     1.1478      6.356    25.2505    29.5361    19.0259    19.0213    4984.20    35.3071     6.4738     9.2518    123.088    289.121      8.183  0.000e+00
    247.250      6.428   4.729441     2.8420     1.1636      6.393    25.2591    29.5448    19.0150    19.0104    4984.13    35.3148     6.4784     9.2582    123.155    289.324      8.185  0.000e+00
    247.500      6.422   4.729605     2.8423     1.1577      6.387    25.2670    29.5528    19.0075    19.0029    4984.08    35.3226     6.4790     9.2592    123.156    289.354      8.186  0.000e+00
    247.750      6.367   4.730424     2.8423     1.1517      6.331    25.2758    29.5616    19.0036    18.9990    4984.08    35.3328     6.4778     9.2574    123.131    289.298      8.185  0.000e+00
    248.000      6.273   4.730809     2.8413     1.3283      6.239    25.2776    29.5633    19.0044    18.9998    4984.09    35.3354     6.4728     9.2503    123.041    289.077      8.185  0.000e+00
    248.250      6.156   4.730745     2.8406     1.3283      6.122    25.2746    29.5603    19.0073    19.0027    4984.10    35.3324     6.4690     9.2449    122.972    288.906      8.184  0.000e+00
    248.500      6.038   4.731443     2.8400     1.3283      6.005    25.2768    29.5624    19.0098    19.0053    4984.13    35.3361     6.4649     9.2391    122.904    288.724      8.184  0.000e+00
    248.750      5.946   4.732455     2.8420     1.3362      5.913    25.2802    29.5658    19.0132    19.0086    4984.18    35.3418     6.4682     9.2436    122.977    288.868      8.187  0.000e+00
    249.000      5.859   4.732840     2.8440     1.3442      5.827    25.2774    29.5629    19.0190    19.0144    4984.22    35.3401     6.4729     9.2504    123.078    289.078      8.186  0.000e+00
    249.250      5.797   4.733089     2.8473     1.1398      5.765    25.2736    29.5590    19.0250    19.0204    4984.27    35.3371     6.4847     9.2673    123.315    289.608      8.185  0.000e+00
    249.500      5.772   4.733310     2.8499     1.1458      5.740    25.2708    29.5561    19.0296    19.0251    4984.30    35.3350     6.4959     9.2833    123.537    290.107      8.185  0.000e+00
    249.750      5.784   4.734173     2.8482     1.1577      5.753    25.2734    29.5586    19.0329    19.0283    4984.35    35.3394     6.4931     9.2793    123.494    289.981      8.185  0.000e+00
    250.000      5.815   4.735691     2.8469     1.1517      5.783    25.2783    29.5634    19.0382    19.0336    4984.43    35.3476     6.4890     9.2735    123.435    289.801      8.187  0.000e+00
    250.250      5.896   4.736205     2.8455     1.0704      5.864    25.2737    29.5587    19.0468    19.0422    4984.50    35.3445     6.4823     9.2638    123.324    289.499      8.185  0.000e+00
    250.500      5.970   4.734458     2.8465     1.0704      5.938    25.2551    29.5401    19.0550    19.0504    4984.50    35.3229     6.4822     9.2637    123.326    289.496      8.181  0.000e+00
    250.750      6.076   4.734265     2.8482     1.0585      6.042    25.2535    29.5385    19.0554    19.0508    4984.50    35.3209     6.4841     9.2664    123.360    289.578      8.184  0.000e+00
    251.000      6.187   4.733980     2.8480     1.0565      6.153    25.2548    29.5398    19.0519    19.0473    4984.48    35.3214     6.4814     9.2625    123.302    289.459      8.187  0.000e+00
    251.250      6.268   4.732391     2.8467     1.0883      6.233    25.2475    29.5326    19.0487    19.0441    4984.42    35.3108     6.4754     9.2540    123.173    289.192      8.184  0.000e+00
    251.500      6.324   4.731792     2.8456     1.0883      6.289    25.2499    29.5352    19.0418    19.0372    4984.36    35.3117     6.4720     9.2491    123.093    289.039      8.185  0.000e+00
    251.750      6.349   4.731885     2.8477     1.0883      6.314    25.2580    29.5434    19.0335    19.0290    4984.31    35.3195     6.4813     9.2624    123.257    289.454      8.185  0.000e+00
    252.000      6.343   4.732206     2.8473     1.0962      6.308    25.2647    29.5501    19.0284    19.0239    4984.29    35.3265     6.4816     9.2628    123.255    289.466      8.184  0.000e+00
    252.250      6.293   4.732619     2.8477     1.1795      6.258    25.2688    29.5542    19.0268    19.0222    4984.29    35.3314     6.4831     9.2649    123.284    289.534      8.184  0.000e+00
    252.500      6.218   4.733218     2.8464     1.1835      6.184    25.2718    29.5572    19.0277    19.0231    4984.31    35.3356     6.4776     9.2572    123.186    289.291      8.186  0.000e+00
    252.750      6.132   4.733760     2.8455     1.1835      6.098    25.2727    29.5580    19.0306    19.0261    4984.34    35.3377     6.4729     9.2505    123.104    289.081      8.188  0.000e+00
    253.000      6.051   4.733852     2.8461     1.1736      6.018    25.2697    29.5549    19.0346    19.0301    4984.36    35.3351     6.4745     9.2528    123.142    289.153      8.187  0.000e+00
    253.250      5.977   4.734237     2.8439     1.1696      5.944    25.2689    29.5541    19.0382    19.0336    4984.39    35.3354     6.4669     9.2419    123.006    288.813      8.186  0.000e+00
    253.500      5.940   4.734551     2.8419     1.2727      5.907    25.2679    29.5530    19.0415    19.0370    4984.42    35.3351     6.4580     9.2291    122.843    288.412      8.185  0.000e+00
    253.750      5.922   4.734936     2.8440     1.2688      5.889    25.2674    29.5525    19.0448    19.0402    4984.45    35.3356     6.4621     9.2350    122.929    288.596      8.183  0.000e+00
    254.000      5.909   4.735157     2.8416     1.2727      5.877    25.2658    29.5508    19.0482    19.0436    4984.48    35.3346     6.4539     9.2232    122.780    288.230      8.187  0.000e+00
    254.250      5.921   4.735285     2.8394     1.2608      5.889    25.2637    29.5487    19.0513    19.0468    4984.50    35.3329     6.4458     9.2117    122.632    287.870      8.185  0.000e+00
    254.500      5.946   4.735727     2.8399     1.1736      5.914    25.2641    29.5491    19.0540    19.0494    4984.53    35.3344     6.4469     9.2133    122.661    287.920      8.185  0.000e+00
    254.750      5.977   4.735884     2.8386     1.1775      5.944    25.2626    29.5475    19.0568    19.0522    4984.56    35.3333     6.4426     9.2072    122.584    287.727      8.186  0.000e+00
    255.000      6.039   4.735634     2.8385     1.1736      6.006    25.2583    29.5432    19.0597    19.0551    4984.57    35.3287     6.4424     9.2068    122.583    287.717      8.183  0.000e+00
    255.250      6.082   4.734586     2.8364     1.1795      6.049    25.2508    29.5358    19.0605    19.0560    4984.55    35.3192     6.4374     9.1996    122.482    287.492      8.186  0.000e+00
    255.500      6.126   4.734643     2.8375     1.0506      6.092    25.2543    29.5393    19.0571    19.0525    4984.53    35.3226     6.4416     9.2057    122.558    287.683      8.185  0.000e+00
    255.750      6.150   4.734615     2.8377     1.0645      6.116    25.2573    29.5423    19.0536    19.0491    4984.51    35.3253     6.4431     9.2078    122.580    287.747      8.187  0.000e+00
    256.000      6.138   4.734522     2.8391     1.0625      6.104    25.2584    29.5435    19.0517    19.0471    4984.49    35.3261     6.4510     9.2191    122.727    288.101      8.187  0.000e+00
    256.250      6.120   4.734586     2.8396     1.0526      6.086    25.2600    29.5450    19.0504    19.0459    4984.49    35.3278     6.4556     9.2256    122.812    288.305      8.186  0.000e+00
    256.500      6.089   4.734643     2.8386     1.0684      6.055    25.2609    29.5460    19.0498    19.0452    4984.48    35.3288     6.4534     9.2225    122.770    288.208      8.185  0.000e+00
    256.750      6.045   4.734807     2.8384     1.1835      6.012    25.2621    29.5471    19.0497    19.0451    4984.48    35.3303     6.4541     9.2235    122.784    288.239      8.185  0.000e+00
    257.000      6.033   4.735092     2.8391     1.1914      6.000    25.2633    29.5484    19.0503    19.0458    4984.50    35.3321     6.4566     9.2272    122.835    288.354      8.185  0.000e+00
    257.250      6.033   4.735442     2.8410     1.1914      6.000    25.2644    29.5494    19.0516    19.0471    4984.52    35.3340     6.4637     9.2373    122.974    288.668      8.189  0.000e+00
    257.500      6.058   4.735506     2.8425     1.1795      6.025    25.2626    29.5475    19.0541    19.0495    4984.53    35.3324     6.4683     9.2438    123.065    288.872      8.185  0.000e+00
    257.750      6.083   4.735377     2.8430     1.0883      6.049    25.2598    29.5447    19.0563    19.0517    4984.54    35.3294     6.4706     9.2471    123.112    288.977      8.185  0.000e+00
    258.000      6.114   4.734707     2.8433     1.0942      6.080    25.2548    29.5398    19.0570    19.0524    4984.53    35.3232     6.4721     9.2493    123.138    289.044      8.186  0.000e+00
    258.250      6.157   4.734550     2.8439     1.0883      6.123    25.2555    29.5405    19.0552    19.0506    4984.52    35.3234     6.4752     9.2537    123.193    289.182      8.186  0.000e+00
    258.500      6.151   4.734586     2.8448     1.0902      6.117    25.2583    29.5434    19.0523    19.0477    4984.50    35.3262     6.4791     9.2593    123.263    289.358      8.187  0.000e+00
    258.750      6.145   4.734486     2.8439     1.2232      6.111    25.2588    29.5439    19.0510    19.0464    4984.49    35.3265     6.4759     9.2547    123.199    289.214      8.186  0.000e+00
    259.000      6.120   4.734772     2.8442     1.2152      6.087    25.2617    29.5467    19.0499    19.0453    4984.49    35.3298     6.4749     9.2533    123.180    289.170      8.184  0.000e+00
    259.250      6.108   4.735442     2.8441     1.2152      6.075    25.2660    29.5511    19.0498    19.0452    4984.51    35.3355     6.4719     9.2490    123.127    289.036      8.184  0.000e+00
    259.500      6.071   4.735820     2.8451     1.2212      6.038    25.2661    29.5510    19.0524    19.0479    4984.53    35.3364     6.4734     9.2511    123.162    289.100      8.185  0.000e+00
    259.750      6.040   4.735634     2.8473     1.2112      6.007    25.2617    29.5466    19.0560    19.0514    4984.55    35.3318     6.4806     9.2615    123.305    289.425      8.183  0.000e+00
    260.000      6.053   4.735727     2.8516     1.0883      6.019    25.2601    29.5450    19.0584    19.0538    4984.57    35.3306     6.4960     9.2835    123.602    290.112      8.185  0.000e+00
    260.250      6.034   4.735948     2.8552     1.0704      6.001    25.2606    29.5455    19.0594    19.0548    4984.58    35.3316     6.5108     9.3046    123.886    290.772      8.190  0.000e+00
    260.500      6.047   4.736012     2.8522     1.0942      6.014    25.2599    29.5447    19.0606    19.0561    4984.59    35.3310     6.5038     9.2945    123.755    290.458      8.184  0.000e+00
    260.750      6.053   4.736048     2.8517     1.1021      6.020    25.2587    29.5436    19.0622    19.0576    4984.60    35.3300     6.5025     9.2927    123.733    290.400      8.185  0.000e+00
    261.000      6.084   4.736012     2.8496     1.3997      6.051    25.2576    29.5425    19.0631    19.0585    4984.61    35.3289     6.4937     9.2802    123.568    290.010      8.184  0.000e+00
