cruises/baja2025/cnv/20250429.cnv
* Sea-Bird SBE19plus Data File:
* FileName = C:\Users\ScienceTech\OneDrive - Western Flyer Foundation\Documents\Profiling CTD\20250429_Mulege_cast1.hex
* Software Version 1.59
* Temperature SN =  8289
* Conductivity SN =  8289
* System UpLoad Time = Apr 30 2025 09:07:20
** Resampling Cayuse GG-103 ("Mulege")
** SB Cast 29
** WF Cast 14
# nquan = 18
# nvalues = 5721                                  
# units = specified
# name 0 = timeS: Time, Elapsed [seconds]
# name 1 = prdM: Pressure, Strain Gauge [db]
# name 2 = c0S/m: Conductivity [S/m]
# name 3 = sbeox0V: Oxygen raw, SBE 43 [V]
# name 4 = flECO-AFL: Fluorescence, WET Labs ECO-AFL/FL [mg/m^3]
# name 5 = depSM: Depth [salt water, m], lat = 0.00
# name 6 = sigma-t00: Density [sigma-t, kg/m^3 ]
# name 7 = sigma-100: Density [sigma-1, kg/m^3 ]
# name 8 = tv268C: Temperature [IPTS-68, deg C]
# name 9 = tv290C: Temperature [ITS-90, deg C]
# name 10 = svCF: Sound Velocity [Chen-Millero, ft/s]
# name 11 = sal00: Salinity, Practical [PSU]
# name 12 = sbeox0ML/L: Oxygen, SBE 43 [ml/l]
# name 13 = sbeox0Mg/L: Oxygen, SBE 43 [mg/l]
# name 14 = sbeox0PS: Oxygen, SBE 43 [% saturation]
# name 15 = sbeox0Mm/L: Oxygen, SBE 43 [umol/l]
# name 16 = ph: pH
# name 17 = flag:  0.000e+00
# span 0 =      0.000,   1430.000                 
# span 1 =     -0.134,    335.360                 
# span 2 =   0.000305,   5.067635                 
# span 3 =     0.5672,     3.1733                 
# span 4 =    -0.1694,   128.6979                 
# span 5 =     -0.133,    333.247                 
# span 6 =    -2.4035,    26.5530                 
# span 7 =     2.0451,    30.9923                 
# span 8 =    11.1998,    22.8042                 
# span 9 =    11.1971,    22.7988                 
# span 10 =    4877.74,    5011.38                
# span 11 =     0.0114,    35.8293                
# span 12 =     0.1234,     7.4792                
# span 13 =     0.1763,    10.6885                
# span 14 =      2.001,    140.986                
# span 15 =      5.509,    334.022                
# span 16 =      7.343,      8.215                
# span 17 = 0.0000e+00, 0.0000e+00                
# interval = seconds: 0.25
# start_time = Apr 29 2025 17:52:47 [Instrument's time stamp, header]
# bad_flag = -9.990e-29
*END*
[from data line 3297]
    824.250    320.121   3.912377     0.5697    -0.0643    318.116    26.5166    30.9557    11.2338    11.2311    4918.39    34.7215     0.1352     0.1932      2.194      6.037      7.604  0.000e+00
    824.500    320.270   3.912272     0.5688    -0.0781    318.264    26.5232    30.9625    11.2256    11.2229    4918.33    34.7281     0.1325     0.1893      2.150      5.916      7.605  0.000e+00
    824.750    320.413   3.911942     0.5688    -0.0603    318.406    26.5264    30.9658    11.2193    11.2166    4918.27    34.7307     0.1324     0.1893      2.149      5.914      7.606  0.000e+00
    825.000    320.531   3.911969     0.5679    -0.0702    318.523    26.5307    30.9702    11.2147    11.2121    4918.25    34.7352     0.1281     0.1830      2.078      5.720      7.605  0.000e+00
    825.250    320.655   3.912022     0.5677    -0.0702    318.646    26.5339    30.9733    11.2117    11.2090    4918.23    34.7385     0.1264     0.1807      2.051      5.646      7.604  0.000e+00
    825.500    320.748   3.911995     0.5672    -0.0623    318.739    26.5349    30.9744    11.2103    11.2076    4918.22    34.7395     0.1234     0.1763      2.001      5.509      7.604  0.000e+00
    825.750    320.853   3.911943     0.5675    -0.0781    318.843    26.5351    30.9746    11.2096    11.2069    4918.22    34.7396     0.1249     0.1785      2.027      5.578      7.604  0.000e+00
    826.000    320.959   3.911943     0.5672    -0.0623    318.948    26.5357    30.9752    11.2089    11.2062    4918.22    34.7402     0.1234     0.1763      2.002      5.510      7.607  0.000e+00
    826.250    321.071   3.911969     0.5677    -0.0623    319.059    26.5360    30.9755    11.2088    11.2061    4918.23    34.7406     0.1271     0.1816      2.062      5.676      7.603  0.000e+00
    826.500    321.207   3.911969     0.5686    -0.0563    319.194    26.5364    30.9759    11.2083    11.2056    4918.23    34.7410     0.1336     0.1909      2.167      5.965      7.607  0.000e+00
    826.750    321.337   3.911943     0.5686    -0.0682    319.324    26.5362    30.9757    11.2083    11.2056    4918.24    34.7407     0.1359     0.1942      2.204      6.068      7.604  0.000e+00
    827.000    321.480   3.911943     0.5685    -0.0563    319.465    26.5362    30.9757    11.2082    11.2055    4918.24    34.7407     0.1379     0.1970      2.237      6.157      7.605  0.000e+00
    827.250    321.623   3.911917     0.5696    -0.0623    319.607    26.5362    30.9757    11.2079    11.2053    4918.25    34.7406     0.1438     0.2056      2.334      6.424      7.605  0.000e+00
    827.500    321.771   3.911917     0.5691    -0.0563    319.755    26.5365    30.9760    11.2076    11.2049    4918.25    34.7409     0.1427     0.2039      2.314      6.371      7.605  0.000e+00
    827.750    321.895   3.911917     0.5698    -0.0623    319.878    26.5367    30.9763    11.2072    11.2046    4918.26    34.7412     0.1454     0.2078      2.359      6.494      7.604  0.000e+00
    828.000    322.044   3.911917     0.5705    -0.0781    320.026    26.5370    30.9766    11.2069    11.2042    4918.26    34.7414     0.1491     0.2131      2.419      6.659      7.604  0.000e+00
    828.250    322.181   3.911891     0.5701    -0.0801    320.161    26.5369    30.9765    11.2067    11.2040    4918.27    34.7413     0.1467     0.2097      2.381      6.554      7.605  0.000e+00
    828.500    322.330   3.911917     0.5712    -0.0702    320.309    26.5373    30.9769    11.2065    11.2038    4918.27    34.7417     0.1507     0.2154      2.445      6.731      7.606  0.000e+00
    828.750    322.460   3.911917     0.5718    -0.0702    320.438    26.5374    30.9770    11.2063    11.2036    4918.28    34.7418     0.1542     0.2204      2.502      6.887      7.606  0.000e+00
    829.000    322.596   3.911891     0.5721    -0.0781    320.574    26.5371    30.9767    11.2064    11.2037    4918.29    34.7414     0.1560     0.2230      2.531      6.967      7.606  0.000e+00
    829.250    322.727   3.911858     0.5725    -0.0682    320.703    26.5370    30.9766    11.2062    11.2035    4918.29    34.7412     0.1573     0.2248      2.552      7.026      7.606  0.000e+00
    829.500    322.857   3.911917     0.5726    -0.0702    320.832    26.5378    30.9774    11.2057    11.2030    4918.30    34.7422     0.1581     0.2259      2.565      7.061      7.604  0.000e+00
    829.750    322.956   3.911917     0.5724    -0.0623    320.931    26.5379    30.9775    11.2056    11.2029    4918.30    34.7423     0.1561     0.2230      2.532      6.970      7.604  0.000e+00
    830.000    323.055   3.911944     0.5732    -0.0920    321.029    26.5379    30.9775    11.2058    11.2031    4918.31    34.7423     0.1582     0.2261      2.567      7.067      7.604  0.000e+00
    830.250    323.167   3.911917     0.5740    -0.0702    321.140    26.5375    30.9771    11.2060    11.2033    4918.31    34.7418     0.1619     0.2313      2.626      7.229      7.604  0.000e+00
    830.500    323.260   3.911944     0.5734    -0.0623    321.233    26.5378    30.9774    11.2058    11.2032    4918.32    34.7421     0.1576     0.2252      2.556      7.037      7.605  0.000e+00
    830.750    323.409   3.911970     0.5746    -0.0702    321.380    26.5378    30.9774    11.2060    11.2033    4918.33    34.7422     0.1621     0.2317      2.631      7.242      7.605  0.000e+00
    831.000    323.551   3.911964     0.5747    -0.0643    321.522    26.5375    30.9771    11.2062    11.2035    4918.34    34.7419     0.1631     0.2331      2.646      7.285      7.605  0.000e+00
    831.250    323.725   3.911970     0.5754    -0.0623    321.695    26.5375    30.9772    11.2061    11.2034    4918.35    34.7419     0.1664     0.2378      2.700      7.432      7.602  0.000e+00
    831.500    323.886   3.911891     0.5751    -0.0702    321.855    26.5369    30.9765    11.2061    11.2034    4918.35    34.7411     0.1654     0.2364      2.683      7.387      7.605  0.000e+00
    831.750    324.066   3.911858     0.5761    -0.0702    322.033    26.5368    30.9765    11.2058    11.2032    4918.36    34.7410     0.1695     0.2422      2.749      7.568      7.604  0.000e+00
    832.000    324.271   3.911858     0.5760    -0.0623    322.237    26.5373    30.9769    11.2053    11.2026    4918.36    34.7414     0.1680     0.2401      2.725      7.502      7.602  0.000e+00
    832.250    324.457   3.911858     0.5748    -0.0781    322.421    26.5378    30.9775    11.2047    11.2020    4918.37    34.7419     0.1617     0.2310      2.623      7.220      7.604  0.000e+00
    832.500    324.655   3.911918     0.5757    -0.0841    322.618    26.5387    30.9784    11.2041    11.2014    4918.38    34.7429     0.1642     0.2346      2.663      7.332      7.608  0.000e+00
    832.750    324.835   3.912188     0.5767    -0.0702    322.797    26.5408    30.9805    11.2040    11.2013    4918.40    34.7456     0.1672     0.2390      2.713      7.468      7.606  0.000e+00
    833.000    324.990   3.912795     0.5763    -0.0643    322.951    26.5446    30.9843    11.2049    11.2022    4918.44    34.7508     0.1656     0.2367      2.687      7.397      7.604  0.000e+00
    833.250    325.139   3.912795     0.5769    -0.0702    323.099    26.5428    30.9824    11.2068    11.2041    4918.46    34.7488     0.1676     0.2395      2.719      7.484      7.603  0.000e+00
    833.500    325.257   3.912960     0.5770    -0.0702    323.216    26.5422    30.9817    11.2089    11.2062    4918.49    34.7485     0.1688     0.2413      2.739      7.539      7.605  0.000e+00
    833.750    325.381   3.912933     0.5774    -0.0881    323.339    26.5406    30.9802    11.2103    11.2076    4918.50    34.7469     0.1703     0.2434      2.764      7.607      7.606  0.000e+00
    834.000    325.493   3.912874     0.5777    -0.0702    323.450    26.5395    30.9790    11.2110    11.2083    4918.51    34.7456     0.1729     0.2470      2.805      7.719      7.606  0.000e+00
    834.250    325.598   3.912986     0.5784    -0.0563    323.554    26.5400    30.9795    11.2113    11.2086    4918.52    34.7463     0.1768     0.2527      2.869      7.896      7.606  0.000e+00
    834.500    325.747   3.912960     0.5795    -0.0781    323.702    26.5394    30.9790    11.2117    11.2090    4918.53    34.7457     0.1808     0.2584      2.934      8.077      7.605  0.000e+00
    834.750    325.890   3.913289     0.5808    -0.0682    323.844    26.5418    30.9813    11.2118    11.2091    4918.56    34.7487     0.1872     0.2675      3.037      8.360      7.606  0.000e+00
    835.000    326.069   3.914799     0.5806    -0.0702    324.022    26.5525    30.9919    11.2128    11.2101    4918.63    34.7627     0.1884     0.2692      3.057      8.413      7.606  0.000e+00
    835.250    326.255   3.915162     0.5820    -0.0603    324.207    26.5518    30.9911    11.2166    11.2139    4918.68    34.7626     0.1948     0.2783      3.161      8.698      7.607  0.000e+00
    835.500    326.448   3.915294     0.5832    -0.0603    324.398    26.5480    30.9873    11.2217    11.2190    4918.74    34.7590     0.2009     0.2870      3.260      8.970      7.608  0.000e+00
    835.750    326.628   3.915518     0.5847    -0.0603    324.577    26.5464    30.9856    11.2253    11.2226    4918.79    34.7578     0.2085     0.2979      3.384      9.311      7.604  0.000e+00
    836.000    326.814   3.915162     0.5850    -0.0623    324.762    26.5412    30.9804    11.2279    11.2252    4918.80    34.7517     0.2104     0.3007      3.416      9.398      7.610  0.000e+00
    836.250    326.963   3.915024     0.5854    -0.0623    324.909    26.5395    30.9787    11.2285    11.2258    4918.81    34.7497     0.2116     0.3023      3.434      9.448      7.610  0.000e+00
    836.500    327.118   3.914912     0.5887    -0.0702    325.063    26.5394    30.9787    11.2276    11.2249    4918.81    34.7494     0.2250     0.3215      3.652     10.048      7.609  0.000e+00
    836.750    327.242   3.914859     0.5899    -0.0682    325.186    26.5398    30.9791    11.2267    11.2240    4918.80    34.7497     0.2315     0.3309      3.758     10.340      7.609  0.000e+00
    837.000    327.366   3.914635     0.5920    -0.0702    325.310    26.5391    30.9784    11.2255    11.2228    4918.79    34.7485     0.2427     0.3469      3.940     10.841      7.607  0.000e+00
    837.250    327.484   3.914470     0.5930    -0.0781    325.427    26.5388    30.9781    11.2244    11.2217    4918.78    34.7479     0.2474     0.3536      4.016     11.049      7.608  0.000e+00
    837.500    327.608   3.914529     0.5958    -0.0861    325.550    26.5406    30.9799    11.2230    11.2203    4918.78    34.7498     0.2599     0.3715      4.219     11.609      7.609  0.000e+00
    837.750    327.719   3.914497     0.5979    -0.0643    325.661    26.5414    30.9807    11.2218    11.2191    4918.78    34.7505     0.2705     0.3866      4.391     12.082      7.609  0.000e+00
    838.000    327.856   3.914470     0.5991    -0.0702    325.796    26.5416    30.9809    11.2213    11.2186    4918.78    34.7507     0.2769     0.3957      4.493     12.364      7.607  0.000e+00
    838.250    328.005   3.914391     0.6001    -0.0623    325.944    26.5413    30.9807    11.2209    11.2182    4918.78    34.7502     0.2802     0.4004      4.547     12.512      7.609  0.000e+00
    838.500    328.160   3.914306     0.6014    -0.0722    326.098    26.5410    30.9804    11.2204    11.2177    4918.78    34.7497     0.2818     0.4027      4.573     12.585      7.609  0.000e+00
    838.750    328.296   3.914418     0.6018    -0.0702    326.233    26.5425    30.9819    11.2197    11.2170    4918.79    34.7515     0.2808     0.4012      4.556     12.539      7.610  0.000e+00
    839.000    328.439   3.914227     0.6027    -0.0722    326.375    26.5412    30.9806    11.2194    11.2168    4918.78    34.7497     0.2805     0.4009      4.552     12.527      7.611  0.000e+00
    839.250    328.588   3.914227     0.6026    -0.0524    326.523    26.5417    30.9811    11.2188    11.2161    4918.79    34.7502     0.2757     0.3939      4.473     12.311      7.608  0.000e+00
    839.500    328.712   3.913976     0.6039    -0.0781    326.646    26.5402    30.9796    11.2183    11.2156    4918.78    34.7482     0.2757     0.3940      4.474     12.313      7.610  0.000e+00
    839.750    328.817   3.913455     0.6053    -0.0643    326.751    26.5369    30.9765    11.2174    11.2147    4918.76    34.7438     0.2788     0.3984      4.523     12.449      7.609  0.000e+00
    840.000    328.941   3.913343     0.6059    -0.0702    326.874    26.5385    30.9780    11.2147    11.2121    4918.74    34.7452     0.2807     0.4011      4.555     12.536      7.612  0.000e+00
    840.250    329.040   3.913403     0.6053    -0.0543    326.972    26.5410    30.9806    11.2124    11.2097    4918.73    34.7479     0.2762     0.3948      4.482     12.336      7.612  0.000e+00
    840.500    329.164   3.913403     0.6057    -0.0543    327.095    26.5422    30.9818    11.2111    11.2084    4918.73    34.7491     0.2761     0.3945      4.479     12.329      7.609  0.000e+00
    840.750    329.301   3.913264     0.6063    -0.0682    327.231    26.5417    30.9813    11.2105    11.2078    4918.72    34.7482     0.2775     0.3966      4.503     12.393      7.608  0.000e+00
    841.000    329.437   3.913403     0.6066    -0.0722    327.366    26.5431    30.9828    11.2100    11.2073    4918.73    34.7500     0.2769     0.3958      4.494     12.368      7.608  0.000e+00
    841.250    329.598   3.913152     0.6059    -0.0623    327.526    26.5415    30.9812    11.2096    11.2069    4918.73    34.7479     0.2726     0.3896      4.424     12.176      7.610  0.000e+00
    841.500    329.728   3.912579     0.6058    -0.0722    327.656    26.5377    30.9774    11.2089    11.2062    4918.71    34.7428     0.2685     0.3836      4.355     11.989      7.611  0.000e+00
    841.750    329.865   3.912493     0.6062    -0.0702    327.791    26.5394    30.9791    11.2063    11.2036    4918.69    34.7443     0.2677     0.3825      4.343     11.955      7.608  0.000e+00
    842.000    329.989   3.912546     0.6061    -0.0643    327.914    26.5416    30.9814    11.2042    11.2015    4918.68    34.7467     0.2667     0.3811      4.326     11.910      7.610  0.000e+00
    842.250    330.119   3.912467     0.6054    -0.0623    328.043    26.5422    30.9820    11.2029    11.2002    4918.68    34.7471     0.2635     0.3766      4.275     11.769      7.609  0.000e+00
    842.500    330.268   3.912355     0.6057    -0.0722    328.191    26.5421    30.9820    11.2019    11.1992    4918.67    34.7469     0.2633     0.3762      4.271     11.757      7.609  0.000e+00
    842.750    330.417   3.912467     0.6050    -0.0623    328.339    26.5437    30.9835    11.2011    11.1985    4918.68    34.7486     0.2589     0.3700      4.200     11.562      7.612  0.000e+00
    843.000    330.559   3.912579     0.6062    -0.0563    328.481    26.5449    30.9847    11.2007    11.1980    4918.69    34.7501     0.2642     0.3776      4.286     11.800      7.608  0.000e+00
    843.250    330.727   3.912744     0.6055    -0.0643    328.647    26.5458    30.9856    11.2011    11.1984    4918.70    34.7513     0.2625     0.3751      4.258     11.721      7.611  0.000e+00
    843.500    330.888   3.912546     0.6050    -0.0781    328.807    26.5436    30.9835    11.2017    11.1990    4918.71    34.7487     0.2603     0.3719      4.222     11.623      7.610  0.000e+00
    843.750    331.018   3.912520     0.6045    -0.0603    328.936    26.5432    30.9831    11.2018    11.1992    4918.72    34.7482     0.2571     0.3675      4.172     11.484      7.611  0.000e+00
