cruises/baja2025/cnv/20250420_cast2.cnv
* Sea-Bird SBE19plus Data File:
* FileName = C:\Users\ScienceTech\OneDrive - Western Flyer Foundation\Desktop\ProfilingCTD\data\20250420_PuntaRefugioDeep_cast9.hex
* Software Version 1.59
* Temperature SN =  8289
* Conductivity SN =  8289
* System UpLoad Time = Apr 20 2025 16:11:05
** PuntaRefugio
** 4/20/2025
** 2230 UT
** 29 39.274'N
** 113 35.438'W
** ~310 m water depth
# nquan = 18
# nvalues = 6314                                  
# units = specified
# name 0 = timeS: Time, Elapsed [seconds]
# name 1 = prdM: Pressure, Strain Gauge [db]
# name 2 = c0S/m: Conductivity [S/m]
# name 3 = sbeox0V: Oxygen raw, SBE 43 [V]
# name 4 = flECO-AFL: Fluorescence, WET Labs ECO-AFL/FL [mg/m^3]
# name 5 = depSM: Depth [salt water, m], lat = 0.00
# name 6 = sigma-t00: Density [sigma-t, kg/m^3 ]
# name 7 = sigma-100: Density [sigma-1, kg/m^3 ]
# name 8 = tv268C: Temperature [IPTS-68, deg C]
# name 9 = tv290C: Temperature [ITS-90, deg C]
# name 10 = svCF: Sound Velocity [Chen-Millero, ft/s]
# name 11 = sal00: Salinity, Practical [PSU]
# name 12 = sbeox0ML/L: Oxygen, SBE 43 [ml/l]
# name 13 = sbeox0Mg/L: Oxygen, SBE 43 [mg/l]
# name 14 = sbeox0PS: Oxygen, SBE 43 [% saturation]
# name 15 = sbeox0Mm/L: Oxygen, SBE 43 [umol/l]
# name 16 = ph: pH
# name 17 = flag:  0.000e+00
# span 0 =      0.000,   1578.250                 
# span 1 =     -0.128,    319.208                 
# span 2 =  -0.519925,   4.846772                 
# span 3 =     1.0155,     3.2628                 
# span 4 =    -0.1654,   128.7019                 
# span 5 =     -0.127,    317.209                 
# span 6 =    -3.1709,    26.9238                 
# span 7 =     1.2284,    31.2243                 
# span 8 =    12.7782,    25.8411                 
# span 9 =    12.7751,    25.8349                 
# span 10 =    4842.09,    5006.23                
# span 11 =     0.0000,    37.0004                
# span 12 =     1.6169,     7.9274                
# span 13 =     2.3107,    11.3291                
# span 14 =     27.154,    151.561                
# span 15 =     72.210,    354.040                
# span 16 =      7.308,      8.168                
# span 17 = 0.0000e+00, 0.0000e+00                
# interval = seconds: 0.25
# start_time = Apr 20 2025 15:20:31 [Instrument's time stamp, header]
# bad_flag = -9.990e-29
*END*
[from data line 4825]
   1206.250    215.170   4.118129     1.1810    -0.0702    213.877    26.3731    30.7709    13.1218    13.1187    4934.88    35.0053     2.1316     3.0463     36.052     95.197      7.736  0.000e+00
   1206.500    214.972   4.118156     1.1816    -0.0682    213.680    26.3727    30.7705    13.1226    13.1194    4934.87    35.0050     2.1339     3.0496     36.092     95.302      7.734  0.000e+00
   1206.750    214.774   4.118183     1.1822    -0.0563    213.483    26.3722    30.7701    13.1233    13.1202    4934.87    35.0046     2.1361     3.0527     36.128     95.397      7.734  0.000e+00
   1207.000    214.588   4.118237     1.1832    -0.0623    213.298    26.3722    30.7700    13.1238    13.1207    4934.86    35.0047     2.1405     3.0590     36.204     95.596      7.734  0.000e+00
   1207.250    214.402   4.118324     1.1829    -0.0563    213.113    26.3725    30.7702    13.1244    13.1212    4934.86    35.0051     2.1395     3.0576     36.188     95.552      7.735  0.000e+00
   1207.500    214.210   4.118378     1.1843    -0.0702    212.923    26.3723    30.7700    13.1250    13.1219    4934.86    35.0051     2.1445     3.0647     36.272     95.772      7.739  0.000e+00
   1207.750    214.030   4.118405     1.1843    -0.0781    212.744    26.3721    30.7698    13.1256    13.1224    4934.85    35.0050     2.1447     3.0649     36.275     95.780      7.739  0.000e+00
   1208.000    213.844   4.118378     1.1838    -0.0543    212.559    26.3715    30.7692    13.1261    13.1229    4934.85    35.0043     2.1420     3.0611     36.231     95.662      7.738  0.000e+00
   1208.250    213.646   4.118404     1.1834    -0.0643    212.362    26.3712    30.7690    13.1266    13.1235    4934.84    35.0042     2.1404     3.0589     36.204     95.592      7.734  0.000e+00
   1208.500    213.472   4.118451     1.1836    -0.0682    212.190    26.3715    30.7692    13.1268    13.1236    4934.83    35.0045     2.1392     3.0571     36.183     95.535      7.735  0.000e+00
   1208.750    213.305   4.118458     1.1835    -0.0385    212.024    26.3713    30.7690    13.1271    13.1240    4934.83    35.0043     2.1369     3.0539     36.145     95.435      7.737  0.000e+00
   1209.000    213.138   4.118458     1.1831    -0.0643    211.858    26.3713    30.7689    13.1272    13.1241    4934.82    35.0043     2.1333     3.0486     36.083     95.271      7.738  0.000e+00
   1209.250    212.946   4.118458     1.1852    -0.0702    211.667    26.3712    30.7689    13.1274    13.1242    4934.81    35.0043     2.1415     3.0604     36.223     95.640      7.739  0.000e+00
   1209.500    212.760   4.118492     1.1847    -0.0722    211.482    26.3712    30.7689    13.1276    13.1245    4934.80    35.0044     2.1395     3.0575     36.189     95.550      7.738  0.000e+00
   1209.750    212.580   4.118518     1.1851    -0.0722    211.304    26.3713    30.7690    13.1278    13.1246    4934.80    35.0046     2.1426     3.0620     36.242     95.689      7.737  0.000e+00
   1210.000    212.370   4.118518     1.1860    -0.0643    211.094    26.3711    30.7688    13.1281    13.1249    4934.79    35.0044     2.1480     3.0697     36.333     95.929      7.738  0.000e+00
   1210.250    212.202   4.118545     1.1859    -0.0623    210.928    26.3710    30.7687    13.1285    13.1253    4934.78    35.0044     2.1485     3.0704     36.342     95.952      7.738  0.000e+00
   1210.500    211.992   4.118572     1.1867    -0.0643    210.719    26.3712    30.7689    13.1285    13.1254    4934.77    35.0047     2.1521     3.0755     36.403     96.111      7.738  0.000e+00
   1210.750    211.787   4.118572     1.1863    -0.0702    210.516    26.3708    30.7684    13.1291    13.1259    4934.77    35.0043     2.1503     3.0730     36.373     96.032      7.737  0.000e+00
   1211.000    211.595   4.118565     1.1867    -0.0722    210.325    26.3708    30.7684    13.1291    13.1260    4934.76    35.0042     2.1512     3.0743     36.388     96.072      7.736  0.000e+00
   1211.250    211.397   4.118572     1.1874    -0.0643    210.128    26.3709    30.7685    13.1291    13.1260    4934.75    35.0044     2.1521     3.0756     36.403     96.113      7.737  0.000e+00
   1211.500    211.211   4.118572     1.1871    -0.0702    209.943    26.3707    30.7683    13.1294    13.1263    4934.74    35.0042     2.1511     3.0742     36.387     96.070      7.735  0.000e+00
   1211.750    211.013   4.118599     1.1871    -0.0702    209.746    26.3707    30.7683    13.1297    13.1265    4934.73    35.0043     2.1499     3.0725     36.367     96.016      7.738  0.000e+00
   1212.000    210.827   4.118652     1.1880    -0.0484    209.561    26.3711    30.7687    13.1297    13.1266    4934.72    35.0048     2.1523     3.0759     36.408     96.124      7.738  0.000e+00
   1212.250    210.628   4.118713     1.1869    -0.0702    209.364    26.3714    30.7689    13.1300    13.1269    4934.72    35.0052     2.1478     3.0695     36.332     95.922      7.735  0.000e+00
   1212.500    210.442   4.118767     1.1873    -0.0682    209.180    26.3712    30.7687    13.1307    13.1276    4934.71    35.0052     2.1480     3.0697     36.336     95.931      7.736  0.000e+00
   1212.750    210.250   4.118820     1.1877    -0.0702    208.989    26.3711    30.7686    13.1313    13.1282    4934.71    35.0052     2.1494     3.0717     36.360     95.992      7.738  0.000e+00
   1213.000    210.064   4.118908     1.1873    -0.0643    208.804    26.3713    30.7688    13.1318    13.1287    4934.71    35.0056     2.1473     3.0687     36.325     95.899      7.734  0.000e+00
   1213.250    209.891   4.119076     1.1880    -0.0682    208.632    26.3721    30.7696    13.1324    13.1292    4934.71    35.0068     2.1492     3.0715     36.358     95.984      7.736  0.000e+00
   1213.500    209.724   4.119157     1.1883    -0.0781    208.466    26.3718    30.7693    13.1334    13.1302    4934.71    35.0067     2.1514     3.0746     36.395     96.081      7.737  0.000e+00
   1213.750    209.569   4.119359     1.1877    -0.0781    208.312    26.3723    30.7698    13.1345    13.1314    4934.72    35.0077     2.1486     3.0706     36.350     95.959      7.740  0.000e+00
   1214.000    209.408   4.119466     1.1888    -0.0643    208.152    26.3720    30.7693    13.1359    13.1327    4934.72    35.0075     2.1530     3.0768     36.424     96.152      7.738  0.000e+00
   1214.250    209.222   4.119607     1.1890    -0.0682    207.967    26.3719    30.7693    13.1371    13.1340    4934.73    35.0078     2.1549     3.0796     36.458     96.239      7.738  0.000e+00
   1214.500    209.011   4.119803     1.1898    -0.0682    207.758    26.3719    30.7692    13.1388    13.1356    4934.74    35.0082     2.1583     3.0844     36.516     96.388      7.740  0.000e+00
   1214.750    208.794   4.119971     1.1902    -0.0702    207.542    26.3717    30.7690    13.1404    13.1373    4934.74    35.0084     2.1603     3.0872     36.551     96.477      7.736  0.000e+00
   1215.000    208.596   4.120051     1.1896    -0.0702    207.345    26.3709    30.7681    13.1421    13.1389    4934.75    35.0077     2.1581     3.0841     36.515     96.381      7.739  0.000e+00
   1215.250    208.392   4.120556     1.1902    -0.0563    207.142    26.3733    30.7705    13.1435    13.1403    4934.77    35.0113     2.1596     3.0863     36.543     96.448      7.738  0.000e+00
   1215.500    208.199   4.121142     1.1902    -0.0722    206.951    26.3755    30.7726    13.1459    13.1428    4934.80    35.0146     2.1591     3.0856     36.538     96.427      7.739  0.000e+00
   1215.750    208.014   4.121451     1.1912    -0.0702    206.767    26.3742    30.7712    13.1499    13.1467    4934.83    35.0140     2.1629     3.0910     36.604     96.595      7.739  0.000e+00
   1216.000    207.840   4.121620     1.1909    -0.0623    206.594    26.3716    30.7686    13.1541    13.1509    4934.85    35.0118     2.1607     3.0879     36.570     96.498      7.739  0.000e+00
   1216.250    207.660   4.121956     1.1919    -0.0543    206.416    26.3716    30.7685    13.1569    13.1538    4934.88    35.0125     2.1643     3.0930     36.633     96.658      7.737  0.000e+00
   1216.500    207.468   4.122151     1.1922    -0.0762    206.225    26.3703    30.7671    13.1600    13.1568    4934.90    35.0116     2.1653     3.0945     36.652     96.704      7.741  0.000e+00
   1216.750    207.289   4.122777     1.1930    -0.0702    206.046    26.3725    30.7693    13.1626    13.1594    4934.93    35.0152     2.1689     3.0996     36.715     96.863      7.739  0.000e+00
   1217.000    207.103   4.123154     1.1945    -0.0702    205.862    26.3720    30.7687    13.1662    13.1631    4934.96    35.0155     2.1762     3.1101     36.843     97.191      7.738  0.000e+00
   1217.250    206.905   4.123410     1.1952    -0.0702    205.665    26.3705    30.7671    13.1701    13.1669    4934.99    35.0145     2.1796     3.1149     36.902     97.341      7.739  0.000e+00
   1217.500    206.712   4.123774     1.1958    -0.0702    205.474    26.3696    30.7662    13.1739    13.1708    4935.02    35.0145     2.1823     3.1187     36.951     97.462      7.739  0.000e+00
   1217.750    206.527   4.123996     1.1973    -0.0702    205.289    26.3683    30.7648    13.1772    13.1741    4935.04    35.0136     2.1885     3.1275     37.057     97.736      7.739  0.000e+00
   1218.000    206.322   4.124110     1.1980    -0.0702    205.086    26.3664    30.7628    13.1804    13.1772    4935.06    35.0119     2.1924     3.1331     37.125     97.911      7.740  0.000e+00
   1218.250    206.149   4.124359     1.1987    -0.0781    204.914    26.3660    30.7624    13.1828    13.1797    4935.08    35.0121     2.1943     3.1358     37.160     97.997      7.743  0.000e+00
   1218.500    205.963   4.124500     1.2003    -0.0623    204.729    26.3651    30.7614    13.1850    13.1818    4935.09    35.0115     2.2004     3.1447     37.266     98.272      7.741  0.000e+00
   1218.750    205.783   4.124642     1.2014    -0.0524    204.551    26.3646    30.7608    13.1868    13.1836    4935.10    35.0113     2.2045     3.1505     37.336     98.455      7.741  0.000e+00
   1219.000    205.585   4.124803     1.2019    -0.0563    204.354    26.3644    30.7607    13.1883    13.1851    4935.10    35.0115     2.2058     3.1523     37.358     98.510      7.741  0.000e+00
   1219.250    205.405   4.125059     1.2030    -0.0603    204.175    26.3647    30.7609    13.1901    13.1869    4935.11    35.0123     2.2095     3.1577     37.424     98.678      7.740  0.000e+00
   1219.500    205.225   4.125564     1.2043    -0.0543    203.997    26.3668    30.7629    13.1919    13.1888    4935.14    35.0155     2.2141     3.1641     37.502     98.880      7.741  0.000e+00
   1219.750    205.033   4.125982     1.2042    -0.0682    203.806    26.3671    30.7632    13.1950    13.1918    4935.17    35.0167     2.2119     3.1610     37.469     98.784      7.745  0.000e+00
   1220.000    204.841   4.126096     1.2054    -0.0702    203.615    26.3645    30.7605    13.1988    13.1957    4935.19    35.0144     2.2154     3.1660     37.530     98.938      7.742  0.000e+00
   1220.250    204.649   4.126318     1.2060    -0.0484    203.424    26.3633    30.7593    13.2020    13.1988    4935.21    35.0137     2.2164     3.1674     37.549     98.982      7.741  0.000e+00
   1220.500    204.463   4.126433     1.2077    -0.0623    203.240    26.3620    30.7579    13.2044    13.2013    4935.22    35.0126     2.2214     3.1745     37.635     99.206      7.741  0.000e+00
   1220.750    204.259   4.126318     1.2081    -0.0702    203.036    26.3596    30.7555    13.2062    13.2030    4935.22    35.0100     2.2223     3.1759     37.652     99.249      7.742  0.000e+00
   1221.000    204.067   4.126432     1.2095    -0.0702    202.846    26.3596    30.7555    13.2071    13.2040    4935.22    35.0102     2.2278     3.1837     37.745     99.493      7.743  0.000e+00
   1221.250    203.862   4.126540     1.2094    -0.0563    202.642    26.3601    30.7559    13.2076    13.2044    4935.22    35.0109     2.2264     3.1818     37.723     99.432      7.743  0.000e+00
   1221.500    203.652   4.126735     1.2097    -0.0702    202.433    26.3606    30.7564    13.2087    13.2055    4935.22    35.0118     2.2266     3.1820     37.727     99.440      7.743  0.000e+00
   1221.750    203.472   4.126904     1.2123    -0.0722    202.255    26.3608    30.7565    13.2099    13.2067    4935.23    35.0124     2.2364     3.1961     37.894     99.878      7.741  0.000e+00
   1222.000    203.286   4.127045     1.2136    -0.0603    202.070    26.3605    30.7562    13.2114    13.2082    4935.23    35.0125     2.2416     3.2035     37.984    100.111      7.743  0.000e+00
   1222.250    203.106   4.127355     1.2117    -0.0702    201.891    26.3614    30.7571    13.2130    13.2098    4935.25    35.0140     2.2332     3.1914     37.842     99.733      7.743  0.000e+00
   1222.500    202.939   4.127382     1.2135    -0.0702    201.725    26.3599    30.7555    13.2149    13.2117    4935.25    35.0126     2.2377     3.1978     37.919     99.934      7.743  0.000e+00
   1222.750    202.760   4.127496     1.2149    -0.0682    201.547    26.3594    30.7550    13.2164    13.2132    4935.26    35.0123     2.2430     3.2054     38.011    100.172      7.743  0.000e+00
   1223.000    202.586   4.127631     1.2155    -0.0623    201.374    26.3593    30.7549    13.2176    13.2144    4935.26    35.0126     2.2448     3.2080     38.042    100.253      7.745  0.000e+00
   1223.250    202.388   4.127887     1.2152    -0.0702    201.177    26.3602    30.7557    13.2188    13.2156    4935.27    35.0140     2.2429     3.2053     38.011    100.167      7.743  0.000e+00
   1223.500    202.196   4.128136     1.2156    -0.0702    200.986    26.3606    30.7561    13.2204    13.2173    4935.28    35.0149     2.2425     3.2047     38.005    100.148      7.744  0.000e+00
   1223.750    201.991   4.128446     1.2162    -0.0543    200.783    26.3611    30.7566    13.2224    13.2192    4935.30    35.0162     2.2417     3.2036     37.994    100.112      7.742  0.000e+00
   1224.000    201.799   4.128473     1.2168    -0.0781    200.592    26.3593    30.7547    13.2247    13.2215    4935.30    35.0144     2.2435     3.2061     38.026    100.193      7.743  0.000e+00
   1224.250    201.632   4.128533     1.2169    -0.0603    200.426    26.3581    30.7535    13.2265    13.2233    4935.31    35.0134     2.2446     3.2077     38.046    100.243      7.742  0.000e+00
   1224.500    201.440   4.128587     1.2168    -0.0781    200.235    26.3575    30.7529    13.2276    13.2245    4935.31    35.0129     2.2411     3.2028     37.988    100.089      7.743  0.000e+00
   1224.750    201.272   4.128755     1.2175    -0.0643    200.069    26.3580    30.7534    13.2285    13.2254    4935.31    35.0137     2.2425     3.2047     38.012    100.150      7.741  0.000e+00
   1225.000    201.074   4.128870     1.2186    -0.0781    199.872    26.3578    30.7531    13.2298    13.2266    4935.32    35.0137     2.2468     3.2109     38.087    100.344      7.743  0.000e+00
   1225.250    200.882   4.128951     1.2179    -0.0702    199.681    26.3575    30.7528    13.2308    13.2276    4935.32    35.0137     2.2446     3.2077     38.049    100.243      7.745  0.000e+00
   1225.500    200.690   4.129031     1.2189    -0.0623    199.490    26.3571    30.7524    13.2319    13.2287    4935.32    35.0135     2.2477     3.2122     38.103    100.382      7.744  0.000e+00
   1225.750    200.504   4.129092     1.2194    -0.0623    199.305    26.3569    30.7521    13.2327    13.2295    4935.32    35.0134     2.2492     3.2143     38.129    100.449      7.742  0.000e+00
