cruises/baja2025/cnv/20250417.cnv
* Sea-Bird SBE19plus Data File:
* FileName = C:\Users\ScienceTech\OneDrive - Western Flyer Foundation\Desktop\ProfilingCTD\data\20250417_OSU1970_cast3.hex
* Software Version 1.59
* Temperature SN =  8289
* Conductivity SN =  8289
* System UpLoad Time = Apr 17 2025 14:19:42
** WF Gulf of California
** OSU 1970 station
** 4/17/2025 1443 UTC
** 27 4.68N
** 111 47.945W
** ~350 m bottom depth
# nquan = 18
# nvalues = 6406                                  
# units = specified
# name 0 = timeS: Time, Elapsed [seconds]
# name 1 = prdM: Pressure, Strain Gauge [db]
# name 2 = c0S/m: Conductivity [S/m]
# name 3 = sbeox0V: Oxygen raw, SBE 43 [V]
# name 4 = flECO-AFL: Fluorescence, WET Labs ECO-AFL/FL [mg/m^3]
# name 5 = depSM: Depth [salt water, m], lat = 0.00
# name 6 = sigma-t00: Density [sigma-t, kg/m^3 ]
# name 7 = sigma-100: Density [sigma-1, kg/m^3 ]
# name 8 = tv268C: Temperature [IPTS-68, deg C]
# name 9 = tv290C: Temperature [ITS-90, deg C]
# name 10 = svCF: Sound Velocity [Chen-Millero, ft/s]
# name 11 = sal00: Salinity, Practical [PSU]
# name 12 = sbeox0ML/L: Oxygen, SBE 43 [ml/l]
# name 13 = sbeox0Mg/L: Oxygen, SBE 43 [mg/l]
# name 14 = sbeox0PS: Oxygen, SBE 43 [% saturation]
# name 15 = sbeox0Mm/L: Oxygen, SBE 43 [umol/l]
# name 16 = ph: pH
# name 17 = flag:  0.000e+00
# span 0 =      0.000,   1601.250                 
# span 1 =     -0.140,    395.586                 
# span 2 =  -0.000042,   4.941606                 
# span 3 =     0.5496,     3.2548                 
# span 4 =    -0.1654,   128.6840                 
# span 5 =     -0.139,    393.037                 
# span 6 =    -2.2335,    26.7679                 
# span 7 =     2.2286,    31.2358                 
# span 8 =     9.8132,    22.0289                 
# span 9 =     9.8109,    22.0236                 
# span 10 =    4863.91,    5003.57                
# span 11 =     0.0000,    35.8710                
# span 12 =     0.0692,     7.7304                
# span 13 =     0.0989,    11.0476                
# span 14 =      1.112,    149.650                
# span 15 =      3.090,    345.242                
# span 16 =      7.295,      8.141                
# span 17 = 0.0000e+00, 0.0000e+00                
# interval = seconds: 0.25
# start_time = Apr 17 2025 07:22:44 [Instrument's time stamp, header]
# bad_flag = -9.990e-29
*END*
[from data line 4664]
   1166.000    362.480   3.820833     0.6363    -0.0623    360.173    26.6945    31.1545    10.2436    10.2411    4909.22    34.7234     0.3806     0.5439      6.048     16.999      7.558  0.000e+00
   1166.250    362.350   3.820643     0.6362    -0.0623    360.044    26.6924    31.1525    10.2442    10.2418    4909.21    34.7209     0.3795     0.5423      6.030     16.948      7.560  0.000e+00
   1166.500    362.108   3.820539     0.6365    -0.0484    359.804    26.6917    31.1517    10.2442    10.2418    4909.20    34.7199     0.3807     0.5440      6.049     17.001      7.562  0.000e+00
   1166.750    361.779   3.820486     0.6362    -0.0643    359.477    26.6918    31.1519    10.2438    10.2413    4909.17    34.7200     0.3789     0.5415      6.021     16.923      7.560  0.000e+00
   1167.000    361.401   3.820401     0.6369    -0.0623    359.102    26.6918    31.1518    10.2432    10.2408    4909.15    34.7198     0.3823     0.5463      6.074     17.073      7.563  0.000e+00
   1167.250    360.986   3.820323     0.6369    -0.0702    358.690    26.6916    31.1516    10.2430    10.2405    4909.12    34.7195     0.3843     0.5492      6.106     17.161      7.557  0.000e+00
   1167.500    360.571   3.820270     0.6387    -0.0524    358.277    26.6917    31.1517    10.2425    10.2401    4909.09    34.7195     0.3929     0.5615      6.243     17.547      7.559  0.000e+00
   1167.750    360.199   3.820218     0.6380    -0.0543    357.908    26.6917    31.1518    10.2421    10.2397    4909.07    34.7196     0.3914     0.5594      6.220     17.482      7.560  0.000e+00
   1168.000    359.883   3.820192     0.6385    -0.0643    357.594    26.6920    31.1520    10.2418    10.2393    4909.05    34.7198     0.3952     0.5647      6.279     17.648      7.562  0.000e+00
   1168.250    359.666   3.820192     0.6383    -0.0623    357.379    26.6922    31.1522    10.2417    10.2392    4909.04    34.7200     0.3946     0.5639      6.269     17.621      7.561  0.000e+00
   1168.500    359.566   3.820218     0.6373    -0.0543    357.280    26.6925    31.1525    10.2416    10.2391    4909.03    34.7204     0.3890     0.5559      6.181     17.373      7.560  0.000e+00
   1168.750    359.610   3.820192     0.6388    -0.0623    357.323    26.6923    31.1523    10.2415    10.2391    4909.03    34.7201     0.3946     0.5640      6.270     17.624      7.559  0.000e+00
   1169.000    359.740   3.820218     0.6375    -0.0623    357.453    26.6923    31.1523    10.2417    10.2393    4909.04    34.7202     0.3870     0.5530      6.149     17.283      7.561  0.000e+00
   1169.250    359.926   3.820192     0.6375    -0.0603    357.637    26.6921    31.1521    10.2417    10.2392    4909.05    34.7199     0.3847     0.5498      6.113     17.181      7.560  0.000e+00
   1169.500    360.168   3.820218     0.6381    -0.0682    357.877    26.6923    31.1523    10.2416    10.2391    4909.06    34.7201     0.3850     0.5502      6.117     17.193      7.561  0.000e+00
   1169.750    360.379   3.820218     0.6369    -0.0722    358.087    26.6922    31.1523    10.2415    10.2391    4909.07    34.7201     0.3803     0.5435      6.043     16.985      7.560  0.000e+00
   1170.000    360.583   3.820218     0.6375    -0.0643    358.290    26.6922    31.1523    10.2415    10.2390    4909.08    34.7200     0.3822     0.5462      6.073     17.068      7.559  0.000e+00
   1170.250    360.670   3.820218     0.6371    -0.0781    358.376    26.6921    31.1522    10.2415    10.2391    4909.09    34.7199     0.3807     0.5440      6.049     17.001      7.561  0.000e+00
   1170.500    360.639   3.820218     0.6371    -0.0722    358.345    26.6923    31.1523    10.2414    10.2389    4909.09    34.7201     0.3809     0.5444      6.053     17.012      7.560  0.000e+00
   1170.750    360.447   3.820192     0.6365    -0.0643    358.155    26.6921    31.1521    10.2415    10.2390    4909.08    34.7198     0.3768     0.5385      5.987     16.828      7.563  0.000e+00
   1171.000    360.112   3.820192     0.6365    -0.0781    357.822    26.6923    31.1523    10.2414    10.2389    4909.06    34.7201     0.3778     0.5400      6.004     16.874      7.560  0.000e+00
   1171.250    359.678   3.820192     0.6359    -0.0781    357.391    26.6922    31.1523    10.2416    10.2391    4909.04    34.7200     0.3748     0.5356      5.955     16.737      7.560  0.000e+00
   1171.500    359.176   3.820165     0.6366    -0.0643    356.893    26.6921    31.1522    10.2417    10.2392    4909.01    34.7199     0.3776     0.5396      5.999     16.862      7.560  0.000e+00
   1171.750    358.661   3.820080     0.6357    -0.0762    356.382    26.6916    31.1517    10.2417    10.2392    4908.98    34.7193     0.3746     0.5354      5.953     16.730      7.559  0.000e+00
   1172.000    358.134   3.819976     0.6356    -0.0623    355.859    26.6910    31.1510    10.2417    10.2392    4908.95    34.7185     0.3734     0.5336      5.933     16.676      7.557  0.000e+00
   1172.250    357.638   3.819897     0.6365    -0.0643    355.366    26.6909    31.1509    10.2413    10.2389    4908.91    34.7182     0.3781     0.5404      6.008     16.887      7.559  0.000e+00
   1172.500    357.173   3.819760     0.6356    -0.0702    354.905    26.6904    31.1504    10.2408    10.2384    4908.88    34.7175     0.3753     0.5363      5.963     16.760      7.560  0.000e+00
   1172.750    356.770   3.819708     0.6362    -0.0643    354.504    26.6903    31.1504    10.2406    10.2381    4908.86    34.7174     0.3786     0.5410      6.015     16.907      7.558  0.000e+00
   1173.000    356.405   3.819655     0.6360    -0.0623    354.141    26.6905    31.1505    10.2401    10.2376    4908.83    34.7175     0.3785     0.5409      6.013     16.903      7.560  0.000e+00
   1173.250    356.107   3.819629     0.6356    -0.0702    353.846    26.6905    31.1505    10.2400    10.2376    4908.81    34.7174     0.3772     0.5390      5.993     16.845      7.559  0.000e+00
   1173.500    355.878   3.819577     0.6350    -0.0623    353.618    26.6902    31.1502    10.2400    10.2375    4908.80    34.7171     0.3736     0.5339      5.936     16.684      7.560  0.000e+00
   1173.750    355.723   3.819603     0.6342    -0.0623    353.464    26.6905    31.1505    10.2399    10.2374    4908.79    34.7175     0.3695     0.5281      5.871     16.502      7.559  0.000e+00
   1174.000    355.593   3.819577     0.6364    -0.0623    353.335    26.6898    31.1498    10.2404    10.2380    4908.79    34.7167     0.3787     0.5412      6.017     16.912      7.561  0.000e+00
   1174.250    355.481   3.819544     0.6338    -0.0623    353.224    26.6895    31.1495    10.2406    10.2381    4908.78    34.7163     0.3667     0.5240      5.826     16.377      7.558  0.000e+00
   1174.500    355.382   3.819922     0.6329    -0.0702    353.126    26.6922    31.1521    10.2410    10.2385    4908.80    34.7198     0.3615     0.5167      5.744     16.146      7.560  0.000e+00
   1174.750    355.252   3.820131     0.6333    -0.0722    352.997    26.6925    31.1525    10.2424    10.2400    4908.81    34.7206     0.3613     0.5163      5.741     16.136      7.560  0.000e+00
   1175.000    355.084   3.820641     0.6317    -0.0702    352.830    26.6950    31.1549    10.2442    10.2417    4908.83    34.7242     0.3539     0.5057      5.623     15.804      7.560  0.000e+00
   1175.250    354.855   3.820321     0.6311    -0.0623    352.603    26.6899    31.1498    10.2470    10.2446    4908.83    34.7183     0.3502     0.5004      5.565     15.638      7.561  0.000e+00
   1175.500    354.595   3.820399     0.6304    -0.0623    352.344    26.6891    31.1489    10.2487    10.2463    4908.83    34.7176     0.3463     0.4948      5.503     15.464      7.559  0.000e+00
   1175.750    354.303   3.821202     0.6291    -0.0543    352.055    26.6950    31.1547    10.2494    10.2469    4908.86    34.7253     0.3391     0.4846      5.389     15.144      7.559  0.000e+00
   1176.000    354.006   3.821711     0.6278    -0.0722    351.760    26.6961    31.1557    10.2526    10.2502    4908.89    34.7275     0.3307     0.4726      5.256     14.769      7.559  0.000e+00
   1176.250    353.702   3.822214     0.6286    -0.0781    351.458    26.6960    31.1555    10.2572    10.2547    4908.93    34.7284     0.3368     0.4813      5.353     15.041      7.561  0.000e+00
   1176.500    353.392   3.822645     0.6264    -0.0623    351.150    26.6950    31.1544    10.2621    10.2596    4908.97    34.7282     0.3274     0.4678      5.204     14.620      7.558  0.000e+00
   1176.750    353.088   3.823095     0.6265    -0.0781    350.849    26.6938    31.1531    10.2674    10.2649    4909.01    34.7278     0.3276     0.4681      5.208     14.629      7.556  0.000e+00
   1177.000    352.778   3.823421     0.6268    -0.0623    350.541    26.6921    31.1513    10.2722    10.2697    4909.05    34.7266     0.3316     0.4739      5.273     14.810      7.559  0.000e+00
   1177.250    352.462   3.823846     0.6257    -0.0781    350.227    26.6914    31.1505    10.2767    10.2742    4909.08    34.7268     0.3285     0.4694      5.223     14.669      7.557  0.000e+00
   1177.500    352.115   3.824087     0.6264    -0.0623    349.882    26.6890    31.1480    10.2815    10.2791    4909.11    34.7248     0.3338     0.4771      5.309     14.909      7.558  0.000e+00
   1177.750    351.761   3.824166     0.6249    -0.0643    349.532    26.6859    31.1449    10.2857    10.2832    4909.13    34.7218     0.3297     0.4711      5.243     14.723      7.559  0.000e+00
   1178.000    351.414   3.824218     0.6240    -0.0702    349.187    26.6837    31.1426    10.2887    10.2862    4909.14    34.7196     0.3265     0.4665      5.193     14.580      7.556  0.000e+00
   1178.250    351.079   3.824244     0.6246    -0.0643    348.854    26.6823    31.1411    10.2906    10.2881    4909.14    34.7182     0.3288     0.4699      5.230     14.684      7.558  0.000e+00
   1178.500    350.757   3.824276     0.6235    -0.0702    348.534    26.6815    31.1403    10.2919    10.2894    4909.13    34.7174     0.3257     0.4655      5.181     14.547      7.557  0.000e+00
   1178.750    350.472   3.824328     0.6231    -0.0643    348.251    26.6811    31.1399    10.2928    10.2904    4909.13    34.7172     0.3228     0.4613      5.135     14.416      7.555  0.000e+00
   1179.000    350.255   3.824380     0.6224    -0.0643    348.036    26.6808    31.1396    10.2937    10.2913    4909.12    34.7170     0.3192     0.4562      5.078     14.256      7.556  0.000e+00
   1179.250    350.075   3.824511     0.6222    -0.0781    347.857    26.6811    31.1399    10.2945    10.2921    4909.13    34.7176     0.3189     0.4558      5.073     14.243      7.558  0.000e+00
   1179.500    349.945   3.824570     0.6212    -0.0781    347.728    26.6807    31.1394    10.2956    10.2931    4909.13    34.7173     0.3142     0.4490      4.998     14.030      7.556  0.000e+00
   1179.750    349.846   3.824570     0.6207    -0.0623    347.630    26.6797    31.1384    10.2967    10.2942    4909.13    34.7163     0.3134     0.4479      4.986     13.997      7.557  0.000e+00
   1180.000    349.734   3.824622     0.6207    -0.0643    347.519    26.6796    31.1383    10.2973    10.2948    4909.13    34.7163     0.3132     0.4477      4.983     13.990      7.556  0.000e+00
   1180.250    349.610   3.824753     0.6200    -0.0643    347.396    26.6799    31.1386    10.2981    10.2956    4909.14    34.7169     0.3103     0.4435      4.937     13.859      7.556  0.000e+00
   1180.500    349.406   3.825184     0.6184    -0.0643    347.193    26.6828    31.1414    10.2988    10.2963    4909.15    34.7207     0.3037     0.4340      4.831     13.563      7.556  0.000e+00
   1180.750    349.139   3.825686     0.6179    -0.0781    346.928    26.6849    31.1434    10.3010    10.2985    4909.18    34.7238     0.3009     0.4301      4.788     13.440      7.556  0.000e+00
   1181.000    348.811   3.825503     0.6184    -0.0623    346.602    26.6803    31.1388    10.3044    10.3020    4909.18    34.7188     0.3037     0.4341      4.833     13.565      7.557  0.000e+00
   1181.250    348.451   3.826464     0.6174    -0.0623    346.245    26.6859    31.1443    10.3067    10.3043    4909.22    34.7265     0.3001     0.4289      4.776     13.404      7.557  0.000e+00
   1181.500    348.060   3.827136     0.6170    -0.0543    345.857    26.6876    31.1459    10.3108    10.3084    4909.26    34.7295     0.2991     0.4275      4.760     13.359      7.555  0.000e+00
   1181.750    347.664   3.827750     0.6168    -0.0623    345.463    26.6873    31.1454    10.3166    10.3142    4909.31    34.7304     0.2991     0.4274      4.760     13.356      7.555  0.000e+00
   1182.000    347.273   3.828502     0.6153    -0.0702    345.075    26.6879    31.1459    10.3226    10.3201    4909.36    34.7325     0.2927     0.4183      4.659     13.072      7.557  0.000e+00
   1182.250    346.920   3.829332     0.6162    -0.0702    344.725    26.6885    31.1464    10.3292    10.3267    4909.43    34.7348     0.2980     0.4259      4.745     13.310      7.557  0.000e+00
   1182.500    346.622   3.830214     0.6148    -0.0563    344.429    26.6889    31.1466    10.3365    10.3340    4909.51    34.7369     0.2938     0.4199      4.678     13.121      7.557  0.000e+00
   1182.750    346.368   3.831390     0.6159    -0.0702    344.177    26.6909    31.1484    10.3444    10.3420    4909.60    34.7413     0.2986     0.4267      4.756     13.336      7.559  0.000e+00
   1183.000    346.163   3.832835     0.6155    -0.0623    343.974    26.6940    31.1513    10.3536    10.3511    4909.72    34.7473     0.2978     0.4256      4.744     13.299      7.558  0.000e+00
   1183.250    345.990   3.833508     0.6156    -0.0702    343.801    26.6894    31.1465    10.3644    10.3620    4909.83    34.7438     0.3004     0.4293      4.787     13.417      7.556  0.000e+00
   1183.500    345.853   3.833665     0.6151    -0.0543    343.666    26.6813    31.1382    10.3747    10.3722    4909.91    34.7357     0.2994     0.4279      4.772     13.373      7.556  0.000e+00
   1183.750    345.742   3.834122     0.6151    -0.0623    343.555    26.6784    31.1352    10.3818    10.3793    4909.98    34.7336     0.3008     0.4298      4.794     13.432      7.558  0.000e+00
   1184.000    345.599   3.834554     0.6156    -0.0543    343.414    26.6768    31.1335    10.3873    10.3848    4910.03    34.7328     0.3045     0.4351      4.853     13.597      7.558  0.000e+00
   1184.250    345.426   3.834822     0.6160    -0.0623    343.241    26.6746    31.1311    10.3921    10.3896    4910.07    34.7310     0.3062     0.4376      4.881     13.675      7.555  0.000e+00
   1184.500    345.209   3.834952     0.6164    -0.0682    343.026    26.6720    31.1285    10.3961    10.3936    4910.09    34.7285     0.3098     0.4427      4.939     13.836      7.557  0.000e+00
   1184.750    344.961   3.835462     0.6181    -0.0643    342.780    26.6733    31.1297    10.3991    10.3966    4910.13    34.7309     0.3183     0.4548      5.075     14.214      7.558  0.000e+00
   1185.000    344.694   3.835436     0.6188    -0.0781    342.515    26.6701    31.1265    10.4025    10.4000    4910.14    34.7276     0.3246     0.4639      5.176     14.497      7.557  0.000e+00
   1185.250    344.391   3.835894     0.6182    -0.0722    342.213    26.6717    31.1280    10.4048    10.4023    4910.16    34.7302     0.3239     0.4628      5.164     14.463      7.557  0.000e+00
   1185.500    344.074   3.836214     0.6206    -0.0722    341.900    26.6721    31.1284    10.4072    10.4047    4910.17    34.7313     0.3361     0.4803      5.360     15.011      7.556  0.000e+00
