cruises/baja2025/cnv/20250420_cast1.cnv
* Sea-Bird SBE19plus Data File:
* FileName = C:\Users\ScienceTech\OneDrive - Western Flyer Foundation\Desktop\ProfilingCTD\data\20250420_CanalDeBallenas_cast8.hex
* Software Version 1.59
* Temperature SN =  8289
* Conductivity SN =  8289
* System UpLoad Time = Apr 20 2025 16:22:12
** CanalDeBallenas
** 4/20 0821 UTC
** 29 3.725'N
** 113 28.721'W
** ~280 m
# nquan = 18
# nvalues = 5971                                  
# units = specified
# name 0 = timeS: Time, Elapsed [seconds]
# name 1 = prdM: Pressure, Strain Gauge [db]
# name 2 = c0S/m: Conductivity [S/m]
# name 3 = sbeox0V: Oxygen raw, SBE 43 [V]
# name 4 = flECO-AFL: Fluorescence, WET Labs ECO-AFL/FL [mg/m^3]
# name 5 = depSM: Depth [salt water, m], lat = 0.00
# name 6 = sigma-t00: Density [sigma-t, kg/m^3 ]
# name 7 = sigma-100: Density [sigma-1, kg/m^3 ]
# name 8 = tv268C: Temperature [IPTS-68, deg C]
# name 9 = tv290C: Temperature [ITS-90, deg C]
# name 10 = svCF: Sound Velocity [Chen-Millero, ft/s]
# name 11 = sal00: Salinity, Practical [PSU]
# name 12 = sbeox0ML/L: Oxygen, SBE 43 [ml/l]
# name 13 = sbeox0Mg/L: Oxygen, SBE 43 [mg/l]
# name 14 = sbeox0PS: Oxygen, SBE 43 [% saturation]
# name 15 = sbeox0Mm/L: Oxygen, SBE 43 [umol/l]
# name 16 = ph: pH
# name 17 = flag:  0.000e+00
# span 0 =      0.000,   1492.500                 
# span 1 =     -0.127,    290.062                 
# span 2 =  -0.276113,   4.441335                 
# span 3 =     1.0221,     2.9068                 
# span 4 =    -0.1337,   128.6940                 
# span 5 =     -0.126,    288.266                 
# span 6 =    -1.0294,    26.4702                 
# span 7 =     3.5527,    30.8841                 
# span 8 =    12.3581,    16.2982                 
# span 9 =    12.3552,    16.2943                 
# span 10 =    4811.00,    4957.36                
# span 11 =     0.0000,    35.2807                
# span 12 =     1.6480,     8.6374                
# span 13 =     2.3551,    12.3437                
# span 14 =     27.424,    129.335                
# span 15 =     73.598,    385.747                
# span 16 =      7.166,      8.027                
# span 17 = 0.0000e+00, 0.0000e+00                
# interval = seconds: 0.25
# start_time = Apr 20 2025 01:37:55 [Instrument's time stamp, header]
# bad_flag = -9.990e-29
*END*
[from data line 5629]
   1407.250     -0.108   0.137107     2.8195    -0.0702     -0.108    -0.2854     4.3018    15.3196    15.3159    4816.51     0.8558     8.5453    12.2121    122.568    381.635      7.808  0.000e+00
   1407.500     -0.102   0.122775     2.8212    -0.0623     -0.102    -0.3574     4.2306    15.3188    15.3151    4816.13     0.7624     8.5576    12.2297    122.672    382.183      7.808  0.000e+00
   1407.750     -0.102   0.111805     2.8199    -0.0682     -0.102    -0.4121     4.1763    15.3183    15.3147    4815.85     0.6914     8.5569    12.2287    122.607    382.151      7.805  0.000e+00
   1408.000     -0.115   0.103480     2.8201    -0.0623     -0.114    -0.4534     4.1354    15.3176    15.3139    4815.63     0.6377     8.5593    12.2321    122.600    382.259      7.808  0.000e+00
   1408.250     -0.102   0.096653     2.8204    -0.0682     -0.102    -0.4871     4.1021    15.3169    15.3132    4815.45     0.5939     8.5641    12.2390    122.634    382.474      7.806  0.000e+00
   1408.500     -0.108   0.092292     2.8202    -0.0623     -0.108    -0.5086     4.0808    15.3162    15.3126    4815.33     0.5661     8.5646    12.2396    122.618    382.493      7.808  0.000e+00
   1408.750     -0.096   0.108540     2.8196    -0.0762     -0.096    -0.4279     4.1607    15.3156    15.3119    4815.74     0.6703     8.5563    12.2279    122.576    382.126      7.806  0.000e+00
   1409.000     -0.108   0.136848     2.8202    -0.0781     -0.108    -0.2859     4.3014    15.3150    15.3113    4816.45     0.8542     8.5489    12.2172    122.605    381.793      7.806  0.000e+00
   1409.250     -0.108   0.143596     2.8198    -0.0722     -0.108    -0.2517     4.3353    15.3142    15.3106    4816.61     0.8984     8.5447    12.2112    122.576    381.606      7.805  0.000e+00
   1409.500     -0.108   0.138160     2.8204    -0.0702     -0.108    -0.2791     4.3082    15.3138    15.3101    4816.47     0.8628     8.5487    12.2170    122.606    381.785      7.805  0.000e+00
   1409.750     -0.102   0.122518     2.8198    -0.0722     -0.102    -0.3577     4.2304    15.3130    15.3094    4816.06     0.7608     8.5525    12.2224    122.582    381.954      7.806  0.000e+00
   1410.000     -0.102   0.110824     2.8202    -0.0563     -0.102    -0.4160     4.1726    15.3126    15.3089    4815.76     0.6851     8.5582    12.2306    122.606    382.211      7.807  0.000e+00
   1410.250     -0.108   0.102444     2.8201    -0.0702     -0.108    -0.4576     4.1314    15.3120    15.3083    4815.54     0.6312     8.5606    12.2339    122.598    382.314      7.803  0.000e+00
   1410.500     -0.096   0.095890     2.8201    -0.0781     -0.096    -0.4900     4.0994    15.3112    15.3075    4815.37     0.5891     8.5634    12.2380    122.605    382.441      7.804  0.000e+00
   1410.750     -0.096   0.092323     2.8207    -0.0801     -0.096    -0.5075     4.0821    15.3104    15.3067    4815.27     0.5663     8.5683    12.2450    122.656    382.661      7.807  0.000e+00
   1411.000     -0.102   0.110172     2.8209    -0.0722     -0.102    -0.4189     4.1698    15.3101    15.3064    4815.71     0.6810     8.5632    12.2376    122.667    382.431      7.807  0.000e+00
   1411.250     -0.102   0.133748     2.8206    -0.0623     -0.102    -0.3006     4.2871    15.3092    15.3055    4816.30     0.8340     8.5546    12.2253    122.656    382.046      7.806  0.000e+00
   1411.500     -0.096   0.139987     2.8204    -0.0801     -0.096    -0.2690     4.3184    15.3085    15.3049    4816.46     0.8748     8.5515    12.2209    122.641    381.908      7.808  0.000e+00
   1411.750     -0.108   0.134165     2.8199    -0.0603     -0.108    -0.2983     4.2894    15.3080    15.3043    4816.30     0.8368     8.5512    12.2205    122.607    381.896      7.807  0.000e+00
   1412.000     -0.115   0.119845     2.8213    -0.0762     -0.114    -0.3701     4.2182    15.3073    15.3037    4815.93     0.7436     8.5616    12.2354    122.685    382.362      7.803  0.000e+00
   1412.250     -0.108   0.109179     2.8207    -0.0682     -0.108    -0.4233     4.1656    15.3067    15.3030    4815.65     0.6746     8.5633    12.2379    122.656    382.438      7.804  0.000e+00
   1412.500     -0.108   0.101281     2.8200    -0.0722     -0.108    -0.4624     4.1268    15.3061    15.3025    4815.44     0.6238     8.5620    12.2360    122.598    382.380      7.808  0.000e+00
   1412.750     -0.096   0.095217     2.8200    -0.0643     -0.096    -0.4924     4.0971    15.3057    15.3020    4815.29     0.5849     8.5630    12.2374    122.581    382.423      7.814  0.000e+00
   1413.000     -0.102   0.090565     2.8192    -0.0643     -0.102    -0.5152     4.0745    15.3049    15.3013    4815.16     0.5552     8.5607    12.2342    122.525    382.323      7.814  0.000e+00
   1413.250     -0.115   0.085065     2.8196    -0.0722     -0.114    -0.5422     4.0478    15.3042    15.3005    4815.02     0.5202     8.5641    12.2389    122.545    382.472      7.810  0.000e+00
   1413.500     -0.108   0.080539     2.8204    -0.0781     -0.108    -0.5643     4.0259    15.3037    15.3000    4814.90     0.4914     8.5697    12.2469    122.602    382.721      7.809  0.000e+00
   1413.750     -0.102   0.083507     2.8200    -0.0722     -0.102    -0.5496     4.0405    15.3031    15.2994    4814.96     0.5103     8.5672    12.2434    122.579    382.612      7.812  0.000e+00
   1414.000     -0.108   0.118958     2.8201    -0.0781     -0.108    -0.3737     4.2148    15.3025    15.2989    4815.85     0.7379     8.5553    12.2264    122.578    382.082      7.815  0.000e+00
   1414.250     -0.102   0.124339     2.8205    -0.0623     -0.102    -0.3466     4.2416    15.3017    15.2981    4815.98     0.7729     8.5573    12.2293    122.631    382.170      7.808  0.000e+00
   1414.500     -0.108   0.135879     2.8201    -0.0801     -0.108    -0.2885     4.2992    15.3013    15.2976    4816.27     0.8481     8.5527    12.2227    122.619    381.964      7.810  0.000e+00
   1414.750     -0.096   0.125580     2.8199    -0.0702     -0.096    -0.3402     4.2480    15.3006    15.2969    4816.00     0.7810     8.5557    12.2270    122.610    382.098      7.810  0.000e+00
   1415.000     -0.108   0.113674     2.8208    -0.0623     -0.108    -0.3997     4.1891    15.3001    15.2964    4815.69     0.7038     8.5642    12.2391    122.673    382.476      7.811  0.000e+00
   1415.250     -0.108   0.105379     2.8211    -0.0861     -0.108    -0.4409     4.1483    15.2992    15.2956    4815.47     0.6502     8.5679    12.2444    122.684    382.643      7.810  0.000e+00
   1415.500     -0.096   0.099084     2.8206    -0.0940     -0.096    -0.4721     4.1174    15.2988    15.2951    4815.31     0.6098     8.5679    12.2443    122.652    382.641      7.810  0.000e+00
   1415.750     -0.108   0.094321     2.8201    -0.0801     -0.108    -0.4955     4.0942    15.2980    15.2944    4815.18     0.5793     8.5677    12.2441    122.625    382.634      7.816  0.000e+00
   1416.000     -0.108   0.090487     2.8203    -0.0841     -0.108    -0.5143     4.0756    15.2974    15.2937    4815.07     0.5548     8.5691    12.2461    122.625    382.697      7.816  0.000e+00
   1416.250     -0.115   0.085771     2.8206    -0.0702     -0.114    -0.5375     4.0527    15.2968    15.2931    4814.95     0.5248     8.5718    12.2499    122.638    382.815      7.814  0.000e+00
   1416.500     -0.108   0.081229     2.8190    -0.0702     -0.108    -0.5596     4.0307    15.2960    15.2923    4814.83     0.4959     8.5660    12.2416    122.532    382.556      7.810  0.000e+00
   1416.750     -0.108   0.078064     2.8205    -0.0643     -0.108    -0.5751     4.0154    15.2955    15.2918    4814.74     0.4758     8.5728    12.2514    122.613    382.862      7.817  0.000e+00
   1417.000     -0.102   0.075866     2.8202    -0.0543     -0.102    -0.5857     4.0049    15.2948    15.2911    4814.68     0.4620     8.5719    12.2501    122.588    382.820      7.810  0.000e+00
   1417.250     -0.096   0.074072     2.8207    -0.0801     -0.096    -0.5944     3.9964    15.2942    15.2905    4814.63     0.4506     8.5756    12.2554    122.631    382.988      7.809  0.000e+00
   1417.500     -0.102   0.072301     2.8210    -0.0385     -0.102    -0.6029     3.9879    15.2936    15.2900    4814.58     0.4395     8.5788    12.2600    122.667    383.129      7.825  0.000e+00
   1417.750     -0.102   0.070436     2.8194    -0.0643     -0.102    -0.6119     3.9790    15.2929    15.2892    4814.52     0.4277     8.5732    12.2520    122.577    382.881      7.819  0.000e+00
   1418.000     -0.096   0.068478     2.8198    -0.0484     -0.096    -0.6213     3.9697    15.2924    15.2888    4814.47     0.4154     8.5745    12.2539    122.585    382.938      7.815  0.000e+00
   1418.250     -0.096   0.066535     2.8199    -0.0563     -0.096    -0.6306     3.9605    15.2916    15.2880    4814.41     0.4032     8.5758    12.2556    122.591    382.994      7.825  0.000e+00
   1418.500     -0.108   0.064712     2.8205    -0.0643     -0.108    -0.6394     3.9518    15.2911    15.2874    4814.36     0.3918     8.5798    12.2614    122.639    383.174      7.828  0.000e+00
   1418.750     -0.115   0.062927     2.8208    -0.0682     -0.114    -0.6479     3.9434    15.2903    15.2866    4814.31     0.3806     8.5809    12.2630    122.644    383.224      7.824  0.000e+00
   1419.000     -0.102   0.061550     2.8199    -0.0702     -0.102    -0.6544     3.9369    15.2896    15.2860    4814.27     0.3720     8.5779    12.2587    122.593    383.089      7.823  0.000e+00
   1419.250     -0.108   0.060287     2.8204    -0.0484     -0.108    -0.6605     3.9310    15.2892    15.2856    4814.23     0.3641     8.5805    12.2624    122.624    383.207      7.824  0.000e+00
   1419.500     -0.102   0.058951     2.8198     0.6003     -0.102    -0.6668     3.9247    15.2885    15.2848    4814.19     0.3558     8.5786    12.2597    122.588    383.121      7.822  0.000e+00
   1419.750     -0.108   0.057400     2.8198     0.6003     -0.108    -0.6742     3.9174    15.2877    15.2840    4814.14     0.3461     8.5799    12.2616    122.597    383.179      7.815  0.000e+00
   1420.000     -0.115   0.055725     2.8210     0.6181     -0.114    -0.6821     3.9096    15.2868    15.2832    4814.09     0.3357     8.5858    12.2700    122.671    383.442      7.815  0.000e+00
   1420.250     -0.096   0.053944     2.8191     0.6201     -0.096    -0.6905     3.9012    15.2863    15.2826    4814.04     0.3247     8.5772    12.2577    122.539    383.059      7.815  0.000e+00
   1420.500     -0.108   0.052230     2.8204     0.4198     -0.108    -0.6987     3.8932    15.2855    15.2819    4813.99     0.3140     8.5827    12.2655    122.608    383.304      7.825  0.000e+00
   1420.750     -0.096   0.050850     2.8200     0.4317     -0.096    -0.7052     3.8868    15.2849    15.2812    4813.95     0.3055     8.5821    12.2647    122.591    383.276      7.825  0.000e+00
   1421.000     -0.102   0.050040     2.8202     0.4257     -0.102    -0.7089     3.8831    15.2843    15.2806    4813.92     0.3005     8.5844    12.2679    122.618    383.378      7.820  0.000e+00
   1421.250     -0.096   0.050003     2.8210     0.4356     -0.096    -0.7090     3.8831    15.2834    15.2797    4813.91     0.3003     8.5886    12.2739    122.675    383.566      7.825  0.000e+00
   1421.500     -0.096   0.050692     2.8215     0.4217     -0.096    -0.7056     3.8864    15.2827    15.2791    4813.92     0.3045     8.5920    12.2788    122.725    383.717      7.823  0.000e+00
   1421.750     -0.102   0.051500     2.8202    -0.0643     -0.102    -0.7016     3.8904    15.2822    15.2785    4813.94     0.3095     8.5861    12.2704    122.644    383.456      7.826  0.000e+00
   1422.000     -0.096   0.052014     2.8204    -0.0524     -0.096    -0.6990     3.8930    15.2814    15.2777    4813.94     0.3127     8.5862    12.2706    122.646    383.462      7.826  0.000e+00
   1422.250     -0.102   0.052050     2.8206    -0.0543     -0.102    -0.6988     3.8932    15.2808    15.2772    4813.93     0.3130     8.5879    12.2730    122.669    383.536      7.827  0.000e+00
   1422.500     -0.102   0.051573     2.8199    -0.0623     -0.102    -0.7009     3.8911    15.2802    15.2765    4813.91     0.3100     8.5833    12.2664    122.599    383.332      7.825  0.000e+00
   1422.750     -0.108   0.050759     2.8204    -0.0682     -0.108    -0.7047     3.8874    15.2794    15.2757    4813.89     0.3050     8.5856    12.2696    122.626    383.432      7.824  0.000e+00
   1423.000     -0.102   0.049581     2.8199    -0.0543     -0.102    -0.7102     3.8819    15.2787    15.2751    4813.85     0.2977     8.5828    12.2657    122.579    383.307      7.824  0.000e+00
   1423.250     -0.108   0.048158     2.8209    -0.0702     -0.108    -0.7169     3.8753    15.2779    15.2743    4813.81     0.2889     8.5872    12.2720    122.633    383.505      7.825  0.000e+00
   1423.500     -0.102   0.046769     2.8200    -0.0623     -0.102    -0.7234     3.8689    15.2771    15.2735    4813.76     0.2803     8.5845    12.2681    122.585    383.382      7.822  0.000e+00
   1423.750     -0.096   0.045709     2.8215    -0.0623     -0.096    -0.7283     3.8640    15.2763    15.2727    4813.73     0.2738     8.5933    12.2807    122.705    383.778      7.824  0.000e+00
   1424.000     -0.115   0.039754     2.8200    -0.0702     -0.114    -0.7566     3.8361    15.2761    15.2724    4813.58     0.2373     8.5888    12.2742    122.612    383.574      7.823  0.000e+00
   1424.250     -0.108   0.028480     2.8202    -0.0643     -0.108    -0.8094     3.7837    15.2753    15.2716    4813.30     0.1689     8.5932    12.2806    122.622    383.773      7.825  0.000e+00
   1424.500     -0.102   0.027867     2.8203    -0.0543     -0.102    -0.8121     3.7810    15.2746    15.2709    4813.28     0.1652     8.5940    12.2817    122.629    383.809      7.827  0.000e+00
   1424.750     -0.102   0.027269     2.8205    -0.0067     -0.102    -0.8148     3.7784    15.2739    15.2702    4813.26     0.1617     8.5948    12.2828    122.635    383.844      7.824  0.000e+00
   1425.000     -0.102   0.026636     2.8196     0.0091     -0.102    -0.8176     3.7756    15.2731    15.2694    4813.23     0.1579     8.5909    12.2772    122.575    383.669      7.831  0.000e+00
   1425.250     -0.096   0.026018     2.8207     0.0012     -0.096    -0.8204     3.7729    15.2724    15.2688    4813.21     0.1542     8.5954    12.2837    122.635    383.870      7.827  0.000e+00
   1425.500     -0.115   0.025456     2.8205     0.0230     -0.114    -0.8229     3.7705    15.2716    15.2680    4813.19     0.1508     8.5956    12.2840    122.633    383.880      7.832  0.000e+00
   1425.750     -0.115   0.024944     2.8204     0.0468     -0.114    -0.8251     3.7683    15.2709    15.2672    4813.17     0.1477     8.5952    12.2834    122.623    383.861      7.821  0.000e+00
   1426.000     -0.102   0.024488     2.8198     0.0488     -0.102    -0.8271     3.7663    15.2700    15.2664    4813.15     0.1450     8.5941    12.2818    122.602    383.811      7.832  0.000e+00
   1426.250     -0.102   0.024065     2.8203     0.0508     -0.102    -0.8290     3.7645    15.2695    15.2659    4813.13     0.1425     8.5957    12.2841    122.623    383.885      7.853  0.000e+00
   1426.500     -0.108   0.023642     2.8208     0.0389     -0.108    -0.8306     3.7629    15.2677    15.2640    4813.10     0.1400     8.5987    12.2884    122.659    384.019      7.829  0.000e+00
   1426.750     -0.102   0.023294     2.8201    -0.0722     -0.102    -0.8323     3.7612    15.2683    15.2647    4813.10     0.1379     8.5955    12.2838    122.613    383.874      7.813  0.000e+00
