cruises/baja2025/cnv/20250430_cast1.cnv
* Sea-Bird SBE19plus Data File:
* FileName = C:\Users\ScienceTech\OneDrive - Western Flyer Foundation\Desktop\ProfilingCTD\data\20250430_Seamount1_cast1.hex
* Software Version 1.59
* Temperature SN =  8289
* Conductivity SN =  8289
* System UpLoad Time = Apr 30 2025 18:06:42
** "Seamount 1" 27-17.152N 112-07.798W
** 504 m water
** Cast to 475m
** SB cast 30
** WF cast 15
# nquan = 18
# nvalues = 8961                                  
# units = specified
# name 0 = timeS: Time, Elapsed [seconds]
# name 1 = prdM: Pressure, Strain Gauge [db]
# name 2 = c0S/m: Conductivity [S/m]
# name 3 = sbeox0V: Oxygen raw, SBE 43 [V]
# name 4 = flECO-AFL: Fluorescence, WET Labs ECO-AFL/FL [mg/m^3]
# name 5 = depSM: Depth [salt water, m], lat = 0.00
# name 6 = sigma-t00: Density [sigma-t, kg/m^3 ]
# name 7 = sigma-100: Density [sigma-1, kg/m^3 ]
# name 8 = tv268C: Temperature [IPTS-68, deg C]
# name 9 = tv290C: Temperature [ITS-90, deg C]
# name 10 = svCF: Sound Velocity [Chen-Millero, ft/s]
# name 11 = sal00: Salinity, Practical [PSU]
# name 12 = sbeox0ML/L: Oxygen, SBE 43 [ml/l]
# name 13 = sbeox0Mg/L: Oxygen, SBE 43 [mg/l]
# name 14 = sbeox0PS: Oxygen, SBE 43 [% saturation]
# name 15 = sbeox0Mm/L: Oxygen, SBE 43 [umol/l]
# name 16 = ph: pH
# name 17 = flag:  0.000e+00
# span 0 =      0.000,   2240.000                 
# span 1 =     -0.170,    476.716                 
# span 2 =  -0.446895,   4.954579                 
# span 3 =     0.7033,     3.8588                 
# span 4 =    -0.1734,   128.6801                 
# span 5 =     -0.169,    473.551                 
# span 6 =    -4.2324,    26.7693                 
# span 7 =     0.1114,    31.2371                 
# span 8 =     9.9771,    29.6460                 
# span 9 =     9.9748,    29.6389                 
# span 10 =    4850.79,    5029.94                
# span 11 =     0.0000,    36.8810                
# span 12 =     0.6234,     9.6181                
# span 13 =     0.8909,    13.7453                
# span 14 =      9.856,    182.761                
# span 15 =     27.840,    429.546                
# span 16 =      7.021,      8.285                
# span 17 = 0.0000e+00, 0.0000e+00                
# interval = seconds: 0.25
# start_time = Apr 30 2025 14:29:48 [Instrument's time stamp, header]
# bad_flag = -9.990e-29
*END*
[from data line 1126]
    281.500      5.904   4.640188     2.8689     1.6615      5.871    25.4040    29.7030    18.2200    18.2156    4976.34    35.2420     6.5699     9.3891    122.999    293.412      8.118  0.000e+00
    281.750      5.898   4.639078     2.8607     1.6695      5.865    25.3915    29.6905    18.2258    18.2215    4976.34    35.2276     6.5521     9.3636    122.668    292.616      8.118  0.000e+00
    282.000      5.904   4.636625     2.8583     1.6774      5.872    25.3756    29.6748    18.2257    18.2213    4976.26    35.2068     6.5527     9.3644    122.663    292.642      8.117  0.000e+00
    282.250      5.954   4.635827     2.8557     1.6794      5.921    25.3780    29.6773    18.2173    18.2129    4976.19    35.2072     6.5530     9.3648    122.649    292.655      8.119  0.000e+00
    282.500      5.978   4.633382     2.8567     1.6754      5.945    25.3728    29.6723    18.2055    18.2011    4976.04    35.1965     6.5671     9.3850    122.879    293.286      8.117  0.000e+00
    282.750      6.022   4.631560     2.8608     2.2428      5.989    25.3737    29.6734    18.1914    18.1870    4975.89    35.1931     6.5956     9.4257    123.377    294.559      8.120  0.000e+00
    283.000      6.065   4.631094     2.8567     2.2586      6.032    25.3861    29.6861    18.1743    18.1700    4975.77    35.2038     6.5977     9.4288    123.385    294.654      8.116  0.000e+00
    283.250      6.072   4.630663     2.8611     2.2626      6.038    25.3956    29.6958    18.1607    18.1564    4975.67    35.2118     6.6254     9.4684    123.877    295.891      8.114  0.000e+00
    283.500      6.084   4.630939     2.8561     2.2507      6.050    25.4055    29.7057    18.1518    18.1475    4975.63    35.2218     6.6201     9.4608    123.765    295.654      8.114  0.000e+00
    283.750      6.066   4.631808     2.8491     2.2507      6.032    25.4151    29.7153    18.1475    18.1432    4975.63    35.2330     6.6013     9.4339    123.411    294.813      8.113  0.000e+00
    284.000      6.035   4.634188     2.8439     1.8996      6.002    25.4295    29.7296    18.1487    18.1444    4975.71    35.2522     6.5790     9.4021    123.012    293.820      8.111  0.000e+00
    284.250      5.998   4.635920     2.8397     1.8738      5.965    25.4325    29.7324    18.1579    18.1536    4975.82    35.2591     6.5568     9.3704    122.623    292.828      8.105  0.000e+00
    284.500      5.967   4.636103     2.8353     1.8698      5.934    25.4211    29.7208    18.1719    18.1675    4975.91    35.2487     6.5319     9.3347    122.181    291.715      8.108  0.000e+00
    284.750      5.943   4.638393     2.8325     1.8778      5.910    25.4260    29.7255    18.1829    18.1785    4976.05    35.2587     6.5140     9.3091    121.879    290.914      8.109  0.000e+00
    285.000      5.943   4.637276     2.8309     1.9591      5.910    25.4063    29.7058    18.1965    18.1921    4976.10    35.2375     6.5071     9.2992    121.765    290.605      8.108  0.000e+00
    285.250      5.955   4.633064     2.8316     1.9829      5.922    25.3713    29.6709    18.2048    18.2004    4976.02    35.1944     6.5102     9.3037    121.811    290.744      8.109  0.000e+00
    285.500      5.974   4.631990     2.8302     1.9690      5.941    25.3738    29.6735    18.1944    18.1900    4975.92    35.1942     6.5159     9.3119    121.894    291.001      8.111  0.000e+00
    285.750      5.980   4.631313     2.8318     1.9670      5.947    25.3841    29.6840    18.1781    18.1738    4975.80    35.2024     6.5329     9.3361    122.180    291.758      8.110  0.000e+00
    286.000      6.005   4.631221     2.8351     1.7449      5.972    25.3955    29.6956    18.1649    18.1605    4975.71    35.2130     6.5548     9.3675    122.568    292.738      8.111  0.000e+00
    286.250      5.999   4.631405     2.8377     1.7330      5.966    25.4042    29.7044    18.1566    18.1522    4975.67    35.2217     6.5737     9.3945    122.908    293.582      8.108  0.000e+00
    286.500      5.999   4.631525     2.8380     1.7449      5.966    25.4086    29.7088    18.1526    18.1483    4975.65    35.2262     6.5832     9.4081    123.080    294.006      8.108  0.000e+00
    286.750      5.975   4.631807     2.8372     1.7449      5.942    25.4117    29.7119    18.1513    18.1469    4975.65    35.2297     6.5848     9.4104    123.109    294.078      8.106  0.000e+00
    287.000      5.975   4.632422     2.8320     1.6774      5.942    25.4151    29.7153    18.1519    18.1476    4975.67    35.2344     6.5672     9.3852    122.785    293.290      8.108  0.000e+00
    287.250      5.975   4.632796     2.8290     1.6715      5.942    25.4151    29.7152    18.1546    18.1503    4975.70    35.2353     6.5522     9.3638    122.512    292.622      8.107  0.000e+00
    287.500      5.969   4.631807     2.8286     1.6794      5.936    25.4056    29.7057    18.1580    18.1536    4975.69    35.2240     6.5454     9.3540    122.383    292.316      8.107  0.000e+00
    287.750      5.987   4.631122     2.8275     1.6715      5.955    25.4011    29.7013    18.1580    18.1536    4975.67    35.2181     6.5356     9.3400    122.196    291.880      8.110  0.000e+00
    288.000      6.006   4.630628     2.8270     1.6635      5.973    25.4018    29.7020    18.1537    18.1493    4975.62    35.2176     6.5292     9.3309    122.067    291.596      8.106  0.000e+00
    288.250      6.025   4.630663     2.8260     2.1952      5.992    25.4062    29.7065    18.1491    18.1447    4975.60    35.2219     6.5246     9.3243    121.973    291.389      8.105  0.000e+00
    288.500      6.050   4.630663     2.8242     2.1971      6.016    25.4091    29.7094    18.1459    18.1416    4975.58    35.2246     6.5204     9.3183    121.889    291.202      8.103  0.000e+00
    288.750      6.043   4.631031     2.8245     2.1991      6.010    25.4129    29.7132    18.1443    18.1400    4975.58    35.2291     6.5244     9.3241    121.964    291.381      8.105  0.000e+00
    289.000      6.038   4.631221     2.8241     2.1872      6.004    25.4138    29.7141    18.1447    18.1403    4975.59    35.2304     6.5283     9.3295    122.037    291.552      8.104  0.000e+00
    289.250      6.025   4.631497     2.8222     1.6715      5.992    25.4147    29.7149    18.1457    18.1414    4975.60    35.2319     6.5234     9.3227    121.951    291.337      8.103  0.000e+00
    289.500      5.988   4.632980     2.8212     1.6834      5.955    25.4222    29.7224    18.1481    18.1438    4975.66    35.2425     6.5193     9.3167    121.886    291.151      8.101  0.000e+00
    289.750      5.988   4.633256     2.8193     1.6834      5.955    25.4188    29.7189    18.1539    18.1495    4975.71    35.2399     6.5122     9.3066    121.765    290.835      8.101  0.000e+00
    290.000      5.970   4.632394     2.8175     1.6794      5.937    25.4075    29.7076    18.1601    18.1558    4975.72    35.2271     6.5054     9.2968    121.642    290.529      8.099  0.000e+00
    290.250      5.958   4.632980     2.8168     1.8302      5.925    25.4096    29.7096    18.1621    18.1577    4975.75    35.2305     6.5023     9.2925    121.592    290.394      8.097  0.000e+00
    290.500      5.952   4.632422     2.8174     1.8421      5.919    25.4051    29.7052    18.1629    18.1586    4975.74    35.2250     6.5046     9.2957    121.633    290.494      8.096  0.000e+00
    290.750      5.958   4.631652     2.8190     1.8341      5.925    25.4006    29.7006    18.1624    18.1581    4975.71    35.2188     6.5115     9.3056    121.756    290.804      8.097  0.000e+00
    291.000      5.958   4.631249     2.8199     1.8361      5.925    25.4012    29.7014    18.1588    18.1544    4975.67    35.2185     6.5180     9.3148    121.869    291.093      8.093  0.000e+00
    291.250      5.958   4.631122     2.8221     1.8302      5.926    25.4042    29.7043    18.1546    18.1503    4975.64    35.2210     6.5305     9.3327    122.095    291.650      8.095  0.000e+00
    291.500      5.959   4.631341     2.8237     1.8044      5.926    25.4089    29.7091    18.1510    18.1467    4975.63    35.2260     6.5408     9.3474    122.283    292.112      8.093  0.000e+00
    291.750      5.946   4.631278     2.8240     1.8183      5.913    25.4093    29.7096    18.1501    18.1457    4975.62    35.2263     6.5463     9.3553    122.384    292.357      8.095  0.000e+00
    292.000      5.953   4.631560     2.8264     1.8024      5.920    25.4117    29.7119    18.1495    18.1452    4975.63    35.2292     6.5570     9.3706    122.584    292.834      8.095  0.000e+00
    292.250      5.953   4.631772     2.8267     1.8222      5.920    25.4126    29.7128    18.1501    18.1457    4975.64    35.2305     6.5591     9.3736    122.626    292.928      8.094  0.000e+00
    292.500      5.965   4.631617     2.8255     1.9234      5.933    25.4106    29.7108    18.1511    18.1468    4975.64    35.2283     6.5540     9.3663    122.532    292.702      8.093  0.000e+00
    292.750      5.965   4.631497     2.8248     1.9333      5.933    25.4092    29.7094    18.1518    18.1475    4975.64    35.2266     6.5487     9.3587    122.433    292.465      8.094  0.000e+00
    293.000      5.984   4.630875     2.8231     1.9293      5.951    25.4052    29.7054    18.1517    18.1474    4975.62    35.2214     6.5395     9.3456    122.257    292.054      8.093  0.000e+00
    293.250      6.009   4.630536     2.8222     1.9412      5.976    25.4052    29.7055    18.1493    18.1449    4975.59    35.2206     6.5322     9.3352    122.115    291.729      8.090  0.000e+00
    293.500      6.046   4.630289     2.8219     1.7151      6.013    25.4063    29.7066    18.1463    18.1419    4975.57    35.2211     6.5283     9.3296    122.036    291.555      8.093  0.000e+00
    293.750      6.065   4.630133     2.8215     1.7052      6.032    25.4077    29.7081    18.1435    18.1392    4975.55    35.2221     6.5249     9.3247    121.965    291.401      8.092  0.000e+00
    294.000      6.078   4.630169     2.8187     1.7092      6.044    25.4100    29.7104    18.1413    18.1370    4975.54    35.2243     6.5135     9.3084    121.748    290.891      8.091  0.000e+00
    294.250      6.071   4.630536     2.8187     1.7131      6.038    25.4137    29.7141    18.1399    18.1356    4975.54    35.2287     6.5125     9.3070    121.730    290.847      8.092  0.000e+00
    294.500      6.071   4.630536     2.8176     1.7052      6.038    25.4133    29.7137    18.1403    18.1359    4975.54    35.2284     6.5095     9.3027    121.675    290.714      8.091  0.000e+00
    294.750      6.028   4.631469     2.8164     1.7270      5.995    25.4182    29.7185    18.1417    18.1373    4975.58    35.2351     6.5054     9.2968    121.606    290.530      8.091  0.000e+00
    295.000      5.991   4.631836     2.8151     1.7131      5.958    25.4173    29.7176    18.1453    18.1409    4975.61    35.2351     6.5011     9.2907    121.534    290.338      8.090  0.000e+00
    295.250      5.960   4.632055     2.8161     1.7052      5.928    25.4149    29.7151    18.1495    18.1452    4975.64    35.2334     6.5042     9.2952    121.601    290.478      8.091  0.000e+00
    295.500      5.930   4.632210     2.8166     1.7032      5.897    25.4132    29.7133    18.1525    18.1482    4975.66    35.2321     6.5070     9.2991    121.659    290.602      8.089  0.000e+00
    295.750      5.917   4.632019     2.8184     1.7508      5.885    25.4098    29.7099    18.1549    18.1506    4975.67    35.2285     6.5155     9.3113    121.821    290.983      8.091  0.000e+00
    296.000      5.918   4.631369     2.8196     1.7468      5.885    25.4047    29.7049    18.1558    18.1514    4975.66    35.2221     6.5240     9.3234    121.976    291.360      8.090  0.000e+00
    296.250      5.912   4.631249     2.8218     1.7548      5.879    25.4054    29.7056    18.1542    18.1499    4975.64    35.2225     6.5347     9.3388    122.175    291.842      8.090  0.000e+00
    296.500      5.930   4.630875     2.8233     1.7429      5.898    25.4051    29.7053    18.1518    18.1475    4975.62    35.2213     6.5443     9.3524    122.346    292.266      8.091  0.000e+00
    296.750      5.961   4.630600     2.8244     1.8321      5.928    25.4058    29.7061    18.1491    18.1447    4975.59    35.2213     6.5514     9.3627    122.474    292.587      8.089  0.000e+00
    297.000      5.980   4.630628     2.8231     1.8341      5.947    25.4080    29.7084    18.1468    18.1424    4975.58    35.2235     6.5485     9.3584    122.415    292.454      8.093  0.000e+00
    297.250      5.993   4.630536     2.8221     1.8421      5.960    25.4092    29.7095    18.1449    18.1405    4975.57    35.2244     6.5433     9.3510    122.314    292.222      8.091  0.000e+00
    297.500      6.024   4.630352     2.8204     1.8341      5.991    25.4092    29.7096    18.1435    18.1392    4975.55    35.2240     6.5345     9.3385    122.147    291.831      8.091  0.000e+00
    297.750      6.037   4.630324     2.8207     1.7687      6.003    25.4100    29.7103    18.1425    18.1381    4975.55    35.2247     6.5312     9.3338    122.084    291.685      8.091  0.000e+00
    298.000      6.030   4.630197     2.8213     1.7766      5.997    25.4100    29.7104    18.1415    18.1372    4975.54    35.2244     6.5301     9.3322    122.060    291.634      8.089  0.000e+00
    298.250      6.049   4.630600     2.8208     1.7766      6.016    25.4125    29.7129    18.1417    18.1373    4975.55    35.2277     6.5256     9.3258    121.979    291.434      8.093  0.000e+00
    298.500      6.031   4.630663     2.8211     1.7647      5.998    25.4125    29.7129    18.1421    18.1378    4975.55    35.2279     6.5256     9.3257    121.980    291.432      8.091  0.000e+00
    298.750      6.025   4.630727     2.8199     1.8222      5.992    25.4125    29.7129    18.1426    18.1382    4975.56    35.2280     6.5218     9.3203    121.910    291.265      8.092  0.000e+00
    299.000      6.019   4.631158     2.8195     1.8440      5.986    25.4146    29.7149    18.1434    18.1390    4975.58    35.2310     6.5216     9.3200    121.910    291.255      8.091  0.000e+00
    299.250      6.006   4.631158     2.8178     1.8421      5.973    25.4129    29.7132    18.1452    18.1409    4975.59    35.2294     6.5162     9.3123    121.813    291.015      8.091  0.000e+00
    299.500      5.988   4.630910     2.8149     1.8440      5.955    25.4099    29.7102    18.1468    18.1424    4975.59    35.2260     6.5054     9.2969    121.612    290.533      8.089  0.000e+00
    299.750      5.994   4.630847     2.8125     1.8540      5.961    25.4093    29.7096    18.1470    18.1426    4975.59    35.2253     6.4941     9.2807    121.400    290.025      8.093  0.000e+00
    300.000      5.988   4.630847     2.8118     2.1237      5.955    25.4099    29.7102    18.1464    18.1420    4975.58    35.2258     6.4890     9.2734    121.303    289.797      8.089  0.000e+00
    300.250      5.988   4.631030     2.8117     2.1416      5.955    25.4113    29.7116    18.1461    18.1417    4975.59    35.2276     6.4876     9.2714    121.279    289.737      8.091  0.000e+00
    300.500      5.970   4.630875     2.8112     2.1237      5.937    25.4101    29.7104    18.1464    18.1420    4975.58    35.2260     6.4859     9.2690    121.246    289.659      8.092  0.000e+00
    300.750      5.989   4.630783     2.8125     2.1218      5.956    25.4095    29.7098    18.1463    18.1419    4975.58    35.2253     6.4923     9.2782    121.366    289.947      8.091  0.000e+00
    301.000      5.970   4.630847     2.8126     1.7052      5.937    25.4105    29.7108    18.1457    18.1413    4975.58    35.2264     6.4958     9.2831    121.430    290.102      8.090  0.000e+00
    301.250      5.958   4.630727     2.8132     1.7151      5.925    25.4099    29.7102    18.1455    18.1411    4975.57    35.2255     6.5025     9.2927    121.554    290.401      8.090  0.000e+00
