cruises/baja2025/cnv/20250418_cast1.cnv
* Sea-Bird SBE19plus Data File:
* FileName = C:\Users\ScienceTech\OneDrive - Western Flyer Foundation\Desktop\ProfilingCTD\data\20250418-SanLucasCove_cast4.hex
* Software Version 1.59
* Temperature SN =  8289
* Conductivity SN =  8289
* System UpLoad Time = Apr 18 2025 15:36:44
** North of San Lucas Cove
** 4/18/2025
** 0250 UTC
** 27 14.834'N
** 112 8.743'W
** ~290 m
# nquan = 18
# nvalues = 4901                                  
# units = specified
# name 0 = timeS: Time, Elapsed [seconds]
# name 1 = prdM: Pressure, Strain Gauge [db]
# name 2 = c0S/m: Conductivity [S/m]
# name 3 = sbeox0V: Oxygen raw, SBE 43 [V]
# name 4 = flECO-AFL: Fluorescence, WET Labs ECO-AFL/FL [mg/m^3]
# name 5 = depSM: Depth [salt water, m], lat = 0.00
# name 6 = sigma-t00: Density [sigma-t, kg/m^3 ]
# name 7 = sigma-100: Density [sigma-1, kg/m^3 ]
# name 8 = tv268C: Temperature [IPTS-68, deg C]
# name 9 = tv290C: Temperature [ITS-90, deg C]
# name 10 = svCF: Sound Velocity [Chen-Millero, ft/s]
# name 11 = sal00: Salinity, Practical [PSU]
# name 12 = sbeox0ML/L: Oxygen, SBE 43 [ml/l]
# name 13 = sbeox0Mg/L: Oxygen, SBE 43 [mg/l]
# name 14 = sbeox0PS: Oxygen, SBE 43 [% saturation]
# name 15 = sbeox0Mm/L: Oxygen, SBE 43 [umol/l]
# name 16 = ph: pH
# name 17 = flag:  0.000e+00
# span 0 =      0.000,   1225.000                 
# span 1 =     -0.146,    307.939                 
# span 2 =  -0.000054,   4.866096                 
# span 3 =     0.7249,     3.6370                 
# span 4 =    -0.1615,     5.8035                 
# span 5 =     -0.145,    306.020                 
# span 6 =    -1.9962,    26.6901                 
# span 7 =     2.4850,    31.1352                 
# span 8 =    10.5179,    20.9583                 
# span 9 =    10.5153,    20.9533                 
# span 10 =    4858.90,    4996.73                
# span 11 =     0.0000,    35.6497                
# span 12 =     0.6839,     8.9285                
# span 13 =     0.9774,    12.7597                
# span 14 =     10.937,    173.306                
# span 15 =     30.543,    398.747                
# span 16 =      7.516,      8.222                
# span 17 = 0.0000e+00, 0.0000e+00                
# interval = seconds: 0.25
# start_time = Apr 17 2025 19:48:52 [Instrument's time stamp, header]
# bad_flag = -9.990e-29
*END*
[from data line 2895]
    723.750    253.485   3.958132     0.8487    -0.0682    251.938    26.5231    30.9518    11.6349    11.6321    4919.75    34.8254     1.0731     1.5335     17.577     47.924      7.622  0.000e+00
    724.000    253.627   3.959132     0.8493    -0.0563    252.079    26.5360    30.9648    11.6290    11.6263    4919.75    34.8406     1.0756     1.5371     17.617     48.036      7.624  0.000e+00
    724.250    253.745   3.958603     0.8489    -0.0643    252.196    26.5347    30.9636    11.6260    11.6232    4919.71    34.8382     1.0761     1.5378     17.624     48.058      7.622  0.000e+00
    724.500    253.850   3.958185     0.8474    -0.0603    252.301    26.5323    30.9612    11.6251    11.6223    4919.69    34.8349     1.0720     1.5321     17.557     47.878      7.620  0.000e+00
    724.750    253.950   3.956987     0.8480    -0.0722    252.399    26.5251    30.9540    11.6230    11.6202    4919.64    34.8250     1.0745     1.5356     17.596     47.989      7.622  0.000e+00
    725.000    254.061   3.956848     0.8471    -0.0702    252.510    26.5291    30.9582    11.6174    11.6146    4919.60    34.8289     1.0723     1.5325     17.558     47.890      7.620  0.000e+00
    725.250    254.191   3.956881     0.8467    -0.0643    252.639    26.5345    30.9637    11.6117    11.6089    4919.56    34.8345     1.0707     1.5301     17.530     47.816      7.621  0.000e+00
    725.500    254.322   3.956795     0.8458    -0.0722    252.769    26.5367    30.9660    11.6085    11.6057    4919.54    34.8366     1.0673     1.5252     17.473     47.664      7.620  0.000e+00
    725.750    254.489   3.956735     0.8464    -0.0702    252.935    26.5379    30.9672    11.6067    11.6039    4919.53    34.8377     1.0707     1.5302     17.529     47.819      7.622  0.000e+00
    726.000    254.681   3.956822     0.8457    -0.0702    253.126    26.5396    30.9689    11.6055    11.6027    4919.54    34.8396     1.0675     1.5255     17.476     47.673      7.622  0.000e+00
    726.250    254.904   3.956961     0.8445    -0.0781    253.347    26.5412    30.9705    11.6048    11.6020    4919.55    34.8414     1.0630     1.5191     17.402     47.474      7.621  0.000e+00
    726.500    255.158   3.957020     0.8443    -0.0623    253.600    26.5413    30.9706    11.6051    11.6023    4919.57    34.8417     1.0629     1.5189     17.400     47.467      7.621  0.000e+00
    726.750    255.406   3.955901     0.8445    -0.0762    253.846    26.5321    30.9614    11.6057    11.6030    4919.54    34.8299     1.0632     1.5194     17.405     47.482      7.620  0.000e+00
    727.000    255.660   3.955762     0.8441    -0.0781    254.099    26.5337    30.9631    11.6027    11.5999    4919.52    34.8313     1.0630     1.5191     17.400     47.472      7.623  0.000e+00
    727.250    255.939   3.956041     0.8442    -0.0682    254.376    26.5391    30.9685    11.5991    11.5963    4919.52    34.8373     1.0643     1.5210     17.421     47.532      7.619  0.000e+00
    727.500    256.175   3.955988     0.8436    -0.0722    254.610    26.5402    30.9697    11.5973    11.5945    4919.52    34.8384     1.0631     1.5193     17.401     47.478      7.621  0.000e+00
    727.750    256.373   3.955346     0.8430    -0.0702    254.807    26.5358    30.9654    11.5967    11.5939    4919.50    34.8326     1.0605     1.5156     17.358     47.363      7.619  0.000e+00
    728.000    256.541   3.955346     0.8432    -0.0643    254.973    26.5376    30.9672    11.5947    11.5919    4919.49    34.8344     1.0629     1.5190     17.396     47.469      7.619  0.000e+00
    728.250    256.665   3.955266     0.8431    -0.0781    255.096    26.5393    30.9689    11.5921    11.5893    4919.48    34.8359     1.0636     1.5200     17.407     47.500      7.619  0.000e+00
    728.500    256.745   3.955293     0.8419    -0.0702    255.176    26.5409    30.9705    11.5905    11.5878    4919.47    34.8376     1.0580     1.5120     17.315     47.252      7.619  0.000e+00
    728.750    256.820   3.955319     0.8422    -0.0702    255.250    26.5417    30.9714    11.5898    11.5871    4919.47    34.8385     1.0586     1.5129     17.325     47.277      7.620  0.000e+00
    729.000    256.888   3.955319     0.8413    -0.0861    255.318    26.5420    30.9717    11.5895    11.5867    4919.47    34.8388     1.0551     1.5079     17.268     47.122      7.619  0.000e+00
    729.250    256.981   3.955293     0.8417    -0.0643    255.410    26.5417    30.9714    11.5896    11.5868    4919.48    34.8385     1.0567     1.5101     17.293     47.190      7.622  0.000e+00
    729.500    257.093   3.955267     0.8410    -0.0643    255.521    26.5418    30.9714    11.5893    11.5865    4919.48    34.8384     1.0545     1.5071     17.258     47.096      7.620  0.000e+00
    729.750    257.235   3.955320     0.8413    -0.0643    255.663    26.5423    30.9720    11.5891    11.5863    4919.49    34.8391     1.0563     1.5096     17.287     47.176      7.620  0.000e+00
    730.000    257.384   3.955267     0.8406    -0.0762    255.811    26.5419    30.9715    11.5891    11.5863    4919.49    34.8385     1.0537     1.5058     17.244     47.057      7.618  0.000e+00
    730.250    257.570   3.955320     0.8403    -0.0722    255.995    26.5424    30.9721    11.5888    11.5861    4919.50    34.8391     1.0530     1.5048     17.233     47.027      7.616  0.000e+00
    730.500    257.756   3.955293     0.8404    -0.0722    256.180    26.5421    30.9718    11.5888    11.5861    4919.51    34.8388     1.0544     1.5068     17.255     47.089      7.616  0.000e+00
    730.750    257.942   3.954512     0.8401    -0.0682    256.365    26.5362    30.9659    11.5888    11.5860    4919.49    34.8311     1.0531     1.5050     17.233     47.032      7.618  0.000e+00
    731.000    258.147   3.954261     0.8406    -0.0682    256.568    26.5361    30.9659    11.5866    11.5839    4919.47    34.8305     1.0560     1.5091     17.280     47.161      7.619  0.000e+00
    731.250    258.363   3.954294     0.8401    -0.0484    256.783    26.5394    30.9692    11.5833    11.5805    4919.46    34.8339     1.0544     1.5068     17.253     47.090      7.620  0.000e+00
    731.500    258.574   3.954016     0.8405    -0.0563    256.993    26.5391    30.9690    11.5812    11.5784    4919.45    34.8331     1.0571     1.5107     17.296     47.210      7.620  0.000e+00
    731.750    258.779   3.953930     0.8400    -0.0643    257.196    26.5404    30.9703    11.5790    11.5762    4919.44    34.8342     1.0553     1.5082     17.267     47.131      7.619  0.000e+00
    732.000    258.983   3.954486     0.8403    -0.0722    257.399    26.5461    30.9760    11.5773    11.5746    4919.46    34.8411     1.0579     1.5118     17.309     47.246      7.621  0.000e+00
    732.250    259.201   3.954347     0.8394    -0.0543    257.615    26.5446    30.9745    11.5778    11.5750    4919.47    34.8393     1.0542     1.5065     17.248     47.079      7.618  0.000e+00
    732.500    259.387   3.951507     0.8397    -0.0801    257.800    26.5223    30.9524    11.5783    11.5755    4919.37    34.8108     1.0547     1.5073     17.254     47.103      7.619  0.000e+00
    732.750    259.591   3.949952     0.8401    -0.0623    258.003    26.5172    30.9475    11.5708    11.5680    4919.26    34.8024     1.0570     1.5105     17.287     47.205      7.619  0.000e+00
    733.000    259.752   3.948953     0.8392    -0.0722    258.163    26.5221    30.9527    11.5571    11.5543    4919.13    34.8054     1.0531     1.5050     17.220     47.033      7.615  0.000e+00
    733.250    259.907   3.948232     0.8394    -0.0722    258.317    26.5290    30.9599    11.5434    11.5406    4919.00    34.8111     1.0545     1.5069     17.237     47.092      7.619  0.000e+00
    733.500    260.037   3.946764     0.8390    -0.0722    258.446    26.5274    30.9584    11.5329    11.5301    4918.87    34.8064     1.0525     1.5041     17.200     47.004      7.617  0.000e+00
    733.750    260.174   3.944541     0.8390    -0.0722    258.582    26.5206    30.9520    11.5216    11.5189    4918.71    34.7950     1.0531     1.5050     17.205     47.031      7.618  0.000e+00
    734.000    260.273   3.944317     0.8384    -0.0623    258.680    26.5329    30.9645    11.5063    11.5036    4918.59    34.8071     1.0508     1.5017     17.163     46.928      7.619  0.000e+00
    734.250    260.354   3.945183     0.8377    -0.0801    258.760    26.5506    30.9823    11.4942    11.4915    4918.53    34.8270     1.0481     1.4978     17.116     46.806      7.619  0.000e+00
    734.500    260.441   3.944932     0.8368    -0.0702    258.847    26.5531    30.9848    11.4894    11.4867    4918.49    34.8290     1.0427     1.4902     17.028     46.568      7.618  0.000e+00
    734.750    260.509   3.944125     0.8364    -0.0623    258.914    26.5480    30.9799    11.4881    11.4854    4918.45    34.8222     1.0399     1.4861     16.980     46.441      7.619  0.000e+00
    735.000    260.608   3.943153     0.8354    -0.0623    259.013    26.5440    30.9760    11.4843    11.4816    4918.39    34.8162     1.0351     1.4793     16.900     46.228      7.617  0.000e+00
    735.250    260.745   3.941467     0.8358    -0.0623    259.148    26.5357    30.9679    11.4792    11.4765    4918.29    34.8043     1.0359     1.4804     16.910     46.263      7.616  0.000e+00
    735.500    260.893   3.939497     0.8339    -0.0781    259.296    26.5294    30.9619    11.4695    11.4668    4918.15    34.7939     1.0284     1.4696     16.782     45.927      7.615  0.000e+00
    735.750    261.079   3.935400     0.8340    -0.0623    259.481    26.5119    30.9448    11.4543    11.4516    4917.88    34.7677     1.0287     1.4701     16.779     45.941      7.616  0.000e+00
    736.000    261.315   3.933854     0.8332    -0.0623    259.715    26.5203    30.9536    11.4321    11.4293    4917.67    34.7732     1.0263     1.4667     16.733     45.835      7.617  0.000e+00
    736.250    261.588   3.931199     0.8325    -0.0722    259.986    26.5210    30.9548    11.4089    11.4062    4917.40    34.7687     1.0250     1.4649     16.704     45.779      7.615  0.000e+00
    736.500    261.848   3.932137     0.8310    -0.0682    260.244    26.5494    30.9835    11.3857    11.3830    4917.27    34.7996     1.0193     1.4566     16.605     45.520      7.616  0.000e+00
    736.750    262.108   3.932719     0.8302    -0.0702    260.503    26.5671    31.0013    11.3713    11.3685    4917.20    34.8189     1.0153     1.4510     16.538     45.344      7.617  0.000e+00
    737.000    262.363   3.928994     0.8285    -0.0702    260.756    26.5425    30.9771    11.3667    11.3640    4917.03    34.7862     1.0080     1.4405     16.413     45.016      7.618  0.000e+00
    737.250    262.580   3.923858     0.8280    -0.0781    260.971    26.5135    30.9486    11.3551    11.3524    4916.75    34.7462     1.0052     1.4366     16.360     44.894      7.617  0.000e+00
    737.500    262.753   3.920612     0.8265    -0.0722    261.144    26.5138    30.9495    11.3275    11.3247    4916.42    34.7401     1.0000     1.4291     16.265     44.659      7.617  0.000e+00
    737.750    262.865   3.920915     0.8251    -0.0543    261.255    26.5473    30.9834    11.2934    11.2907    4916.18    34.7751     0.9930     1.4191     16.144     44.349      7.616  0.000e+00
    738.000    262.964   3.920639     0.8245    -0.0722    261.353    26.5658    31.0022    11.2709    11.2682    4916.00    34.7935     0.9913     1.4167     16.110     44.272      7.618  0.000e+00
    738.250    263.039   3.920744     0.8225    -0.0702    261.427    26.5778    31.0144    11.2586    11.2559    4915.91    34.8061     0.9836     1.4056     15.981     43.926      7.617  0.000e+00
    738.500    263.113   3.920830     0.8208    -0.0781    261.501    26.5843    31.0209    11.2523    11.2496    4915.87    34.8128     0.9767     1.3957     15.867     43.618      7.615  0.000e+00
    738.750    263.212   3.920415     0.8190    -0.0702    261.599    26.5835    31.0202    11.2496    11.2469    4915.84    34.8112     0.9688     1.3846     15.739     43.268      7.616  0.000e+00
    739.000    263.355   3.919729     0.8172    -0.0762    261.741    26.5800    31.0168    11.2476    11.2449    4915.80    34.8062     0.9609     1.3732     15.609     42.913      7.616  0.000e+00
    739.250    263.534   3.919260     0.8162    -0.0722    261.920    26.5798    31.0167    11.2438    11.2411    4915.77    34.8051     0.9560     1.3663     15.529     42.697      7.615  0.000e+00
    739.500    263.708   3.919452     0.8143    -0.0603    262.092    26.5853    31.0223    11.2393    11.2366    4915.75    34.8112     0.9488     1.3559     15.410     42.372      7.612  0.000e+00
    739.750    263.888   3.919261     0.8129    -0.0781    262.271    26.5865    31.0235    11.2364    11.2337    4915.73    34.8119     0.9435     1.3484     15.324     42.137      7.614  0.000e+00
    740.000    264.074   3.919096     0.8120    -0.0603    262.455    26.5867    31.0237    11.2347    11.2320    4915.72    34.8118     0.9407     1.3443     15.277     42.010      7.612  0.000e+00
    740.250    264.217   3.917994     0.8107    -0.0781    262.597    26.5794    31.0165    11.2333    11.2306    4915.67    34.8021     0.9382     1.3408     15.235     41.899      7.613  0.000e+00
    740.500    264.359   3.916510     0.8099    -0.0702    262.739    26.5720    31.0093    11.2289    11.2262    4915.59    34.7916     0.9379     1.3403     15.227     41.885      7.612  0.000e+00
    740.750    264.502   3.915904     0.8092    -0.0722    262.881    26.5753    31.0128    11.2201    11.2174    4915.50    34.7938     0.9378     1.3402     15.224     41.883      7.614  0.000e+00
    741.000    264.657   3.915548     0.8078    -0.0762    263.034    26.5806    31.0182    11.2113    11.2086    4915.43    34.7984     0.9348     1.3359     15.173     41.748      7.609  0.000e+00
    741.250    264.849   3.915027     0.8066    -0.0762    263.225    26.5827    31.0204    11.2046    11.2019    4915.37    34.7995     0.9318     1.3316     15.121     41.613      7.610  0.000e+00
    741.500    265.078   3.914309     0.8070    -0.0643    263.453    26.5821    31.0200    11.1990    11.1964    4915.31    34.7975     0.9362     1.3380     15.192     41.812      7.609  0.000e+00
    741.750    265.339   3.914282     0.8059    -0.0524    263.712    26.5875    31.0254    11.1929    11.1902    4915.27    34.8030     0.9338     1.3346     15.152     41.705      7.613  0.000e+00
    742.000    265.593   3.913518     0.8052    -0.0781    263.964    26.5859    31.0239    11.1881    11.1854    4915.22    34.7998     0.9327     1.3329     15.131     41.653      7.614  0.000e+00
    742.250    265.835   3.913485     0.8049    -0.0762    264.204    26.5894    31.0275    11.1839    11.1812    4915.20    34.8033     0.9334     1.3339     15.141     41.684      7.614  0.000e+00
    742.500    266.045   3.913215     0.8034    -0.0682    264.414    26.5909    31.0291    11.1799    11.1772    4915.17    34.8043     0.9285     1.3269     15.060     41.465      7.612  0.000e+00
    742.750    266.225   3.913268     0.8036    -0.0722    264.592    26.5941    31.0324    11.1768    11.1741    4915.16    34.8077     0.9303     1.3295     15.090     41.549      7.611  0.000e+00
    743.000    266.349   3.913188     0.8033    -0.0722    264.715    26.5952    31.0335    11.1749    11.1722    4915.14    34.8087     0.9310     1.3305     15.101     41.580      7.612  0.000e+00
    743.250    266.424   3.912391     0.8021    -0.0762    264.789    26.5903    31.0287    11.1735    11.1708    4915.11    34.8020     0.9267     1.3244     15.030     41.388      7.610  0.000e+00
