cruises/baja2025/cnv/20250424_cast2.cnv
* Sea-Bird SBE19plus Data File:
* FileName = C:\Users\ScienceTech\OneDrive - Western Flyer Foundation\Desktop\ProfilingCTD\data\20250424_SanFrancisquito_cast13.hex
* Software Version 1.59
* Temperature SN =  8289
* Conductivity SN =  8289
* System UpLoad Time = Apr 24 2025 14:54:44
** San Franciscito
** 4/24/2025 1905 UTC
** 24 48.452'N
** 110 29.552'W
** about 300 m on seamount SE of San Franciscito
# nquan = 18
# nvalues = 5628                                  
# units = specified
# name 0 = timeS: Time, Elapsed [seconds]
# name 1 = prdM: Pressure, Strain Gauge [db]
# name 2 = c0S/m: Conductivity [S/m]
# name 3 = sbeox0V: Oxygen raw, SBE 43 [V]
# name 4 = flECO-AFL: Fluorescence, WET Labs ECO-AFL/FL [mg/m^3]
# name 5 = depSM: Depth [salt water, m], lat = 0.00
# name 6 = sigma-t00: Density [sigma-t, kg/m^3 ]
# name 7 = sigma-100: Density [sigma-1, kg/m^3 ]
# name 8 = tv268C: Temperature [IPTS-68, deg C]
# name 9 = tv290C: Temperature [ITS-90, deg C]
# name 10 = svCF: Sound Velocity [Chen-Millero, ft/s]
# name 11 = sal00: Salinity, Practical [PSU]
# name 12 = sbeox0ML/L: Oxygen, SBE 43 [ml/l]
# name 13 = sbeox0Mg/L: Oxygen, SBE 43 [mg/l]
# name 14 = sbeox0PS: Oxygen, SBE 43 [% saturation]
# name 15 = sbeox0Mm/L: Oxygen, SBE 43 [umol/l]
# name 16 = ph: pH
# name 17 = flag:  0.000e+00
# span 0 =      0.000,   1406.750                 
# span 1 =     -0.157,    350.589                 
# span 2 =  -0.467197,   5.242269                 
# span 3 =     0.5338,     3.1809                 
# span 4 =    -0.1734,   128.7495                 
# span 5 =     -0.156,    348.368                 
# span 6 =    -3.9432,    26.8490                 
# span 7 =     0.4149,    31.3035                 
# span 8 =    10.1255,    28.6284                 
# span 9 =    10.1230,    28.6215                 
# span 10 =    4858.85,    5034.81                
# span 11 =     0.0000,    36.1375                
# span 12 =     0.0148,     7.0411                
# span 13 =     0.0211,    10.0624                
# span 14 =      0.217,    144.073                
# span 15 =      0.660,    314.455                
# span 16 =      6.980,      8.188                
# span 17 = 0.0000e+00, 0.0000e+00                
# interval = seconds: 0.25
# start_time = Apr 24 2025 12:03:43 [Instrument's time stamp, header]
# bad_flag = -9.990e-29
*END*
[from data line 4262]
   1065.500    214.550   3.964105     0.5562    -0.0643    213.261    26.4436    30.8688    11.7858    11.7830    4919.08    34.7596     0.0912     0.1303      1.498      4.073      7.562  0.000e+00
   1065.750    214.364   3.964164     0.5574    -0.0603    213.076    26.4434    30.8685    11.7866    11.7838    4919.08    34.7595     0.0956     0.1367      1.571      4.271      7.563  0.000e+00
   1066.000    214.172   3.964323     0.5569    -0.0722    212.885    26.4443    30.8694    11.7870    11.7842    4919.08    34.7608     0.0930     0.1330      1.528      4.155      7.565  0.000e+00
   1066.250    213.968   3.964635     0.5573    -0.0682    212.682    26.4458    30.8709    11.7879    11.7851    4919.09    34.7631     0.0954     0.1363      1.567      4.259      7.566  0.000e+00
   1066.500    213.763   3.964581     0.5566    -0.0702    212.479    26.4439    30.8690    11.7897    11.7868    4919.09    34.7610     0.0933     0.1333      1.533      4.167      7.562  0.000e+00
   1066.750    213.565   3.964555     0.5577    -0.0781    212.282    26.4428    30.8678    11.7908    11.7880    4919.09    34.7598     0.0971     0.1387      1.595      4.336      7.565  0.000e+00
   1067.000    213.361   3.964694     0.5562    -0.0702    212.079    26.4434    30.8684    11.7914    11.7885    4919.09    34.7607     0.0900     0.1287      1.479      4.021      7.564  0.000e+00
   1067.250    213.175   3.964833     0.5580    -0.0603    211.894    26.4438    30.8688    11.7922    11.7893    4919.09    34.7614     0.0975     0.1394      1.602      4.356      7.564  0.000e+00
   1067.500    212.958   3.964919     0.5571    -0.0722    211.679    26.4435    30.8685    11.7932    11.7904    4919.09    34.7613     0.0944     0.1350      1.551      4.218      7.565  0.000e+00
   1067.750    212.760   3.964972     0.5571    -0.0543    211.482    26.4429    30.8679    11.7944    11.7915    4919.09    34.7609     0.0933     0.1333      1.532      4.165      7.566  0.000e+00
   1068.000    212.555   3.964972     0.5574    -0.0643    211.279    26.4424    30.8673    11.7951    11.7923    4919.08    34.7603     0.0950     0.1358      1.561      4.243      7.564  0.000e+00
   1068.250    212.357   3.964998     0.5575    -0.0563    211.082    26.4419    30.8668    11.7959    11.7930    4919.08    34.7599     0.0953     0.1362      1.565      4.256      7.566  0.000e+00
   1068.500    212.165   3.965111     0.5574    -0.0781    210.891    26.4423    30.8672    11.7964    11.7936    4919.08    34.7606     0.0953     0.1363      1.566      4.258      7.563  0.000e+00
   1068.750    211.960   3.965084     0.5570    -0.0722    210.688    26.4418    30.8667    11.7969    11.7940    4919.07    34.7600     0.0928     0.1327      1.525      4.147      7.564  0.000e+00
   1069.000    211.799   3.965137     0.5578    -0.0524    210.528    26.4418    30.8666    11.7974    11.7945    4919.07    34.7601     0.0967     0.1382      1.589      4.318      7.564  0.000e+00
   1069.250    211.620   3.965137     0.5580    -0.0722    210.349    26.4415    30.8664    11.7977    11.7949    4919.06    34.7598     0.0967     0.1382      1.589      4.319      7.564  0.000e+00
   1069.500    211.465   3.965197     0.5567    -0.0702    210.195    26.4418    30.8666    11.7980    11.7952    4919.06    34.7602     0.0922     0.1318      1.515      4.119      7.564  0.000e+00
   1069.750    211.297   3.965336     0.5573    -0.0722    210.029    26.4426    30.8674    11.7983    11.7955    4919.06    34.7614     0.0939     0.1342      1.543      4.194      7.565  0.000e+00
   1070.000    211.143   3.965415     0.5574    -0.0702    209.875    26.4425    30.8674    11.7991    11.7963    4919.06    34.7615     0.0938     0.1341      1.542      4.190      7.566  0.000e+00
   1070.250    210.969   3.965521     0.5571    -0.0682    209.703    26.4426    30.8673    11.8000    11.7972    4919.06    34.7618     0.0924     0.1321      1.519      4.129      7.565  0.000e+00
   1070.500    210.771   3.966118     0.5580    -0.0623    209.506    26.4461    30.8708    11.8012    11.7984    4919.08    34.7665     0.0965     0.1379      1.585      4.309      7.561  0.000e+00
   1070.750    210.560   3.966562     0.5576    -0.0722    209.297    26.4473    30.8719    11.8037    11.8008    4919.10    34.7687     0.0954     0.1364      1.568      4.261      7.564  0.000e+00
   1071.000    210.356   3.966562     0.5569    -0.0543    209.094    26.4439    30.8685    11.8074    11.8045    4919.12    34.7653     0.0915     0.1308      1.504      4.087      7.568  0.000e+00
   1071.250    210.145   3.966588     0.5579    -0.0781    208.884    26.4419    30.8665    11.8099    11.8070    4919.13    34.7633     0.0959     0.1371      1.576      4.283      7.564  0.000e+00
   1071.500    209.941   3.967012     0.5573    -0.0702    208.681    26.4435    30.8680    11.8117    11.8089    4919.15    34.7658     0.0945     0.1350      1.553      4.219      7.564  0.000e+00
   1071.750    209.755   3.967257     0.5570    -0.0623    208.497    26.4434    30.8679    11.8140    11.8111    4919.17    34.7663     0.0924     0.1320      1.518      4.124      7.566  0.000e+00
   1072.000    209.581   3.967397     0.5573    -0.0722    208.324    26.4423    30.8667    11.8164    11.8136    4919.18    34.7654     0.0929     0.1327      1.526      4.148      7.568  0.000e+00
   1072.250    209.439   3.967370     0.5580    -0.0643    208.183    26.4401    30.8644    11.8187    11.8158    4919.19    34.7631     0.0962     0.1375      1.582      4.298      7.565  0.000e+00
   1072.500    209.297   3.967648     0.5574    -0.0603    208.041    26.4409    30.8652    11.8201    11.8173    4919.20    34.7645     0.0936     0.1338      1.539      4.180      7.565  0.000e+00
   1072.750    209.154   3.967847     0.5573    -0.0702    207.900    26.4411    30.8654    11.8216    11.8188    4919.22    34.7651     0.0936     0.1338      1.539      4.180      7.565  0.000e+00
   1073.000    209.012   3.968013     0.5579    -0.0702    207.758    26.4405    30.8648    11.8237    11.8208    4919.23    34.7649     0.0966     0.1380      1.587      4.313      7.566  0.000e+00
   1073.250    208.838   3.968039     0.5577    -0.0623    207.586    26.4391    30.8633    11.8255    11.8227    4919.24    34.7635     0.0952     0.1361      1.565      4.253      7.563  0.000e+00
   1073.500    208.634   3.968603     0.5564    -0.0643    207.383    26.4421    30.8662    11.8270    11.8242    4919.26    34.7677     0.0903     0.1291      1.485      4.034      7.565  0.000e+00
   1073.750    208.411   3.969266     0.5580    -0.0801    207.161    26.4451    30.8691    11.8293    11.8265    4919.29    34.7721     0.0964     0.1377      1.585      4.304      7.566  0.000e+00
   1074.000    208.156   3.969213     0.5580    -0.0722    206.909    26.4408    30.8648    11.8336    11.8308    4919.31    34.7677     0.0961     0.1373      1.580      4.292      7.567  0.000e+00
   1074.250    207.909   3.969272     0.5580    -0.0543    206.662    26.4384    30.8624    11.8368    11.8340    4919.32    34.7654     0.0965     0.1379      1.587      4.310      7.566  0.000e+00
   1074.500    207.673   3.969351     0.5585    -0.0623    206.429    26.4374    30.8613    11.8387    11.8359    4919.33    34.7645     0.0997     0.1424      1.639      4.451      7.565  0.000e+00
   1074.750    207.450   3.969637     0.5579    -0.0643    206.207    26.4386    30.8625    11.8398    11.8370    4919.33    34.7663     0.0974     0.1393      1.602      4.352      7.565  0.000e+00
   1075.000    207.264   3.969776     0.5585    -0.0623    206.022    26.4379    30.8618    11.8418    11.8389    4919.34    34.7660     0.0997     0.1425      1.639      4.452      7.565  0.000e+00
   1075.250    207.097   3.969603     0.5585    -0.0643    205.856    26.4351    30.8589    11.8435    11.8407    4919.34    34.7628     0.1004     0.1435      1.652      4.486      7.565  0.000e+00
   1075.500    206.967   3.970167     0.5586    -0.0762    205.727    26.4388    30.8626    11.8442    11.8414    4919.36    34.7677     0.1014     0.1448      1.667      4.526      7.565  0.000e+00
   1075.750    206.843   3.970697     0.5580    -0.0623    205.604    26.4414    30.8651    11.8459    11.8430    4919.39    34.7714     0.0969     0.1384      1.593      4.326      7.566  0.000e+00
   1076.000    206.738   3.970863     0.5585    -0.0643    205.499    26.4394    30.8630    11.8494    11.8466    4919.42    34.7697     0.0984     0.1407      1.619      4.395      7.565  0.000e+00
   1076.250    206.577   3.970810     0.5577    -0.0543    205.339    26.4360    30.8596    11.8527    11.8499    4919.43    34.7662     0.0944     0.1349      1.552      4.214      7.565  0.000e+00
   1076.500    206.409   3.970783     0.5580    -0.0563    205.173    26.4340    30.8576    11.8547    11.8519    4919.44    34.7641     0.0951     0.1359      1.564      4.246      7.566  0.000e+00
   1076.750    206.236   3.971227     0.5581    -0.0702    205.001    26.4366    30.8601    11.8557    11.8529    4919.45    34.7676     0.0955     0.1365      1.571      4.266      7.566  0.000e+00
   1077.000    206.038   3.972627     0.5585    -0.0543    204.804    26.4454    30.8688    11.8577    11.8549    4919.51    34.7795     0.0967     0.1381      1.590      4.317      7.565  0.000e+00
   1077.250    205.821   3.973748     0.5587    -0.0762    204.588    26.4488    30.8721    11.8634    11.8606    4919.58    34.7853     0.0983     0.1405      1.617      4.389      7.564  0.000e+00
   1077.500    205.573   3.973966     0.5594    -0.0722    204.342    26.4424    30.8655    11.8723    11.8694    4919.65    34.7792     0.1022     0.1460      1.682      4.563      7.565  0.000e+00
   1077.750    205.344   3.974922     0.5579    -0.0543    204.114    26.4434    30.8663    11.8793    11.8764    4919.73    34.7821     0.0968     0.1383      1.593      4.322      7.563  0.000e+00
   1078.000    205.134   3.976686     0.5589    -0.0543    203.905    26.4503    30.8730    11.8864    11.8835    4919.84    34.7928     0.1003     0.1434      1.652      4.481      7.567  0.000e+00
   1078.250    204.923   3.978226     0.5586    -0.0682    203.696    26.4521    30.8746    11.8973    11.8944    4919.97    34.7978     0.0999     0.1428      1.646      4.463      7.567  0.000e+00
   1078.500    204.737   3.979540     0.5590    -0.0643    203.511    26.4504    30.8726    11.9101    11.9073    4920.10    34.7987     0.1008     0.1440      1.660      4.500      7.564  0.000e+00
   1078.750    204.551   3.979486     0.5586    -0.0762    203.327    26.4381    30.8601    11.9232    11.9203    4920.19    34.7861     0.0987     0.1411      1.627      4.409      7.564  0.000e+00
   1079.000    204.415   3.981843     0.5597    -0.0762    203.191    26.4474    30.8691    11.9327    11.9298    4920.35    34.8003     0.1028     0.1469      1.693      4.589      7.565  0.000e+00
   1079.250    204.272   3.984930     0.5596    -0.0762    203.050    26.4600    30.8813    11.9445    11.9416    4920.55    34.8194     0.1026     0.1466      1.691      4.581      7.566  0.000e+00
   1079.500    204.124   3.985069     0.5598    -0.0643    202.902    26.4431    30.8642    11.9642    11.9613    4920.69    34.8025     0.1040     0.1486      1.715      4.644      7.564  0.000e+00
   1079.750    203.957   3.985408     0.5602    -0.0543    202.736    26.4310    30.8518    11.9803    11.9774    4920.82    34.7908     0.1071     0.1530      1.766      4.781      7.566  0.000e+00
   1080.000    203.771   3.985461     0.5602    -0.0603    202.551    26.4221    30.8428    11.9905    11.9876    4920.89    34.7819     0.1064     0.1520      1.755      4.751      7.566  0.000e+00
   1080.250    203.554   3.990071     0.5599    -0.0801    202.336    26.4507    30.8710    11.9974    11.9945    4921.10    34.8205     0.1051     0.1502      1.734      4.693      7.566  0.000e+00
   1080.500    203.331   3.993839     0.5599    -0.0623    202.114    26.4637    30.8835    12.0145    12.0116    4921.37    34.8413     0.1042     0.1489      1.720      4.652      7.565  0.000e+00
   1080.750    203.108   3.992968     0.5615    -0.0781    201.893    26.4321    30.8516    12.0419    12.0390    4921.53    34.8074     0.1107     0.1582      1.829      4.945      7.565  0.000e+00
   1081.000    202.916   3.993473     0.5620    -0.0702    201.702    26.4190    30.8383    12.0604    12.0575    4921.68    34.7952     0.1130     0.1616      1.868      5.049      7.565  0.000e+00
   1081.250    202.730   3.994490     0.5616    -0.0623    201.517    26.4176    30.8366    12.0704    12.0675    4921.78    34.7958     0.1121     0.1602      1.853      5.007      7.567  0.000e+00
   1081.500    202.563   3.994270     0.5626    -0.0603    201.351    26.4080    30.8269    12.0792    12.0763    4921.83    34.7856     0.1168     0.1669      1.930      5.215      7.566  0.000e+00
   1081.750    202.389   3.995752     0.5625    -0.0702    201.179    26.4143    30.8331    12.0845    12.0816    4921.92    34.7951     0.1166     0.1667      1.928      5.208      7.565  0.000e+00
   1082.000    202.222   3.996570     0.5637    -0.0623    201.012    26.4142    30.8328    12.0915    12.0886    4921.99    34.7966     0.1223     0.1747      2.021      5.460      7.568  0.000e+00
   1082.250    202.030   3.998006     0.5635    -0.0762    200.822    26.4175    30.8359    12.0998    12.0969    4922.10    34.8029     0.1217     0.1740      2.013      5.437      7.566  0.000e+00
   1082.500    201.838   4.000167     0.5645    -0.0563    200.631    26.4248    30.8429    12.1098    12.1069    4922.25    34.8148     0.1254     0.1792      2.075      5.601      7.565  0.000e+00
   1082.750    201.640   4.000912     0.5638    -0.0702    200.434    26.4166    30.8344    12.1249    12.1220    4922.38    34.8080     0.1210     0.1730      2.003      5.406      7.568  0.000e+00
   1083.000    201.435   4.000799     0.5647    -0.0563    200.231    26.4030    30.8206    12.1390    12.1360    4922.47    34.7939     0.1239     0.1771      2.051      5.536      7.564  0.000e+00
   1083.250    201.274   4.000493     0.5648    -0.0623    200.071    26.3932    30.8108    12.1471    12.1442    4922.51    34.7834     0.1242     0.1776      2.057      5.549      7.568  0.000e+00
   1083.500    201.113   4.000167     0.5647    -0.0722    199.911    26.3879    30.8055    12.1503    12.1474    4922.51    34.7774     0.1225     0.1751      2.028      5.471      7.566  0.000e+00
   1083.750    200.964   4.000320     0.5653    -0.0623    199.763    26.3893    30.8068    12.1502    12.1472    4922.51    34.7791     0.1244     0.1778      2.059      5.556      7.566  0.000e+00
   1084.000    200.791   4.000433     0.5662    -0.0524    199.591    26.3904    30.8080    12.1499    12.1470    4922.50    34.7805     0.1274     0.1821      2.109      5.690      7.565  0.000e+00
   1084.250    200.605   4.001051     0.5664    -0.0801    199.406    26.3949    30.8124    12.1502    12.1472    4922.52    34.7863     0.1287     0.1839      2.130      5.748      7.568  0.000e+00
   1084.500    200.401   4.002382     0.5658    -0.0682    199.203    26.4026    30.8200    12.1528    12.1498    4922.58    34.7969     0.1260     0.1800      2.085      5.625      7.569  0.000e+00
   1084.750    200.165   4.003000     0.5670    -0.0702    198.969    26.4013    30.8185    12.1594    12.1565    4922.64    34.7968     0.1310     0.1872      2.169      5.851      7.568  0.000e+00
   1085.000    199.942   4.003060     0.5669    -0.0781    198.747    26.3949    30.8120    12.1670    12.1641    4922.69    34.7904     0.1302     0.1861      2.156      5.815      7.568  0.000e+00
