cruises/baja2025/cnv/20250502_cast2.cnv
* Sea-Bird SBE19plus Data File:
* FileName = C:\Users\ScienceTech\OneDrive - Western Flyer Foundation\Desktop\ProfilingCTD\data\Leg 3\20250502_T10_cast1.hex
* Software Version 1.59
* Temperature SN =  8289
* Conductivity SN =  8289
* System UpLoad Time = May 03 2025 05:50:01
** Site "T10"
** 27-19.29'N 112-09.68'W
** 2025-05-02 2224Z
** Bottom depth 600m
** Cast to 500m
# nquan = 18
# nvalues = 8024                                  
# units = specified
# name 0 = timeS: Time, Elapsed [seconds]
# name 1 = prdM: Pressure, Strain Gauge [db]
# name 2 = c0S/m: Conductivity [S/m]
# name 3 = sbeox0V: Oxygen raw, SBE 43 [V]
# name 4 = flECO-AFL: Fluorescence, WET Labs ECO-AFL/FL [mg/m^3]
# name 5 = depSM: Depth [salt water, m], lat = 0.00
# name 6 = sigma-t00: Density [sigma-t, kg/m^3 ]
# name 7 = sigma-100: Density [sigma-1, kg/m^3 ]
# name 8 = tv268C: Temperature [IPTS-68, deg C]
# name 9 = tv290C: Temperature [ITS-90, deg C]
# name 10 = svCF: Sound Velocity [Chen-Millero, ft/s]
# name 11 = sal00: Salinity, Practical [PSU]
# name 12 = sbeox0ML/L: Oxygen, SBE 43 [ml/l]
# name 13 = sbeox0Mg/L: Oxygen, SBE 43 [mg/l]
# name 14 = sbeox0PS: Oxygen, SBE 43 [% saturation]
# name 15 = sbeox0Mm/L: Oxygen, SBE 43 [umol/l]
# name 16 = ph: pH
# name 17 = flag:  0.000e+00
# span 0 =      0.000,   2005.750                 
# span 1 =     -0.200,    489.938                 
# span 2 =   0.076823,   4.885025                 
# span 3 =     0.6547,     3.5526                 
# span 4 =    -0.1575,   128.6979                 
# span 5 =     -0.199,    486.670                 
# span 6 =    -1.6431,    26.7914                 
# span 7 =     2.8386,    31.2602                 
# span 8 =     9.8714,    20.8140                 
# span 9 =     9.8690,    20.8090                 
# span 10 =    4858.94,    4997.41                
# span 11 =     0.4115,    36.1136                
# span 12 =     0.4519,     8.4669                
# span 13 =     0.6458,    12.1000                
# span 14 =      7.148,    162.580                
# span 15 =     20.181,    378.131                
# span 16 =      7.608,      8.262                
# span 17 = 0.0000e+00, 0.0000e+00                
# interval = seconds: 0.25
# start_time = May 02 2025 15:23:22 [Instrument's time stamp, header]
# bad_flag = -9.990e-29
*END*
[from data line 1287]
    321.750      6.159   4.727573     3.2404     3.8793      6.126    25.2084    29.4938    19.0578    19.0532    4984.32    35.2628     7.5975    10.8576    144.500    339.305      8.198  0.000e+00
    322.000      6.184   4.728235     3.2445     3.8753      6.150    25.2033    29.4885    19.0681    19.0635    4984.40    35.2596     7.6081    10.8727    144.726    339.776      8.197  0.000e+00
    322.250      6.221   4.728235     3.2489     3.8753      6.187    25.1950    29.4801    19.0773    19.0727    4984.46    35.2517     7.6199    10.8896    144.969    340.305      8.197  0.000e+00
    322.500      6.209   4.728335     3.2533     3.6254      6.175    25.1904    29.4755    19.0830    19.0784    4984.50    35.2477     7.6326    10.9077    145.222    340.871      8.200  0.000e+00
    322.750      6.215   4.728620     3.2559     3.6174      6.181    25.1892    29.4742    19.0864    19.0818    4984.53    35.2472     7.6404    10.9188    145.379    341.218      8.199  0.000e+00
    323.000      6.203   4.727857     3.2567     3.6194      6.169    25.1823    29.4673    19.0887    19.0841    4984.52    35.2389     7.6448    10.9252    145.463    341.418      8.200  0.000e+00
    323.250      6.184   4.727002     3.2577     3.6036      6.150    25.1761    29.4611    19.0895    19.0849    4984.50    35.2311     7.6499    10.9325    145.555    341.646      8.200  0.000e+00
    323.500      6.172   4.727067     3.2575     3.5421      6.138    25.1802    29.4653    19.0854    19.0808    4984.47    35.2351     7.6489    10.9311    145.529    341.601      8.200  0.000e+00
    323.750      6.153   4.727508     3.2561     3.5242      6.119    25.1865    29.4716    19.0816    19.0770    4984.46    35.2420     7.6399    10.9182    145.353    341.197      8.203  0.000e+00
    324.000      6.098   4.727701     3.2569     3.5262      6.064    25.1883    29.4734    19.0809    19.0763    4984.46    35.2442     7.6352    10.9115    145.264    340.988      8.204  0.000e+00
    324.250      6.060   4.728207     3.2589     3.5202      6.027    25.1902    29.4753    19.0824    19.0778    4984.48    35.2472     7.6353    10.9117    145.273    340.995      8.204  0.000e+00
    324.500      6.042   4.728427     3.2592     3.4270      6.009    25.1897    29.4747    19.0846    19.0800    4984.50    35.2472     7.6323    10.9074    145.222    340.861      8.206  0.000e+00
    324.750      6.011   4.729062     3.2596     3.4270      5.978    25.1906    29.4755    19.0880    19.0834    4984.54    35.2496     7.6315    10.9062    145.217    340.823      8.205  0.000e+00
    325.000      5.974   4.730266     3.2597     3.4290      5.941    25.1951    29.4799    19.0916    19.0870    4984.60    35.2566     7.6308    10.9051    145.219    340.790      8.205  0.000e+00
    325.250      5.986   4.732803     3.2603     3.4330      5.953    25.2059    29.4906    19.0975    19.0929    4984.71    35.2728     7.6312    10.9057    145.257    340.809      8.204  0.000e+00
    325.500      6.017   4.734806     3.2631     3.4449      5.984    25.2087    29.4931    19.1086    19.1040    4984.85    35.2801     7.6396    10.9177    145.452    341.183      8.206  0.000e+00
    325.750      6.048   4.733822     3.2646     3.5123      6.015    25.1870    29.4713    19.1256    19.1210    4984.92    35.2575     7.6447    10.9251    145.577    341.413      8.203  0.000e+00
    326.000      6.116   4.732268     3.2662     3.5024      6.082    25.1685    29.4527    19.1350    19.1305    4984.93    35.2364     7.6496    10.9321    145.677    341.632      8.206  0.000e+00
    326.250      6.184   4.731755     3.2710     3.4885      6.150    25.1659    29.4502    19.1342    19.1296    4984.92    35.2328     7.6670    10.9570    146.004    342.410      8.206  0.000e+00
    326.500      6.221   4.732168     3.2741     3.4984      6.187    25.1727    29.4570    19.1297    19.1251    4984.90    35.2401     7.6808    10.9766    146.259    343.023      8.207  0.000e+00
    326.750      6.246   4.730900     3.2720     3.4369      6.212    25.1664    29.4508    19.1277    19.1231    4984.85    35.2312     7.6766    10.9706    146.166    342.836      8.207  0.000e+00
    327.000      6.240   4.729888     3.2686     3.4389      6.206    25.1635    29.4480    19.1237    19.1192    4984.80    35.2261     7.6650    10.9540    145.930    342.319      8.205  0.000e+00
    327.250      6.215   4.730772     3.2670     3.4429      6.181    25.1754    29.4599    19.1168    19.1122    4984.78    35.2393     7.6554    10.9403    145.740    341.889      8.206  0.000e+00
    327.500      6.190   4.730301     3.2667     3.4250      6.156    25.1752    29.4598    19.1137    19.1091    4984.75    35.2380     7.6485    10.9305    145.600    341.583      8.204  0.000e+00
    327.750      6.166   4.730109     3.2657     3.3754      6.132    25.1756    29.4603    19.1119    19.1073    4984.73    35.2380     7.6401    10.9185    145.435    341.207      8.206  0.000e+00
    328.000      6.141   4.729026     3.2677     3.3735      6.107    25.1704    29.4551    19.1101    19.1055    4984.68    35.2305     7.6425    10.9219    145.470    341.316      8.203  0.000e+00
    328.250      6.122   4.729154     3.2706     3.3754      6.088    25.1758    29.4606    19.1050    19.1004    4984.65    35.2359     7.6502    10.9329    145.606    341.657      8.203  0.000e+00
    328.500      6.128   4.729696     3.2730     3.3655      6.095    25.1825    29.4673    19.1014    19.0968    4984.65    35.2435     7.6613    10.9487    145.814    342.153      8.202  0.000e+00
    328.750      6.122   4.726902     3.2746     3.3794      6.088    25.1646    29.4496    19.1014    19.0968    4984.56    35.2201     7.6742    10.9672    146.040    342.730      8.204  0.000e+00
    329.000      6.128   4.728648     3.2761     3.7265      6.095    25.1815    29.4664    19.0951    19.0905    4984.58    35.2400     7.6851    10.9827    146.247    343.215      8.204  0.000e+00
    329.250      6.104   4.728869     3.2751     3.7127      6.070    25.1867    29.4716    19.0909    19.0864    4984.56    35.2455     7.6847    10.9822    146.234    343.200      8.203  0.000e+00
    329.500      6.023   4.732169     3.2745     3.7047      5.990    25.2067    29.4914    19.0922    19.0876    4984.66    35.2720     7.6812    10.9772    146.193    343.041      8.203  0.000e+00
    329.750      5.936   4.733630     3.2725     3.7186      5.904    25.2071    29.4917    19.1021    19.0975    4984.76    35.2759     7.6701    10.9613    146.012    342.547      8.202  0.000e+00
    330.000      5.862   4.737380     3.2732     3.2128      5.830    25.2170    29.5011    19.1176    19.1130    4984.97    35.2940     7.6638    10.9523    145.950    342.266      8.203  0.000e+00
    330.250      5.763   4.738935     3.2723     3.2366      5.731    25.2089    29.4928    19.1375    19.1329    4985.14    35.2901     7.6534    10.9375    145.803    341.802      8.206  0.000e+00
    330.500      5.676   4.748167     3.2726     3.2148      5.645    25.2470    29.5302    19.1605    19.1559    4985.56    35.3477     7.6446    10.9248    145.746    341.406      8.205  0.000e+00
    330.750      5.608   4.744469     3.2737     3.2306      5.577    25.1870    29.4699    19.2007    19.1961    4985.69    35.2827     7.6436    10.9235    145.781    341.365      8.204  0.000e+00
    331.000      5.515   4.743099     3.2799     3.3635      5.485    25.1541    29.4368    19.2274    19.2228    4985.80    35.2486     7.6628    10.9509    146.189    342.222      8.206  0.000e+00
    331.250      5.459   4.742050     3.2864     3.3794      5.429    25.1419    29.4246    19.2335    19.2289    4985.81    35.2347     7.6902    10.9901    146.716    343.445      8.205  0.000e+00
    331.500      5.416   4.740909     3.2945     3.3715      5.386    25.1367    29.4194    19.2312    19.2266    4985.75    35.2272     7.7257    11.0408    147.381    345.030      8.205  0.000e+00
    331.750      5.379   4.747017     3.3019     3.3695      5.349    25.1816    29.4641    19.2247    19.2200    4985.90    35.2837     7.7583    11.0874    148.034    346.485      8.210  0.000e+00
    332.000      5.341   4.753235     3.3064     3.3735      5.312    25.2131    29.4952    19.2336    19.2290    4986.15    35.3280     7.7773    11.1145    148.460    347.332      8.212  0.000e+00
    332.250      5.317   4.753777     3.3077     4.0697      5.287    25.1902    29.4720    19.2627    19.2580    4986.34    35.3078     7.7833    11.1231    148.637    347.601      8.209  0.000e+00
    332.500      5.273   4.754034     3.3102     4.0796      5.244    25.1642    29.4456    19.2932    19.2885    4986.53    35.2841     7.7873    11.1289    148.777    347.782      8.211  0.000e+00
    332.750      5.211   4.753205     3.3112     4.0796      5.183    25.1421    29.4234    19.3118    19.3072    4986.62    35.2614     7.7840    11.1241    148.745    347.633      8.215  0.000e+00
    333.000      5.125   4.748514     3.3112     4.0717      5.096    25.1043    29.3857    19.3206    19.3160    4986.52    35.2149     7.7749    11.1111    148.554    347.226      8.216  0.000e+00
    333.250      4.994   4.755497     3.3123     3.9408      4.967    25.1566    29.4377    19.3120    19.3073    4986.68    35.2804     7.7659    11.0983    148.417    346.827      8.217  0.000e+00
    333.500      4.883   4.759877     3.3170     3.9309      4.856    25.1800    29.4608    19.3169    19.3123    4986.83    35.3127     7.7698    11.1038    148.532    346.998      8.215  0.000e+00
    333.750      4.728   4.762756     3.3238     3.9507      4.702    25.1734    29.4538    19.3444    19.3397    4987.08    35.3134     7.7833    11.1231    148.867    347.601      8.219  0.000e+00
    334.000      4.592   4.764450     3.3260     3.9368      4.567    25.1577    29.4377    19.3736    19.3690    4987.31    35.3028     7.7868    11.1281    149.005    347.759      8.218  0.000e+00
    334.250      4.455   4.764385     3.3381     4.2562      4.431    25.1338    29.4136    19.3996    19.3949    4987.45    35.2803     7.8269    11.1854    149.823    349.548      8.218  0.000e+00
    334.500      4.325   4.765056     3.3396     4.2383      4.302    25.1215    29.4010    19.4179    19.4132    4987.58    35.2704     7.8347    11.1966    150.016    349.900      8.220  0.000e+00
    334.750      4.214   4.765857     3.3429     4.2522      4.191    25.1164    29.3957    19.4292    19.4245    4987.67    35.2675     7.8477    11.2151    150.293    350.478      8.218  0.000e+00
    335.000      4.084   4.766336     3.3485     4.2522      4.061    25.1120    29.3913    19.4374    19.4327    4987.72    35.2646     7.8664    11.2419    150.672    351.315      8.220  0.000e+00
    335.250      3.991   4.766593     3.3550     4.2403      3.969    25.1079    29.3871    19.4438    19.4391    4987.77    35.2614     7.8862    11.2701    151.065    352.197      8.221  0.000e+00
    335.500      3.892   4.763998     3.3627     3.8337      3.870    25.0870    29.3662    19.4487    19.4441    4987.71    35.2357     7.9096    11.3036    151.504    353.243      8.224  0.000e+00
    335.750      3.805   4.767780     3.3690     3.8297      3.784    25.1067    29.3856    19.4535    19.4489    4987.85    35.2631     7.9260    11.3271    151.857    353.977      8.224  0.000e+00
    336.000      3.706   4.768287     3.3717     3.8356      3.685    25.1056    29.3845    19.4583    19.4537    4987.89    35.2633     7.9326    11.3365    151.997    354.270      8.226  0.000e+00
    336.250      3.607   4.770404     3.3740     3.8396      3.587    25.1146    29.3933    19.4632    19.4586    4987.98    35.2767     7.9331    11.3372    152.032    354.292      8.229  0.000e+00
    336.500      3.502   4.776048     3.3772     4.4803      3.482    25.1421    29.4204    19.4724    19.4677    4988.20    35.3159     7.9379    11.3441    152.186    354.507      8.231  0.000e+00
    336.750      3.371   4.779554     3.3811     4.4823      3.353    25.1438    29.4217    19.4951    19.4904    4988.44    35.3258     7.9416    11.3493    152.328    354.670      8.234  0.000e+00
    337.000      3.235   4.781995     3.3837     4.4665      3.217    25.1284    29.4058    19.5292    19.5245    4988.72    35.3172     7.9380    11.3442    152.348    354.512      8.238  0.000e+00
    337.250      3.111   4.786527     3.3875     4.4883      3.094    25.1305    29.4073    19.5586    19.5539    4989.03    35.3299     7.9378    11.3439    152.438    354.501      8.237  0.000e+00
    337.500      2.963   4.793619     3.3898     4.9227      2.946    25.1449    29.4210    19.5922    19.5875    4989.44    35.3603     7.9327    11.3366    152.462    354.274      8.238  0.000e+00
    337.750      2.845   4.796872     3.3975     4.9267      2.829    25.1249    29.4004    19.6369    19.6322    4989.80    35.3494     7.9482    11.3587    152.875    354.966      8.239  0.000e+00
    338.000      2.740   4.797840     3.4087     4.9306      2.724    25.0907    29.3656    19.6814    19.6767    4990.09    35.3198     7.9807    11.4052    153.600    356.418      8.239  0.000e+00
    338.250      2.616   4.799553     3.4225     4.9227      2.601    25.0722    29.3467    19.7138    19.7091    4990.34    35.3067     8.0264    11.4706    154.559    358.460      8.240  0.000e+00
    338.500      2.504   4.805125     3.4367     4.4387      2.490    25.0855    29.3595    19.7379    19.7332    4990.64    35.3324     8.0755    11.5407    155.597    360.652      8.239  0.000e+00
    338.750      2.393   4.807571     3.4529     4.2760      2.379    25.0734    29.3470    19.7683    19.7635    4990.90    35.3270     8.1335    11.6236    156.797    363.242      8.238  0.000e+00
    339.000      2.269   4.810972     3.4681     4.2800      2.256    25.0657    29.3388    19.8005    19.7957    4991.19    35.3280     8.1886    11.7023    157.953    365.702      8.238  0.000e+00
    339.250      2.139   4.814015     3.4826     4.2959      2.127    25.0560    29.3285    19.8324    19.8276    4991.46    35.3262     8.2392    11.7747    159.022    367.964      8.239  0.000e+00
    339.500      1.996   4.815278     3.4977     4.2859      1.985    25.0365    29.3087    19.8627    19.8579    4991.68    35.3111     8.2892    11.8461    160.061    370.196      8.237  0.000e+00
    339.750      1.860   4.815342     3.5140     3.1910      1.850    25.0140    29.2859    19.8880    19.8832    4991.82    35.2904     8.3380    11.9159    161.058    372.376      8.237  0.000e+00
    340.000      1.711   4.817159     3.5266     3.1751      1.702    25.0104    29.2820    19.9047    19.8999    4991.97    35.2913     8.3716    11.9638    161.756    373.874      8.232  0.000e+00
    340.250      1.587   4.822064     3.5354     3.2009      1.579    25.0287    29.3000    19.9184    19.9137    4992.19    35.3201     8.3879    11.9871    162.141    374.603      8.232  0.000e+00
    340.500      1.439   4.827719     3.5388     3.2009      1.431    25.0425    29.3132    19.9424    19.9377    4992.50    35.3465     8.3804    11.9764    162.092    374.267      8.232  0.000e+00
    340.750      1.302   4.833154     3.5402     1.9869      1.295    25.0432    29.3133    19.9793    19.9745    4992.88    35.3602     8.3597    11.9469    161.815    373.346      8.233  0.000e+00
    341.000      1.172   4.838339     3.5381     1.9710      1.166    25.0350    29.3043    20.0243    20.0195    4993.30    35.3649     8.3235    11.8951    161.251    371.729      8.229  0.000e+00
    341.250      1.036   4.840144     3.5333     1.9928      1.030    25.0027    29.2714    20.0725    20.0677    4993.63    35.3393     8.2766    11.8281    160.459    369.633      8.230  0.000e+00
