cruises/baja2025/cnv/20250504_cast3.cnv
* Sea-Bird SBE19plus Data File:
* FileName = C:\Users\ScienceTech\OneDrive - Western Flyer Foundation\Desktop\ProfilingCTD\data\Leg 3\20250504_PP300_cast1.hex
* Software Version 1.59
* Temperature SN =  8289
* Conductivity SN =  8289
* System UpLoad Time = May 04 2025 19:30:24
** start 2046Z
** PP300
** 27-31.09N
** 112-18.69
** depth 366
# nquan = 18
# nvalues = 6113                                  
# units = specified
# name 0 = timeS: Time, Elapsed [seconds]
# name 1 = prdM: Pressure, Strain Gauge [db]
# name 2 = c0S/m: Conductivity [S/m]
# name 3 = sbeox0V: Oxygen raw, SBE 43 [V]
# name 4 = flECO-AFL: Fluorescence, WET Labs ECO-AFL/FL [mg/m^3]
# name 5 = depSM: Depth [salt water, m], lat = 0.00
# name 6 = sigma-t00: Density [sigma-t, kg/m^3 ]
# name 7 = sigma-100: Density [sigma-1, kg/m^3 ]
# name 8 = tv268C: Temperature [IPTS-68, deg C]
# name 9 = tv290C: Temperature [ITS-90, deg C]
# name 10 = svCF: Sound Velocity [Chen-Millero, ft/s]
# name 11 = sal00: Salinity, Practical [PSU]
# name 12 = sbeox0ML/L: Oxygen, SBE 43 [ml/l]
# name 13 = sbeox0Mg/L: Oxygen, SBE 43 [mg/l]
# name 14 = sbeox0PS: Oxygen, SBE 43 [% saturation]
# name 15 = sbeox0Mm/L: Oxygen, SBE 43 [umol/l]
# name 16 = ph: pH
# name 17 = flag:  0.000e+00
# span 0 =      0.000,   1528.000                 
# span 1 =     -0.207,    357.615                 
# span 2 =   0.041140,   4.922423                 
# span 3 =     0.8460,     2.9791                 
# span 4 =    -0.1734,   128.7535                 
# span 5 =     -0.206,    355.343                 
# span 6 =    -3.2147,    26.5546                 
# span 7 =     1.1726,    30.9881                 
# span 8 =    11.5260,    26.5501                 
# span 9 =    11.5233,    26.5438                 
# span 10 =    4860.84,    5010.09                
# span 11 =     0.1926,    36.4074                
# span 12 =     1.0768,     7.4316                
# span 13 =     1.5388,    10.6205                
# span 14 =     17.607,    130.889                
# span 15 =     48.089,    331.895                
# span 16 =      6.884,      8.540                
# span 17 = 0.0000e+00, 0.0000e+00                
# interval = seconds: 0.25
# start_time = May 04 2025 13:45:34 [Instrument's time stamp, header]
# bad_flag = -9.990e-29
*END*
[from data line 4101]
   1025.250    304.722   3.952644     0.8467    -0.0702    302.825    26.5435    30.9753    11.5479    11.5451    4921.56    34.8307     1.0845     1.5499     17.732     48.435      7.697  0.000e+00
   1025.500    304.462   3.952796     0.8469    -0.0781    302.566    26.5441    30.9758    11.5486    11.5459    4921.56    34.8317     1.0847     1.5501     17.735     48.442      7.699  0.000e+00
   1025.750    304.176   3.953140     0.8469    -0.0702    302.283    26.5460    30.9778    11.5495    11.5467    4921.56    34.8344     1.0841     1.5494     17.727     48.418      7.699  0.000e+00
   1026.000    303.922   3.953418     0.8469    -0.0801    302.031    26.5464    30.9781    11.5515    11.5487    4921.58    34.8354     1.0860     1.5520     17.758     48.499      7.700  0.000e+00
   1026.250    303.699   3.953616     0.8469    -0.0603    301.809    26.5459    30.9775    11.5538    11.5510    4921.59    34.8352     1.0864     1.5526     17.766     48.520      7.697  0.000e+00
   1026.500    303.489   3.953974     0.8473    -0.0702    301.600    26.5465    30.9781    11.5561    11.5534    4921.61    34.8366     1.0884     1.5555     17.800     48.609      7.696  0.000e+00
   1026.750    303.359   3.954338     0.8472    -0.0762    301.471    26.5469    30.9784    11.5588    11.5561    4921.64    34.8377     1.0894     1.5568     17.817     48.652      7.696  0.000e+00
   1027.000    303.272   3.954920     0.8480    -0.0702    301.385    26.5485    30.9799    11.5620    11.5592    4921.68    34.8405     1.0924     1.5612     17.868     48.787      7.696  0.000e+00
   1027.250    303.260   3.955033     0.8479    -0.0623    301.372    26.5458    30.9772    11.5659    11.5631    4921.71    34.8380     1.0934     1.5625     17.884     48.830      7.696  0.000e+00
   1027.500    303.297   3.955450     0.8480    -0.0781    301.409    26.5456    30.9769    11.5695    11.5668    4921.76    34.8386     1.0940     1.5635     17.897     48.859      7.697  0.000e+00
   1027.750    303.359   3.955423     0.8485    -0.0781    301.471    26.5421    30.9734    11.5731    11.5703    4921.79    34.8350     1.0963     1.5667     17.935     48.961      7.697  0.000e+00
   1028.000    303.415   3.955423     0.8492    -0.0643    301.526    26.5400    30.9712    11.5754    11.5727    4921.81    34.8328     1.1000     1.5720     17.996     49.127      7.699  0.000e+00
   1028.250    303.440   3.955754     0.8485    -0.0563    301.551    26.5415    30.9726    11.5766    11.5738    4921.83    34.8350     1.0973     1.5681     17.952     49.004      7.697  0.000e+00
   1028.500    303.396   3.955423     0.8486    -0.0781    301.508    26.5375    30.9687    11.5781    11.5753    4921.83    34.8303     1.0967     1.5674     17.943     48.981      7.697  0.000e+00
   1028.750    303.266   3.955311     0.8486    -0.0702    301.379    26.5360    30.9672    11.5788    11.5761    4921.82    34.8286     1.0960     1.5663     17.932     48.949      7.699  0.000e+00
   1029.000    303.043   3.955284     0.8509    -0.0682    301.158    26.5367    30.9679    11.5780    11.5752    4921.80    34.8292     1.1055     1.5799     18.087     49.372      7.696  0.000e+00
   1029.250    302.746   3.955284     0.8507    -0.0464    300.862    26.5375    30.9687    11.5772    11.5744    4921.78    34.8301     1.1061     1.5807     18.096     49.399      7.700  0.000e+00
   1029.500    302.436   3.955310     0.8502    -0.0682    300.554    26.5381    30.9693    11.5768    11.5741    4921.76    34.8308     1.1039     1.5776     18.060     49.300      7.699  0.000e+00
   1029.750    302.095   3.955535     0.8502    -0.0762    300.216    26.5398    30.9710    11.5770    11.5742    4921.76    34.8330     1.1030     1.5763     18.046     49.261      7.700  0.000e+00
   1030.000    301.773   3.955893     0.8505    -0.0643    299.896    26.5420    30.9731    11.5777    11.5749    4921.76    34.8360     1.1040     1.5777     18.062     49.303      7.697  0.000e+00
   1030.250    301.463   3.956091     0.8502    -0.0643    299.588    26.5418    30.9729    11.5797    11.5769    4921.77    34.8362     1.1027     1.5759     18.042     49.247      7.699  0.000e+00
   1030.500    301.178   3.956257     0.8492    -0.0623    299.305    26.5413    30.9723    11.5817    11.5790    4921.77    34.8360     1.0961     1.5665     17.935     48.953      7.699  0.000e+00
   1030.750    300.917   3.956588     0.8487    -0.0543    299.047    26.5422    30.9732    11.5836    11.5808    4921.79    34.8377     1.0910     1.5591     17.852     48.723      7.700  0.000e+00
   1031.000    300.732   3.956786     0.8504    -0.0801    298.862    26.5417    30.9726    11.5859    11.5831    4921.80    34.8376     1.0953     1.5652     17.923     48.914      7.698  0.000e+00
   1031.250    300.620   3.957316     0.8508    -0.0643    298.751    26.5436    30.9744    11.5883    11.5855    4921.83    34.8406     1.0989     1.5705     17.984     49.078      7.700  0.000e+00
   1031.500    300.552   3.957535     0.8505    -0.0702    298.684    26.5424    30.9731    11.5915    11.5887    4921.86    34.8398     1.0993     1.5709     17.991     49.093      7.701  0.000e+00
   1031.750    300.558   3.957674     0.8501    -0.0643    298.690    26.5405    30.9712    11.5947    11.5920    4921.89    34.8381     1.0977     1.5688     17.967     49.025      7.699  0.000e+00
   1032.000    300.608   3.958786     0.8504    -0.0623    298.739    26.5465    30.9771    11.5974    11.5947    4921.96    34.8464     1.0992     1.5708     17.993     49.090      7.697  0.000e+00
   1032.250    300.651   3.959376     0.8503    -0.0643    298.782    26.5469    30.9774    11.6018    11.5991    4922.02    34.8481     1.0998     1.5717     18.004     49.115      7.701  0.000e+00
   1032.500    300.707   3.959906     0.8508    -0.0781    298.838    26.5448    30.9751    11.6086    11.6058    4922.09    34.8469     1.1026     1.5758     18.053     49.244      7.699  0.000e+00
   1032.750    300.732   3.958985     0.8522    -0.0722    298.862    26.5326    30.9630    11.6141    11.6113    4922.10    34.8327     1.1084     1.5840     18.148     49.500      7.700  0.000e+00
   1033.000    300.707   3.959488     0.8519    -0.0722    298.838    26.5356    30.9659    11.6151    11.6123    4922.13    34.8367     1.1063     1.5810     18.115     49.408      7.699  0.000e+00
   1033.250    300.627   3.959958     0.8526    -0.0623    298.758    26.5383    30.9686    11.6161    11.6133    4922.15    34.8404     1.1101     1.5864     18.177     49.577      7.698  0.000e+00
   1033.500    300.453   3.959958     0.8534    -0.0623    298.585    26.5361    30.9664    11.6185    11.6157    4922.16    34.8382     1.1155     1.5941     18.266     49.816      7.700  0.000e+00
   1033.750    300.242   3.960071     0.8537    -0.0563    298.376    26.5352    30.9654    11.6205    11.6177    4922.17    34.8376     1.1177     1.5973     18.304     49.918      7.701  0.000e+00
   1034.000    299.988   3.960044     0.8549    -0.0722    298.124    26.5339    30.9641    11.6219    11.6191    4922.16    34.8361     1.1233     1.6052     18.395     50.164      7.700  0.000e+00
   1034.250    299.678   3.960210     0.8549    -0.0781    297.816    26.5345    30.9646    11.6227    11.6199    4922.16    34.8371     1.1236     1.6057     18.400     50.178      7.700  0.000e+00
   1034.500    299.369   3.960461     0.8557    -0.0524    297.508    26.5357    30.9658    11.6236    11.6209    4922.16    34.8388     1.1259     1.6090     18.439     50.283      7.701  0.000e+00
   1034.750    299.065   3.960574     0.8562    -0.0722    297.207    26.5353    30.9653    11.6251    11.6223    4922.16    34.8387     1.1273     1.6110     18.462     50.345      7.699  0.000e+00
   1035.000    298.774   3.960826     0.8578    -0.0781    296.917    26.5356    30.9657    11.6269    11.6241    4922.17    34.8396     1.1348     1.6217     18.586     50.680      7.700  0.000e+00
   1035.250    298.482   3.961408     0.8583    -0.0643    296.628    26.5384    30.9684    11.6288    11.6260    4922.19    34.8437     1.1367     1.6245     18.619     50.766      7.701  0.000e+00
   1035.500    298.247   3.961634     0.8583    -0.0682    296.394    26.5376    30.9675    11.6317    11.6289    4922.21    34.8433     1.1365     1.6242     18.617     50.758      7.701  0.000e+00
   1035.750    298.042   3.962051     0.8586    -0.0682    296.191    26.5380    30.9678    11.6348    11.6320    4922.24    34.8446     1.1370     1.6249     18.626     50.780      7.703  0.000e+00
   1036.000    297.900   3.962912     0.8592    -0.0543    296.050    26.5413    30.9710    11.6384    11.6356    4922.29    34.8497     1.1377     1.6259     18.639     50.809      7.701  0.000e+00
   1036.250    297.819   3.963416     0.8592    -0.0543    295.970    26.5407    30.9703    11.6433    11.6405    4922.34    34.8501     1.1367     1.6245     18.625     50.766      7.701  0.000e+00
   1036.500    297.788   3.964542     0.8595    -0.0643    295.939    26.5440    30.9734    11.6492    11.6464    4922.43    34.8557     1.1358     1.6232     18.613     50.724      7.702  0.000e+00
   1036.750    297.795   3.965284     0.8599    -0.0682    295.945    26.5430    30.9723    11.6563    11.6536    4922.51    34.8562     1.1354     1.6225     18.609     50.705      7.702  0.000e+00
   1037.000    297.832   3.966093     0.8601    -0.0643    295.982    26.5420    30.9712    11.6642    11.6614    4922.61    34.8568     1.1342     1.6209     18.593     50.654      7.703  0.000e+00
   1037.250    297.851   3.967492     0.8615    -0.0702    296.001    26.5454    30.9744    11.6721    11.6693    4922.72    34.8631     1.1399     1.6290     18.690     50.908      7.703  0.000e+00
   1037.500    297.832   3.967326     0.8625    -0.0643    295.983    26.5355    30.9643    11.6815    11.6787    4922.79    34.8526     1.1455     1.6371     18.785     51.160      7.702  0.000e+00
   1037.750    297.739   3.967213     0.8630    -0.0682    295.890    26.5287    30.9575    11.6880    11.6852    4922.83    34.8455     1.1485     1.6413     18.835     51.291      7.701  0.000e+00
   1038.000    297.566   3.966683     0.8635    -0.0682    295.718    26.5222    30.9510    11.6908    11.6880    4922.82    34.8377     1.1515     1.6456     18.884     51.424      7.703  0.000e+00
   1038.250    297.324   3.966682     0.8640    -0.0623    295.478    26.5224    30.9512    11.6907    11.6878    4922.80    34.8380     1.1541     1.6493     18.927     51.541      7.701  0.000e+00
   1038.500    297.027   3.966483     0.8652    -0.0702    295.183    26.5216    30.9503    11.6900    11.6872    4922.78    34.8368     1.1593     1.6568     19.013     51.776      7.703  0.000e+00
   1038.750    296.741   3.966430     0.8655    -0.0464    294.899    26.5223    30.9510    11.6889    11.6861    4922.75    34.8374     1.1605     1.6584     19.031     51.826      7.701  0.000e+00
   1039.000    296.413   3.966656     0.8671    -0.0722    294.573    26.5253    30.9540    11.6877    11.6849    4922.73    34.8409     1.1667     1.6673     19.133     52.105      7.703  0.000e+00
   1039.250    296.109   3.966795     0.8687    -0.0702    294.272    26.5266    30.9553    11.6875    11.6847    4922.72    34.8425     1.1730     1.6764     19.237     52.387      7.700  0.000e+00
   1039.500    295.849   3.966960     0.8691    -0.0643    294.013    26.5271    30.9558    11.6884    11.6856    4922.72    34.8434     1.1751     1.6793     19.271     52.479      7.703  0.000e+00
   1039.750    295.613   3.967292     0.8682    -0.0623    293.779    26.5286    30.9572    11.6897    11.6869    4922.73    34.8456     1.1709     1.6733     19.203     52.291      7.703  0.000e+00
   1040.000    295.434   3.967882     0.8709    -0.0861    293.601    26.5313    30.9599    11.6917    11.6888    4922.76    34.8496     1.1811     1.6879     19.373     52.749      7.703  0.000e+00
   1040.250    295.341   3.968525     0.8707    -0.0702    293.508    26.5332    30.9617    11.6950    11.6922    4922.80    34.8528     1.1796     1.6857     19.349     52.680      7.703  0.000e+00
   1040.500    295.260   3.969360     0.8720    -0.0801    293.428    26.5353    30.9637    11.6996    11.6968    4922.87    34.8567     1.1833     1.6911     19.413     52.847      7.704  0.000e+00
   1040.750    295.235   3.970142     0.8717    -0.0702    293.404    26.5359    30.9642    11.7055    11.7027    4922.94    34.8589     1.1810     1.6878     19.377     52.743      7.703  0.000e+00
   1041.000    295.204   3.970673     0.8710    -0.0682    293.373    26.5336    30.9617    11.7125    11.7096    4923.01    34.8576     1.1747     1.6788     19.277     52.463      7.704  0.000e+00
   1041.250    295.124   3.970394     0.8720    -0.0722    293.293    26.5257    30.9537    11.7188    11.7160    4923.05    34.8490     1.1759     1.6805     19.297     52.515      7.704  0.000e+00
   1041.500    294.994   3.970281     0.8732    -0.0643    293.164    26.5219    30.9499    11.7220    11.7192    4923.06    34.8449     1.1806     1.6872     19.376     52.727      7.707  0.000e+00
   1041.750    294.802   3.970029     0.8736    -0.0643    292.973    26.5191    30.9471    11.7231    11.7203    4923.05    34.8415     1.1826     1.6901     19.409     52.815      7.703  0.000e+00
   1042.000    294.541   3.970341     0.8744    -0.0682    292.715    26.5219    30.9499    11.7226    11.7198    4923.04    34.8451     1.1838     1.6917     19.428     52.866      7.708  0.000e+00
   1042.250    294.281   3.970394     0.8743    -0.0801    292.456    26.5223    30.9503    11.7228    11.7200    4923.03    34.8456     1.1842     1.6923     19.434     52.884      7.705  0.000e+00
   1042.500    293.996   3.970314     0.8759    -0.0702    292.173    26.5209    30.9488    11.7238    11.7210    4923.02    34.8440     1.1905     1.7013     19.539     53.167      7.705  0.000e+00
   1042.750    293.748   3.970705     0.8762    -0.0623    291.927    26.5237    30.9517    11.7240    11.7212    4923.02    34.8477     1.1934     1.7055     19.587     53.297      7.707  0.000e+00
   1043.000    293.513   3.971090     0.8769    -0.0623    291.693    26.5256    30.9534    11.7253    11.7225    4923.04    34.8504     1.1972     1.7109     19.650     53.465      7.705  0.000e+00
   1043.250    293.345   3.971428     0.8781    -0.0643    291.527    26.5262    30.9540    11.7275    11.7247    4923.06    34.8517     1.2013     1.7168     19.719     53.651      7.707  0.000e+00
   1043.500    293.265   3.972071     0.8778    -0.0702    291.447    26.5284    30.9561    11.7305    11.7277    4923.10    34.8553     1.1991     1.7136     19.684     53.552      7.709  0.000e+00
   1043.750    293.271   3.972715     0.8792    -0.0543    291.453    26.5297    30.9573    11.7344    11.7316    4923.16    34.8579     1.2044     1.7212     19.773     53.787      7.706  0.000e+00
   1044.000    293.277   3.972688     0.8805    -0.0623    291.459    26.5253    30.9529    11.7390    11.7362    4923.19    34.8533     1.2099     1.7290     19.864     54.032      7.705  0.000e+00
   1044.250    293.321   3.973391     0.8797    -0.0781    291.503    26.5271    30.9546    11.7428    11.7399    4923.25    34.8567     1.2060     1.7236     19.803     53.862      7.704  0.000e+00
   1044.500    293.315   3.973053     0.8804    -0.0762    291.497    26.5206    30.9481    11.7470    11.7442    4923.27    34.8494     1.2066     1.7244     19.813     53.887      7.705  0.000e+00
   1044.750    293.216   3.973106     0.8820    -0.0722    291.398    26.5190    30.9464    11.7493    11.7465    4923.28    34.8478     1.2131     1.7337     19.921     54.178      7.705  0.000e+00
