cruises/baja2025/cnv/20250504_cast2.cnv
* Sea-Bird SBE19plus Data File:
* FileName = C:\Users\ScienceTech\OneDrive - Western Flyer Foundation\Desktop\ProfilingCTD\data\Leg 3\20250504_T4_cast1.hex
* Software Version 1.59
* Temperature SN =  8289
* Conductivity SN =  8289
* System UpLoad Time = May 04 2025 19:15:27
** 1655Z
** 27-22.78'N
** 112-11.87;W
** Depth 692m
# nquan = 18
# nvalues = 8019                                  
# units = specified
# name 0 = timeS: Time, Elapsed [seconds]
# name 1 = prdM: Pressure, Strain Gauge [db]
# name 2 = c0S/m: Conductivity [S/m]
# name 3 = sbeox0V: Oxygen raw, SBE 43 [V]
# name 4 = flECO-AFL: Fluorescence, WET Labs ECO-AFL/FL [mg/m^3]
# name 5 = depSM: Depth [salt water, m], lat = 0.00
# name 6 = sigma-t00: Density [sigma-t, kg/m^3 ]
# name 7 = sigma-100: Density [sigma-1, kg/m^3 ]
# name 8 = tv268C: Temperature [IPTS-68, deg C]
# name 9 = tv290C: Temperature [ITS-90, deg C]
# name 10 = svCF: Sound Velocity [Chen-Millero, ft/s]
# name 11 = sal00: Salinity, Practical [PSU]
# name 12 = sbeox0ML/L: Oxygen, SBE 43 [ml/l]
# name 13 = sbeox0Mg/L: Oxygen, SBE 43 [mg/l]
# name 14 = sbeox0PS: Oxygen, SBE 43 [% saturation]
# name 15 = sbeox0Mm/L: Oxygen, SBE 43 [umol/l]
# name 16 = ph: pH
# name 17 = flag:  0.000e+00
# span 0 =      0.000,   2004.500                 
# span 1 =     -0.218,    483.171                 
# span 2 =   0.056470,   4.812498                 
# span 3 =     0.6428,     2.9696                 
# span 4 =    -0.1654,   128.7237                 
# span 5 =     -0.217,    479.956                 
# span 6 =    -1.4302,    26.7753                 
# span 7 =     3.0783,    31.2480                 
# span 8 =     9.7413,    19.9925                 
# span 9 =     9.7390,    19.9877                 
# span 10 =    4857.37,    4990.69                
# span 11 =     0.3092,    35.5672                
# span 12 =     0.4129,     7.5223                
# span 13 =     0.5901,    10.7502                
# span 14 =      6.490,    133.598                
# span 15 =     18.440,    335.948                
# span 16 =      7.467,      8.232                
# span 17 = 0.0000e+00, 0.0000e+00                
# interval = seconds: 0.25
# start_time = May 04 2025 09:54:46 [Instrument's time stamp, header]
# bad_flag = -9.990e-29
*END*
[from data line 4825]
   1206.250    430.697   3.842991     0.7191    -0.0702    427.885    26.6894    31.1474    10.4138    10.4113    4915.04    34.7549     0.6892     0.9850     10.995     30.782      7.648  0.000e+00
   1206.500    430.598   3.842965     0.7180    -0.0543    427.787    26.6880    31.1460    10.4152    10.4127    4915.04    34.7533     0.6834     0.9766     10.901     30.519      7.646  0.000e+00
   1206.750    430.424   3.842939     0.7188    -0.0484    427.614    26.6868    31.1447    10.4164    10.4139    4915.04    34.7521     0.6856     0.9798     10.938     30.620      7.649  0.000e+00
   1207.000    430.220   3.842939     0.7182    -0.0524    427.411    26.6865    31.1445    10.4167    10.4142    4915.03    34.7518     0.6811     0.9734     10.866     30.420      7.649  0.000e+00
   1207.250    429.996   3.843070     0.7185    -0.0781    427.190    26.6875    31.1454    10.4169    10.4144    4915.03    34.7531     0.6806     0.9726     10.857     30.394      7.651  0.000e+00
   1207.500    429.748   3.843259     0.7196    -0.0543    426.944    26.6887    31.1466    10.4173    10.4148    4915.02    34.7547     0.6841     0.9777     10.914     30.553      7.647  0.000e+00
   1207.750    429.537   3.843285     0.7187    -0.0722    426.734    26.6879    31.1458    10.4184    10.4159    4915.02    34.7540     0.6793     0.9708     10.838     30.339      7.653  0.000e+00
   1208.000    429.314   3.843475     0.7197    -0.0702    426.513    26.6886    31.1465    10.4194    10.4169    4915.03    34.7551     0.6837     0.9771     10.908     30.536      7.650  0.000e+00
   1208.250    429.159   3.843580     0.7204    -0.0781    426.359    26.6882    31.1461    10.4207    10.4182    4915.03    34.7549     0.6871     0.9819     10.963     30.686      7.652  0.000e+00
   1208.500    429.041   3.843848     0.7197    -0.0543    426.242    26.6893    31.1471    10.4219    10.4194    4915.05    34.7566     0.6855     0.9796     10.937     30.613      7.652  0.000e+00
   1208.750    428.936   3.844038     0.7206    -0.0623    426.137    26.6893    31.1471    10.4236    10.4211    4915.06    34.7570     0.6889     0.9845     10.992     30.768      7.651  0.000e+00
   1209.000    428.861   3.844038     0.7210    -0.0781    426.064    26.6876    31.1453    10.4255    10.4230    4915.07    34.7551     0.6920     0.9889     11.041     30.903      7.651  0.000e+00
   1209.250    428.787   3.844090     0.7212    -0.0623    425.990    26.6869    31.1446    10.4267    10.4242    4915.08    34.7546     0.6923     0.9893     11.046     30.917      7.653  0.000e+00
   1209.500    428.706   3.844254     0.7208    -0.0623    425.910    26.6872    31.1449    10.4278    10.4253    4915.09    34.7552     0.6896     0.9855     11.004     30.798      7.649  0.000e+00
   1209.750    428.589   3.844254     0.7216    -0.0603    425.793    26.6863    31.1439    10.4289    10.4264    4915.09    34.7542     0.6932     0.9907     11.062     30.959      7.649  0.000e+00
   1210.000    428.471   3.844142     0.7217    -0.0722    425.676    26.6847    31.1423    10.4297    10.4272    4915.09    34.7524     0.6925     0.9897     11.051     30.929      7.648  0.000e+00
   1210.250    428.341   3.844142     0.7215    -0.0623    425.547    26.6843    31.1420    10.4301    10.4276    4915.09    34.7520     0.6910     0.9875     11.026     30.859      7.650  0.000e+00
   1210.500    428.192   3.844175     0.7214    -0.0623    425.399    26.6846    31.1422    10.4302    10.4277    4915.08    34.7524     0.6904     0.9867     11.018     30.835      7.651  0.000e+00
   1210.750    428.074   3.844280     0.7221    -0.0603    425.282    26.6856    31.1432    10.4301    10.4275    4915.08    34.7536     0.6919     0.9888     11.041     30.901      7.649  0.000e+00
   1211.000    427.956   3.844410     0.7215    -0.0722    425.165    26.6862    31.1438    10.4305    10.4280    4915.08    34.7545     0.6886     0.9841     10.989     30.755      7.650  0.000e+00
   1211.250    427.851   3.844548     0.7213    -0.0702    425.061    26.6868    31.1443    10.4311    10.4286    4915.09    34.7554     0.6869     0.9816     10.961     30.676      7.650  0.000e+00
   1211.500    427.733   3.844764     0.7212    -0.0623    424.944    26.6875    31.1450    10.4322    10.4297    4915.10    34.7566     0.6857     0.9800     10.944     30.625      7.650  0.000e+00
   1211.750    427.597   3.845222     0.7223    -0.0543    424.808    26.6897    31.1472    10.4338    10.4313    4915.12    34.7597     0.6899     0.9859     11.011     30.811      7.651  0.000e+00
   1212.000    427.435   3.845327     0.7220    -0.0722    424.648    26.6882    31.1456    10.4364    10.4339    4915.14    34.7584     0.6889     0.9845     10.994     30.765      7.649  0.000e+00
   1212.250    427.212   3.844711     0.7216    -0.0623    424.427    26.6814    31.1388    10.4387    10.4362    4915.12    34.7501     0.6874     0.9824     10.972     30.701      7.649  0.000e+00
   1212.500    426.977   3.845516     0.7217    -0.0603    424.193    26.6867    31.1441    10.4398    10.4373    4915.15    34.7572     0.6878     0.9829     10.978     30.715      7.650  0.000e+00
   1212.750    426.735   3.845948     0.7225    -0.0603    423.953    26.6889    31.1462    10.4412    10.4387    4915.16    34.7604     0.6911     0.9877     11.032     30.866      7.651  0.000e+00
   1213.000    426.493   3.846295     0.7220    -0.0524    423.713    26.6896    31.1469    10.4435    10.4410    4915.18    34.7618     0.6903     0.9865     11.020     30.830      7.650  0.000e+00
   1213.250    426.294   3.846321     0.7213    -0.0702    423.516    26.6871    31.1443    10.4466    10.4441    4915.20    34.7592     0.6863     0.9808     10.956     30.650      7.650  0.000e+00
   1213.500    426.127   3.846780     0.7225    -0.0643    423.350    26.6883    31.1455    10.4492    10.4467    4915.23    34.7614     0.6908     0.9872     11.028     30.850      7.652  0.000e+00
   1213.750    425.991   3.847402     0.7221    -0.0643    423.214    26.6909    31.1479    10.4518    10.4493    4915.27    34.7653     0.6884     0.9838     10.991     30.743      7.653  0.000e+00
   1214.000    425.929   3.847991     0.7222    -0.0623    423.153    26.6919    31.1489    10.4558    10.4533    4915.32    34.7675     0.6894     0.9853     11.009     30.790      7.652  0.000e+00
   1214.250    425.922   3.848449     0.7226    -0.0543    423.147    26.6909    31.1478    10.4608    10.4583    4915.37    34.7674     0.6919     0.9888     11.049     30.899      7.651  0.000e+00
   1214.500    425.904   3.848986     0.7236    -0.0623    423.128    26.6904    31.1472    10.4659    10.4634    4915.44    34.7679     0.6967     0.9957     11.128     31.115      7.652  0.000e+00
   1214.750    425.898   3.849661     0.7230    -0.0702    423.122    26.6915    31.1481    10.4706    10.4681    4915.50    34.7703     0.6941     0.9920     11.087     30.999      7.653  0.000e+00
   1215.000    425.848   3.850361     0.7246    -0.0623    423.073    26.6918    31.1483    10.4763    10.4737    4915.57    34.7719     0.7029     1.0044     11.228     31.389      7.651  0.000e+00
   1215.250    425.730   3.851036     0.7249    -0.0524    422.956    26.6915    31.1479    10.4824    10.4798    4915.64    34.7730     0.7058     1.0087     11.278     31.523      7.650  0.000e+00
   1215.500    425.569   3.851173     0.7251    -0.0623    422.796    26.6866    31.1429    10.4889    10.4864    4915.69    34.7682     0.7066     1.0097     11.290     31.555      7.650  0.000e+00
   1215.750    425.358   3.851330     0.7256    -0.0702    422.587    26.6833    31.1395    10.4940    10.4915    4915.72    34.7650     0.7095     1.0140     11.339     31.688      7.653  0.000e+00
   1216.000    425.110   3.851546     0.7259    -0.0563    422.341    26.6822    31.1383    10.4971    10.4946    4915.74    34.7644     0.7107     1.0157     11.358     31.740      7.653  0.000e+00
   1216.250    424.868   3.852169     0.7257    -0.0623    422.101    26.6845    31.1406    10.5000    10.4975    4915.78    34.7680     0.7088     1.0130     11.329     31.655      7.652  0.000e+00
   1216.500    424.614   3.852490     0.7266    -0.0702    421.848    26.6841    31.1400    10.5033    10.5008    4915.80    34.7682     0.7116     1.0169     11.374     31.780      7.653  0.000e+00
   1216.750    424.397   3.852765     0.7282    -0.0643    421.633    26.6826    31.1385    10.5074    10.5049    4915.83    34.7672     0.7194     1.0282     11.501     32.130      7.654  0.000e+00
   1217.000    424.199   3.852922     0.7282    -0.0702    421.436    26.6808    31.1366    10.5107    10.5082    4915.86    34.7656     0.7188     1.0272     11.490     32.100      7.651  0.000e+00
   1217.250    424.044   3.853033     0.7288    -0.0603    421.282    26.6792    31.1349    10.5136    10.5110    4915.88    34.7642     0.7221     1.0319     11.544     32.248      7.652  0.000e+00
   1217.500    423.938   3.853406     0.7303    -0.0722    421.178    26.6802    31.1360    10.5156    10.5131    4915.90    34.7660     0.7295     1.0425     11.663     32.579      7.655  0.000e+00
   1217.750    423.864   3.854029     0.7308    -0.0603    421.104    26.6830    31.1386    10.5179    10.5154    4915.94    34.7701     0.7325     1.0468     11.712     32.712      7.654  0.000e+00
   1218.000    423.808   3.854677     0.7320    -0.0702    421.049    26.6851    31.1406    10.5212    10.5187    4915.99    34.7735     0.7387     1.0557     11.813     32.991      7.654  0.000e+00
   1218.250    423.765   3.855084     0.7330    -0.0623    421.005    26.6838    31.1393    10.5261    10.5236    4916.04    34.7730     0.7438     1.0629     11.895     33.218      7.653  0.000e+00
   1218.500    423.709   3.855326     0.7331    -0.0643    420.950    26.6810    31.1364    10.5313    10.5287    4916.09    34.7706     0.7433     1.0623     11.889     33.198      7.653  0.000e+00
   1218.750    423.628   3.855405     0.7343    -0.0682    420.870    26.6778    31.1331    10.5355    10.5330    4916.12    34.7673     0.7471     1.0676     11.950     33.364      7.653  0.000e+00
   1219.000    423.504   3.855457     0.7349    -0.0623    420.747    26.6757    31.1310    10.5383    10.5357    4916.14    34.7653     0.7499     1.0717     11.995     33.490      7.651  0.000e+00
   1219.250    423.337   3.855404     0.7355    -0.0543    420.581    26.6736    31.1288    10.5402    10.5376    4916.14    34.7630     0.7513     1.0736     12.017     33.551      7.655  0.000e+00
   1219.500    423.139   3.855483     0.7354    -0.0702    420.384    26.6735    31.1287    10.5410    10.5385    4916.14    34.7631     0.7482     1.0693     11.969     33.416      7.654  0.000e+00
   1219.750    422.915   3.855621     0.7364    -0.0781    420.162    26.6742    31.1294    10.5415    10.5390    4916.14    34.7641     0.7513     1.0737     12.019     33.554      7.654  0.000e+00
   1220.000    422.705   3.855699     0.7379    -0.0722    419.953    26.6740    31.1291    10.5425    10.5400    4916.14    34.7641     0.7565     1.0811     12.101     33.784      7.654  0.000e+00
   1220.250    422.494   3.855889     0.7379    -0.0722    419.744    26.6749    31.1300    10.5433    10.5407    4916.14    34.7653     0.7561     1.0805     12.095     33.766      7.654  0.000e+00
   1220.500    422.295   3.855915     0.7382    -0.0603    419.547    26.6741    31.1292    10.5444    10.5419    4916.14    34.7646     0.7569     1.0817     12.109     33.803      7.654  0.000e+00
   1220.750    422.140   3.855948     0.7392    -0.0722    419.393    26.6734    31.1284    10.5455    10.5430    4916.14    34.7639     0.7600     1.0861     12.159     33.942      7.654  0.000e+00
   1221.000    421.979   3.856079     0.7385    -0.0643    419.233    26.6737    31.1288    10.5463    10.5438    4916.15    34.7646     0.7561     1.0805     12.096     33.765      7.658  0.000e+00
   1221.250    421.861   3.856459     0.7407    -0.0643    419.116    26.6760    31.1310    10.5471    10.5446    4916.16    34.7677     0.7651     1.0935     12.242     34.171      7.652  0.000e+00
   1221.500    421.725   3.856754     0.7399    -0.0702    418.981    26.6769    31.1318    10.5488    10.5462    4916.18    34.7692     0.7616     1.0884     12.185     34.012      7.655  0.000e+00
   1221.750    421.613   3.856996     0.7407    -0.0464    418.870    26.6767    31.1316    10.5510    10.5485    4916.20    34.7695     0.7627     1.0900     12.204     34.062      7.658  0.000e+00
   1222.000    421.458   3.857645     0.7418    -0.0702    418.716    26.6796    31.1344    10.5535    10.5510    4916.24    34.7737     0.7664     1.0952     12.264     34.226      7.653  0.000e+00
   1222.250    421.279   3.857540     0.7414    -0.0781    418.538    26.6754    31.1302    10.5573    10.5547    4916.25    34.7692     0.7650     1.0933     12.243     34.166      7.656  0.000e+00
   1222.500    421.105   3.857645     0.7418    -0.0801    418.366    26.6736    31.1283    10.5602    10.5576    4916.27    34.7676     0.7657     1.0943     12.254     34.197      7.657  0.000e+00
   1222.750    420.944   3.857940     0.7415    -0.0623    418.206    26.6742    31.1289    10.5621    10.5595    4916.29    34.7688     0.7627     1.0900     12.207     34.063      7.654  0.000e+00
   1223.000    420.783   3.858130     0.7422    -0.0623    418.046    26.6740    31.1286    10.5640    10.5615    4916.30    34.7689     0.7652     1.0935     12.247     34.173      7.655  0.000e+00
   1223.250    420.671   3.858294     0.7426    -0.0623    417.935    26.6735    31.1281    10.5660    10.5635    4916.32    34.7687     0.7645     1.0926     12.237     34.145      7.656  0.000e+00
   1223.500    420.578   3.858779     0.7427    -0.0643    417.843    26.6756    31.1302    10.5679    10.5653    4916.35    34.7719     0.7653     1.0938     12.251     34.180      7.656  0.000e+00
   1223.750    420.516   3.858995     0.7438    -0.0781    417.781    26.6751    31.1296    10.5703    10.5678    4916.37    34.7717     0.7692     1.0992     12.313     34.351      7.655  0.000e+00
   1224.000    420.460   3.859644     0.7433    -0.0643    417.726    26.6773    31.1317    10.5734    10.5709    4916.42    34.7754     0.7669     1.0959     12.277     34.248      7.655  0.000e+00
   1224.250    420.404   3.859808     0.7440    -0.0603    417.670    26.6753    31.1296    10.5771    10.5745    4916.45    34.7736     0.7706     1.1012     12.337     34.414      7.657  0.000e+00
   1224.500    420.318   3.859998     0.7439    -0.0643    417.584    26.6733    31.1276    10.5808    10.5783    4916.49    34.7719     0.7696     1.0999     12.323     34.373      7.653  0.000e+00
   1224.750    420.181   3.860267     0.7450    -0.0702    417.449    26.6729    31.1271    10.5837    10.5812    4916.51    34.7719     0.7748     1.1072     12.406     34.601      7.654  0.000e+00
   1225.000    420.008   3.860319     0.7449    -0.0643    417.276    26.6709    31.1250    10.5864    10.5839    4916.53    34.7700     0.7738     1.1058     12.390     34.556      7.657  0.000e+00
   1225.250    419.778   3.860267     0.7454    -0.0702    417.049    26.6686    31.1227    10.5885    10.5860    4916.53    34.7675     0.7755     1.1082     12.418     34.632      7.658  0.000e+00
   1225.500    419.499   3.860561     0.7448    -0.0702    416.772    26.6698    31.1239    10.5898    10.5872    4916.54    34.7695     0.7724     1.1039     12.370     34.497      7.654  0.000e+00
   1225.750    419.220   3.860830     0.7463    -0.0643    416.495    26.6707    31.1248    10.5912    10.5887    4916.54    34.7709     0.7779     1.1116     12.457     34.739      7.658  0.000e+00
