cruises/baja2025/cnv/20250424_cast1.cnv
* Sea-Bird SBE19plus Data File:
* FileName = C:\Users\ScienceTech\OneDrive - Western Flyer Foundation\Desktop\ProfilingCTD\data\20250424_SantaCatalina_cast12.hex
* Software Version 1.59
* Temperature SN =  8289
* Conductivity SN =  8289
* System UpLoad Time = Apr 24 2025 09:02:33
** Seamount south of Isla Santa Catlalina
** 4/24/2025 0520 UTC
** 25 30.497'N
** 110 47.192'W
** ~320 m water depth
# nquan = 18
# nvalues = 5903                                  
# units = specified
# name 0 = timeS: Time, Elapsed [seconds]
# name 1 = prdM: Pressure, Strain Gauge [db]
# name 2 = c0S/m: Conductivity [S/m]
# name 3 = sbeox0V: Oxygen raw, SBE 43 [V]
# name 4 = flECO-AFL: Fluorescence, WET Labs ECO-AFL/FL [mg/m^3]
# name 5 = depSM: Depth [salt water, m], lat = 0.00
# name 6 = sigma-t00: Density [sigma-t, kg/m^3 ]
# name 7 = sigma-100: Density [sigma-1, kg/m^3 ]
# name 8 = tv268C: Temperature [IPTS-68, deg C]
# name 9 = tv290C: Temperature [ITS-90, deg C]
# name 10 = svCF: Sound Velocity [Chen-Millero, ft/s]
# name 11 = sal00: Salinity, Practical [PSU]
# name 12 = sbeox0ML/L: Oxygen, SBE 43 [ml/l]
# name 13 = sbeox0Mg/L: Oxygen, SBE 43 [mg/l]
# name 14 = sbeox0PS: Oxygen, SBE 43 [% saturation]
# name 15 = sbeox0Mm/L: Oxygen, SBE 43 [umol/l]
# name 16 = ph: pH
# name 17 = flag:  0.000e+00
# span 0 =      0.000,   1475.500                 
# span 1 =     -0.155,    313.698                 
# span 2 =  -0.000021,   5.102545                 
# span 3 =     0.5420,     3.1474                 
# span 4 =    -0.1337,   128.7079                 
# span 5 =     -0.154,    311.738                 
# span 6 =    -2.4487,    26.6345                 
# span 7 =     1.9973,    31.0896                 
# span 8 =    10.4399,    22.9574                 
# span 9 =    10.4374,    22.9519                 
# span 10 =    4877.79,    5015.09                
# span 11 =     0.0000,    35.5932                
# span 12 =     0.0429,     7.9287                
# span 13 =     0.0614,    11.3309                
# span 14 =      0.685,    141.643                
# span 15 =      1.917,    354.096                
# span 16 =      7.350,      8.164                
# span 17 = 0.0000e+00, 0.0000e+00                
# interval = seconds: 0.25
# start_time = Apr 23 2025 22:18:59 [Instrument's time stamp, header]
# bad_flag = -9.990e-29
*END*
[from data line 1850]
    462.500     76.964   4.476323     1.5033    -0.0861     76.527    25.7182    30.0470    16.6541    16.6501    4964.68    35.1579     2.8534     4.0778     51.823    127.434      7.835  0.000e+00
    462.750     77.113   4.475948     1.5000    -0.0861     76.675    25.7242    30.0531    16.6446    16.6406    4964.61    35.1628     2.8446     4.0652     51.654    127.038      7.830  0.000e+00
    463.000     77.274   4.474750     1.4961    -0.0861     76.835    25.7229    30.0519    16.6372    16.6332    4964.53    35.1588     2.8326     4.0480     51.427    126.502      7.828  0.000e+00
    463.250     77.472   4.474680     1.4923    -0.0801     77.032    25.7293    30.0584    16.6295    16.6255    4964.49    35.1648     2.8209     4.0313     51.209    125.979      7.831  0.000e+00
    463.500     77.639   4.473657     1.4890    -0.0722     77.198    25.7282    30.0575    16.6231    16.6191    4964.42    35.1614     2.8103     4.0161     51.009    125.506      7.829  0.000e+00
    463.750     77.869   4.473198     1.4860    -0.0702     77.426    25.7307    30.0601    16.6168    16.6128    4964.38    35.1628     2.8006     4.0023     50.828    125.073      7.829  0.000e+00
    464.000     78.073   4.473045     1.4837    -0.0563     77.630    25.7350    30.0644    16.6109    16.6070    4964.34    35.1665     2.7937     3.9925     50.698    124.766      7.828  0.000e+00
    464.250     78.284   4.472738     1.4813    -0.0781     77.839    25.7369    30.0664    16.6065    16.6025    4964.32    35.1676     2.7881     3.9845     50.593    124.517      7.828  0.000e+00
    464.500     78.457   4.472488     1.4807    -0.0702     78.011    25.7382    30.0679    16.6031    16.5991    4964.29    35.1683     2.7898     3.9869     50.620    124.591      7.827  0.000e+00
    464.750     78.618   4.472147     1.4772    -0.0762     78.171    25.7388    30.0685    16.5999    16.5959    4964.27    35.1681     2.7822     3.9760     50.479    124.252      7.828  0.000e+00
    465.000     78.748   4.471966     1.4756    -0.0702     78.301    25.7403    30.0700    16.5969    16.5929    4964.25    35.1691     2.7812     3.9746     50.458    124.207      7.828  0.000e+00
    465.250     78.872   4.471715     1.4729    -0.0643     78.424    25.7409    30.0707    16.5943    16.5903    4964.23    35.1691     2.7753     3.9662     50.349    123.944      7.824  0.000e+00
    465.500     79.027   4.471437     1.4700    -0.0781     78.578    25.7412    30.0710    16.5919    16.5879    4964.22    35.1687     2.7674     3.9549     50.204    123.592      7.824  0.000e+00
    465.750     79.169   4.471221     1.4685    -0.0762     78.719    25.7419    30.0718    16.5894    16.5854    4964.20    35.1690     2.7639     3.9498     50.137    123.434      7.829  0.000e+00
    466.000     79.306   4.470845     1.4682    -0.0801     78.855    25.7414    30.0713    16.5871    16.5831    4964.18    35.1676     2.7646     3.9509     50.148    123.467      7.821  0.000e+00
    466.250     79.454   4.470456     1.4675    -0.0762     79.003    25.7414    30.0714    16.5842    16.5802    4964.15    35.1667     2.7647     3.9510     50.146    123.471      7.824  0.000e+00
    466.500     79.610   4.469363     1.4672    -0.0940     79.157    25.7370    30.0671    16.5808    16.5768    4964.10    35.1599     2.7672     3.9545     50.186    123.581      7.824  0.000e+00
    466.750     79.764   4.467985     1.4672    -0.0722     79.311    25.7330    30.0633    16.5749    16.5709    4964.03    35.1529     2.7724     3.9621     50.273    123.816      7.824  0.000e+00
    467.000     79.944   4.453206     1.4676    -0.0801     79.489    25.6413    29.9725    16.5656    16.5616    4963.48    35.0308     2.7810     3.9743     50.382    124.198      7.824  0.000e+00
    467.250     80.111   4.463275     1.4662    -0.0702     79.656    25.7221    30.0529    16.5517    16.5478    4963.74    35.1316     2.7795     3.9722     50.373    124.134      7.824  0.000e+00
    467.500     80.291   4.456675     1.4665    -0.0841     79.834    25.6938    30.0251    16.5336    16.5296    4963.40    35.0893     2.7854     3.9806     50.449    124.396      7.822  0.000e+00
    467.750     80.464   4.455049     1.4643    -0.0702     80.007    25.7122    30.0440    16.5011    16.4972    4963.14    35.1034     2.7804     3.9735     50.332    124.175      7.822  0.000e+00
    468.000     80.625   4.452165     1.4628    -0.0801     80.167    25.7214    30.0538    16.4694    16.4654    4962.85    35.1058     2.7759     3.9670     50.219    123.970      7.819  0.000e+00
    468.250     80.805   4.449456     1.4611    -0.0861     80.345    25.7281    30.0609    16.4418    16.4379    4962.58    35.1061     2.7701     3.9587     50.087    123.712      7.819  0.000e+00
    468.500     80.973   4.447768     1.4606    -0.0881     80.512    25.7408    30.0741    16.4151    16.4111    4962.36    35.1146     2.7678     3.9554     50.022    123.608      7.819  0.000e+00
    468.750     81.134   4.446824     1.4580    -0.0762     80.672    25.7552    30.0888    16.3921    16.3882    4962.18    35.1264     2.7580     3.9415     49.827    123.173      7.820  0.000e+00
    469.000     81.301   4.446901     1.4555    -0.0801     80.838    25.7716    30.1054    16.3747    16.3708    4962.07    35.1424     2.7478     3.9269     49.632    122.719      7.818  0.000e+00
    469.250     81.456   4.446790     1.4532    -0.0861     80.992    25.7797    30.1136    16.3649    16.3610    4962.01    35.1500     2.7390     3.9144     49.466    122.326      7.818  0.000e+00
    469.500     81.636   4.446575     1.4515    -0.0702     81.171    25.7827    30.1167    16.3599    16.3560    4961.98    35.1524     2.7320     3.9043     49.334    122.010      7.817  0.000e+00
    469.750     81.791   4.446575     1.4485    -0.0603     81.325    25.7860    30.1201    16.3563    16.3523    4961.97    35.1555     2.7215     3.8893     49.143    121.544      7.816  0.000e+00
    470.000     81.970   4.446144     1.4471    -0.0861     81.504    25.7850    30.1191    16.3541    16.3502    4961.95    35.1536     2.7165     3.8821     49.049    121.319      7.814  0.000e+00
    470.250     82.137   4.445533     1.4453    -0.0861     81.670    25.7828    30.1170    16.3519    16.3479    4961.92    35.1501     2.7109     3.8741     48.945    121.068      7.813  0.000e+00
    470.500     82.311   4.445200     1.4454    -0.0781     81.842    25.7840    30.1183    16.3480    16.3440    4961.89    35.1505     2.7127     3.8768     48.975    121.151      7.816  0.000e+00
    470.750     82.484   4.444901     1.4456    -0.0643     82.015    25.7856    30.1200    16.3439    16.3400    4961.87    35.1514     2.7180     3.8843     49.065    121.385      7.816  0.000e+00
    471.000     82.658   4.444888     1.4444    -0.0722     82.187    25.7887    30.1231    16.3404    16.3365    4961.85    35.1542     2.7182     3.8846     49.067    121.395      7.812  0.000e+00
    471.250     82.831   4.444797     1.4447    -0.0801     82.360    25.7899    30.1243    16.3383    16.3344    4961.84    35.1552     2.7234     3.8920     49.159    121.627      7.812  0.000e+00
    471.500     82.980   4.444645     1.4447    -0.0781     82.508    25.7901    30.1245    16.3369    16.3330    4961.84    35.1550     2.7275     3.8979     49.232    121.812      7.812  0.000e+00
    471.750     83.092   4.444638     1.4449    -0.0702     82.619    25.7913    30.1258    16.3355    16.3316    4961.83    35.1562     2.7322     3.9046     49.316    122.021      7.813  0.000e+00
    472.000     83.191   4.444555     1.4450    -0.0801     82.717    25.7915    30.1260    16.3346    16.3307    4961.83    35.1562     2.7349     3.9085     49.364    122.142      7.815  0.000e+00
    472.250     83.302   4.444430     1.4460    -0.0702     82.828    25.7915    30.1260    16.3337    16.3298    4961.82    35.1559     2.7405     3.9165     49.464    122.391      7.812  0.000e+00
    472.500     83.445   4.444339     1.4456    -0.0861     82.970    25.7915    30.1260    16.3329    16.3290    4961.82    35.1557     2.7401     3.9158     49.455    122.372      7.814  0.000e+00
    472.750     83.612   4.444284     1.4465    -0.0781     83.136    25.7918    30.1264    16.3321    16.3282    4961.83    35.1558     2.7443     3.9219     49.531    122.561      7.812  0.000e+00
    473.000     83.810   4.444340     1.4479    -0.0762     83.333    25.7931    30.1277    16.3310    16.3271    4961.83    35.1572     2.7511     3.9316     49.653    122.865      7.812  0.000e+00
    473.250     84.009   4.444249     1.4489    -0.0702     83.530    25.7929    30.1275    16.3305    16.3266    4961.84    35.1568     2.7561     3.9388     49.743    123.089      7.812  0.000e+00
    473.500     84.226   4.444215     1.4495    -0.0781     83.746    25.7928    30.1274    16.3303    16.3264    4961.84    35.1566     2.7597     3.9438     49.807    123.247      7.811  0.000e+00
    473.750     84.474   4.444229     1.4496    -0.0781     83.992    25.7936    30.1282    16.3295    16.3255    4961.85    35.1574     2.7607     3.9453     49.824    123.292      7.813  0.000e+00
    474.000     84.703   4.444152     1.4514    -0.0801     84.220    25.7932    30.1279    16.3292    16.3253    4961.86    35.1568     2.7673     3.9548     49.944    123.589      7.810  0.000e+00
    474.250     84.913   4.443910     1.4515    -0.0801     84.430    25.7918    30.1265    16.3289    16.3250    4961.86    35.1549     2.7677     3.9554     49.950    123.607      7.813  0.000e+00
    474.500     85.068   4.441854     1.4536    -0.0643     84.584    25.7790    30.1138    16.3275    16.3236    4961.79    35.1378     2.7761     3.9673     50.095    123.980      7.809  0.000e+00
    474.750     85.192   4.439064     1.4550    -0.0762     84.707    25.7679    30.1029    16.3188    16.3149    4961.65    35.1207     2.7820     3.9758     50.188    124.246      7.812  0.000e+00
    475.000     85.279   4.438273     1.4537    -0.0801     84.793    25.7780    30.1133    16.3018    16.2979    4961.51    35.1287     2.7777     3.9696     50.096    124.053      7.813  0.000e+00
    475.250     85.372   4.437635     1.4537    -0.0643     84.885    25.7877    30.1232    16.2863    16.2824    4961.39    35.1367     2.7768     3.9683     50.067    124.012      7.811  0.000e+00
    475.500     85.471   4.436379     1.4532    -0.0861     84.984    25.7897    30.1255    16.2746    16.2707    4961.28    35.1358     2.7742     3.9646     50.008    123.896      7.813  0.000e+00
    475.750     85.583   4.435630     1.4569    -0.0702     85.095    25.7953    30.1312    16.2628    16.2589    4961.18    35.1395     2.7870     3.9829     50.229    124.467      7.809  0.000e+00
    476.000     85.713   4.434027     1.4592    -0.0801     85.224    25.7935    30.1296    16.2528    16.2489    4961.06    35.1341     2.7959     3.9957     50.378    124.867      7.815  0.000e+00
    476.250     85.861   4.432189     1.4626    -0.0702     85.372    25.7908    30.1271    16.2419    16.2380    4960.94    35.1273     2.8108     4.0170     50.634    125.532      7.814  0.000e+00
    476.500     86.047   4.428618     1.4662    -0.0722     85.557    25.7784    30.1151    16.2287    16.2248    4960.74    35.1072     2.8276     4.0409     50.916    126.279      7.812  0.000e+00
    476.750     86.221   4.424867     1.4695    -0.0762     85.729    25.7710    30.1082    16.2086    16.2047    4960.49    35.0915     2.8459     4.0671     51.222    127.100      7.809  0.000e+00
    477.000     86.425   4.423953     1.4702    -0.0781     85.932    25.7891    30.1267    16.1817    16.1778    4960.29    35.1071     2.8550     4.0801     51.363    127.503      7.813  0.000e+00
    477.250     86.623   4.423114     1.4721    -0.0762     86.129    25.8037    30.1416    16.1593    16.1555    4960.12    35.1193     2.8642     4.0932     51.510    127.915      7.811  0.000e+00
    477.500     86.815   4.420786     1.4712    -0.0861     86.320    25.8024    30.1406    16.1432    16.1393    4959.94    35.1128     2.8607     4.0882     51.428    127.757      7.810  0.000e+00
    477.750     87.001   4.419235     1.4700    -0.0861     86.505    25.8062    30.1446    16.1274    16.1235    4959.79    35.1129     2.8506     4.0738     51.231    127.307      7.807  0.000e+00
    478.000     87.194   4.418715     1.4672    -0.0841     86.696    25.8171    30.1558    16.1114    16.1075    4959.68    35.1224     2.8335     4.0494     50.911    126.545      7.811  0.000e+00
    478.250     87.367   4.417531     1.4648    -0.0762     86.869    25.8204    30.1593    16.0988    16.0949    4959.56    35.1229     2.8160     4.0243     50.584    125.762      7.805  0.000e+00
    478.500     87.534   4.414789     1.4616    -0.0841     87.035    25.8117    30.1510    16.0876    16.0837    4959.40    35.1083     2.7957     3.9954     50.205    124.858      7.806  0.000e+00
    478.750     87.671   4.411479     1.4579    -0.0702     87.171    25.8032    30.1428    16.0721    16.0682    4959.20    35.0925     2.7753     3.9661     49.818    123.944      7.805  0.000e+00
    479.000     87.813   4.408018     1.4549    -0.0801     87.312    25.7993    30.1394    16.0502    16.0463    4958.94    35.0810     2.7596     3.9438     49.512    123.246      7.802  0.000e+00
    479.250     87.937   4.402138     1.4502    -0.0702     87.435    25.7827    30.1234    16.0241    16.0202    4958.57    35.0516     2.7396     3.9151     49.118    122.349      7.804  0.000e+00
    479.500     88.073   4.394083     1.4471    -0.0781     87.571    25.7601    30.1017    15.9881    15.9842    4958.06    35.0115     2.7283     3.8991     48.871    121.848      7.803  0.000e+00
    479.750     88.222   4.391610     1.4433    -0.0722     87.719    25.7897    30.1320    15.9368    15.9329    4957.64    35.0347     2.7160     3.8815     48.608    121.298      7.800  0.000e+00
    480.000     88.390   4.391037     1.4379    -0.0781     87.885    25.8276    30.1705    15.8906    15.8868    4957.32    35.0704     2.6984     3.8562     48.259    120.508      7.801  0.000e+00
    480.250     88.538   4.390429     1.4321    -0.0682     88.033    25.8507    30.1940    15.8607    15.8569    4957.10    35.0915     2.6780     3.8271     47.873    119.599      7.800  0.000e+00
    480.500     88.675   4.389587     1.4257    -0.0762     88.169    25.8616    30.2051    15.8423    15.8385    4956.96    35.1002     2.6543     3.7932     47.434    118.539      7.795  0.000e+00
    480.750     88.811   4.389014     1.4173    -0.0861     88.304    25.8689    30.2127    15.8298    15.8260    4956.86    35.1061     2.6222     3.7474     46.851    117.107      7.796  0.000e+00
    481.000     88.978   4.388744     1.4086    -0.0702     88.470    25.8754    30.2193    15.8206    15.8168    4956.80    35.1118     2.5871     3.6972     46.217    115.539      7.792  0.000e+00
    481.250     89.152   4.388592     1.4002    -0.0722     88.643    25.8800    30.2240    15.8143    15.8105    4956.76    35.1159     2.5532     3.6488     45.607    114.026      7.792  0.000e+00
    481.500     89.325   4.387985     1.3931    -0.0762     88.815    25.8794    30.2234    15.8104    15.8066    4956.72    35.1139     2.5233     3.6061     45.069    112.691      7.790  0.000e+00
    481.750     89.505   4.386721     1.3869    -0.0722     88.994    25.8741    30.2183    15.8066    15.8028    4956.66    35.1059     2.5001     3.5730     44.650    111.656      7.790  0.000e+00
    482.000     89.678   4.381894     1.3816    -0.0722     89.166    25.8476    30.1921    15.7991    15.7953    4956.45    35.0692     2.4847     3.5509     44.358    110.968      7.785  0.000e+00
