cruises/baja2025/cnv/20250504_cast1.cnv
* Sea-Bird SBE19plus Data File:
* FileName = C:\Users\ScienceTech\OneDrive - Western Flyer Foundation\Desktop\ProfilingCTD\data\Leg 3\20250504_T2_cast1.hex
* Software Version 1.59
* Temperature SN =  8289
* Conductivity SN =  8289
* System UpLoad Time = May 04 2025 19:04:16
** Start 1607Z
** 27-21.39'N
** 112 13.86'W
** To 335m
# nquan = 18
# nvalues = 5382                                  
# units = specified
# name 0 = timeS: Time, Elapsed [seconds]
# name 1 = prdM: Pressure, Strain Gauge [db]
# name 2 = c0S/m: Conductivity [S/m]
# name 3 = sbeox0V: Oxygen raw, SBE 43 [V]
# name 4 = flECO-AFL: Fluorescence, WET Labs ECO-AFL/FL [mg/m^3]
# name 5 = depSM: Depth [salt water, m], lat = 0.00
# name 6 = sigma-t00: Density [sigma-t, kg/m^3 ]
# name 7 = sigma-100: Density [sigma-1, kg/m^3 ]
# name 8 = tv268C: Temperature [IPTS-68, deg C]
# name 9 = tv290C: Temperature [ITS-90, deg C]
# name 10 = svCF: Sound Velocity [Chen-Millero, ft/s]
# name 11 = sal00: Salinity, Practical [PSU]
# name 12 = sbeox0ML/L: Oxygen, SBE 43 [ml/l]
# name 13 = sbeox0Mg/L: Oxygen, SBE 43 [mg/l]
# name 14 = sbeox0PS: Oxygen, SBE 43 [% saturation]
# name 15 = sbeox0Mm/L: Oxygen, SBE 43 [umol/l]
# name 16 = ph: pH
# name 17 = flag:  0.000e+00
# span 0 =      0.000,   1345.250                 
# span 1 =     -0.183,    347.133                 
# span 2 =   0.001167,   4.815802                 
# span 3 =     0.9698,     2.9011                 
# span 4 =    -0.1654,   128.7138                 
# span 5 =     -0.182,    344.936                 
# span 6 =    -2.2611,    26.4886                 
# span 7 =     2.1980,    30.9098                 
# span 8 =    12.1023,    22.2045                 
# span 9 =    12.0994,    22.1992                 
# span 10 =    4860.29,    4996.99                
# span 11 =     0.0140,    35.5991                
# span 12 =     1.4586,     7.3538                
# span 13 =     2.0845,    10.5093                
# span 14 =     24.681,    134.372                
# span 15 =     65.142,    328.422                
# span 16 =      7.296,      8.240                
# span 17 = 0.0000e+00, 0.0000e+00                
# interval = seconds: 0.25
# start_time = May 04 2025 09:06:59 [Instrument's time stamp, header]
# bad_flag = -9.990e-29
*END*
[from data line 3619]
    904.750    291.645   4.011543     0.9764    -0.0722    289.838    26.4774    30.8975    12.1133    12.1104    4927.42    34.8834     1.5087     2.1561     24.970     67.378      7.719  0.000e+00
    905.000    291.546   4.011543     0.9763    -0.0702    289.740    26.4771    30.8972    12.1136    12.1107    4927.42    34.8832     1.5070     2.1537     24.942     67.303      7.715  0.000e+00
    905.250    291.447   4.011583     0.9764    -0.0781    289.641    26.4773    30.8974    12.1138    12.1108    4927.42    34.8834     1.5068     2.1533     24.938     67.292      7.719  0.000e+00
    905.500    291.354   4.011689     0.9774    -0.0623    289.549    26.4778    30.8978    12.1142    12.1113    4927.42    34.8841     1.5121     2.1610     25.027     67.531      7.719  0.000e+00
    905.750    291.242   4.011716     0.9768    -0.0682    289.438    26.4775    30.8976    12.1147    12.1118    4927.42    34.8840     1.5097     2.1575     24.987     67.423      7.718  0.000e+00
    906.000    291.081   4.011689     0.9779    -0.0543    289.278    26.4770    30.8970    12.1151    12.1122    4927.41    34.8834     1.5145     2.1644     25.067     67.637      7.718  0.000e+00
    906.250    290.913   4.011609     0.9775    -0.0762    289.112    26.4762    30.8962    12.1154    12.1125    4927.40    34.8824     1.5150     2.1651     25.076     67.660      7.716  0.000e+00
    906.500    290.709   4.011602     0.9781    -0.0722    288.909    26.4761    30.8962    12.1155    12.1126    4927.39    34.8823     1.5177     2.1690     25.120     67.781      7.717  0.000e+00
    906.750    290.511   4.011602     0.9780    -0.0781    288.712    26.4765    30.8965    12.1152    12.1123    4927.38    34.8827     1.5185     2.1701     25.134     67.818      7.718  0.000e+00
    907.000    290.312   4.011609     0.9789    -0.0702    288.515    26.4767    30.8967    12.1151    12.1121    4927.37    34.8830     1.5225     2.1758     25.200     67.996      7.716  0.000e+00
    907.250    290.126   4.011742     0.9780    -0.0702    288.330    26.4777    30.8977    12.1152    12.1123    4927.36    34.8842     1.5182     2.1697     25.129     67.803      7.718  0.000e+00
    907.500    289.934   4.011742     0.9779    -0.0563    288.139    26.4775    30.8975    12.1154    12.1125    4927.36    34.8841     1.5160     2.1665     25.092     67.704      7.718  0.000e+00
    907.750    289.755   4.011828     0.9777    -0.0623    287.961    26.4776    30.8976    12.1161    12.1132    4927.36    34.8844     1.5146     2.1646     25.070     67.644      7.717  0.000e+00
    908.000    289.587   4.011881     0.9779    -0.0563    287.795    26.4775    30.8975    12.1167    12.1138    4927.35    34.8844     1.5135     2.1630     25.052     67.593      7.718  0.000e+00
    908.250    289.439   4.011881     0.9782    -0.0722    287.647    26.4772    30.8972    12.1171    12.1142    4927.35    34.8841     1.5146     2.1644     25.069     67.640      7.718  0.000e+00
    908.500    289.253   4.011935     0.9771    -0.0702    287.462    26.4770    30.8969    12.1179    12.1150    4927.35    34.8840     1.5090     2.1565     24.977     67.391      7.715  0.000e+00
    908.750    289.079   4.011941     0.9783    -0.0623    287.290    26.4767    30.8966    12.1182    12.1153    4927.34    34.8838     1.5137     2.1632     25.055     67.600      7.718  0.000e+00
    909.000    288.912   4.011994     0.9777    -0.0702    287.124    26.4769    30.8968    12.1186    12.1157    4927.34    34.8840     1.5112     2.1597     25.015     67.492      7.715  0.000e+00
    909.250    288.738   4.012068     0.9780    -0.0781    286.951    26.4771    30.8970    12.1190    12.1161    4927.33    34.8844     1.5137     2.1633     25.057     67.603      7.718  0.000e+00
    909.500    288.558   4.012054     0.9787    -0.0702    286.773    26.4767    30.8966    12.1194    12.1165    4927.33    34.8840     1.5172     2.1683     25.115     67.759      7.716  0.000e+00
    909.750    288.366   4.012054     0.9779    -0.0781    286.582    26.4764    30.8962    12.1198    12.1169    4927.32    34.8837     1.5141     2.1639     25.064     67.621      7.717  0.000e+00
    910.000    288.180   4.012041     0.9777    -0.0702    286.397    26.4760    30.8959    12.1202    12.1173    4927.31    34.8833     1.5130     2.1622     25.044     67.569      7.716  0.000e+00
    910.250    287.988   4.012081     0.9776    -0.0543    286.207    26.4764    30.8963    12.1201    12.1172    4927.30    34.8838     1.5122     2.1611     25.032     67.534      7.718  0.000e+00
    910.500    287.827   4.012140     0.9779    -0.0801    286.047    26.4767    30.8966    12.1203    12.1174    4927.30    34.8843     1.5132     2.1626     25.049     67.581      7.719  0.000e+00
    910.750    287.653   4.012220     0.9789    -0.0702    285.874    26.4771    30.8969    12.1207    12.1178    4927.29    34.8848     1.5169     2.1678     25.110     67.744      7.718  0.000e+00
    911.000    287.492   4.012313     0.9779    -0.0722    285.714    26.4773    30.8971    12.1213    12.1184    4927.29    34.8852     1.5133     2.1627     25.051     67.585      7.718  0.000e+00
    911.250    287.337   4.012333     0.9779    -0.0762    285.560    26.4768    30.8966    12.1221    12.1191    4927.29    34.8848     1.5129     2.1621     25.045     67.567      7.718  0.000e+00
    911.500    287.189   4.012480     0.9785    -0.0623    285.412    26.4773    30.8971    12.1227    12.1198    4927.30    34.8856     1.5151     2.1652     25.082     67.665      7.718  0.000e+00
    911.750    287.040   4.012420     0.9791    -0.0781    285.265    26.4762    30.8959    12.1235    12.1206    4927.29    34.8844     1.5192     2.1711     25.149     67.847      7.719  0.000e+00
    912.000    286.891   4.012446     0.9780    -0.0722    285.117    26.4758    30.8956    12.1241    12.1212    4927.29    34.8841     1.5149     2.1650     25.079     67.657      7.716  0.000e+00
    912.250    286.736   4.012506     0.9802    -0.0762    284.963    26.4761    30.8958    12.1244    12.1215    4927.29    34.8845     1.5238     2.1777     25.226     68.053      7.718  0.000e+00
    912.500    286.581   4.012560     0.9793    -0.0781    284.809    26.4761    30.8958    12.1249    12.1220    4927.28    34.8846     1.5208     2.1733     25.176     67.917      7.717  0.000e+00
    912.750    286.401   4.012593     0.9808    -0.0722    284.631    26.4760    30.8957    12.1254    12.1225    4927.28    34.8846     1.5270     2.1823     25.280     68.196      7.719  0.000e+00
    913.000    286.203   4.012646     0.9800    -0.0603    284.434    26.4761    30.8957    12.1258    12.1229    4927.27    34.8848     1.5256     2.1803     25.257     68.134      7.719  0.000e+00
    913.250    285.992   4.012799     0.9802    -0.0702    284.225    26.4770    30.8966    12.1262    12.1233    4927.27    34.8860     1.5259     2.1807     25.262     68.147      7.717  0.000e+00
    913.500    285.788   4.012932     0.9799    -0.0682    284.021    26.4773    30.8969    12.1270    12.1241    4927.27    34.8867     1.5231     2.1766     25.216     68.021      7.718  0.000e+00
    913.750    285.583   4.012959     0.9802    -0.0861    283.818    26.4765    30.8961    12.1281    12.1252    4927.27    34.8859     1.5235     2.1773     25.224     68.041      7.718  0.000e+00
    914.000    285.373   4.013125     0.9804    -0.0722    283.609    26.4769    30.8965    12.1291    12.1262    4927.27    34.8867     1.5238     2.1776     25.228     68.051      7.717  0.000e+00
    914.250    285.187   4.013158     0.9802    -0.0643    283.424    26.4762    30.8958    12.1302    12.1273    4927.27    34.8861     1.5205     2.1729     25.174     67.904      7.718  0.000e+00
    914.500    285.013   4.013158     0.9805    -0.0722    283.252    26.4754    30.8950    12.1312    12.1282    4927.27    34.8853     1.5219     2.1749     25.198     67.967      7.722  0.000e+00
    914.750    284.864   4.013205     0.9802    -0.0702    283.104    26.4754    30.8950    12.1316    12.1287    4927.27    34.8854     1.5199     2.1721     25.166     67.879      7.716  0.000e+00
    915.000    284.728   4.013245     0.9801    -0.0543    282.969    26.4752    30.8948    12.1322    12.1293    4927.27    34.8853     1.5199     2.1721     25.166     67.878      7.716  0.000e+00
    915.250    284.586   4.013298     0.9800    -0.0623    282.827    26.4751    30.8946    12.1328    12.1299    4927.27    34.8853     1.5191     2.1710     25.153     67.843      7.717  0.000e+00
    915.500    284.462   4.013311     0.9802    -0.0682    282.704    26.4748    30.8943    12.1333    12.1304    4927.26    34.8850     1.5196     2.1717     25.162     67.867      7.717  0.000e+00
    915.750    284.325   4.013298     0.9801    -0.0722    282.569    26.4743    30.8937    12.1338    12.1309    4927.26    34.8845     1.5187     2.1704     25.148     67.827      7.717  0.000e+00
    916.000    284.183   4.013358     0.9793    -0.0623    282.427    26.4746    30.8941    12.1340    12.1311    4927.26    34.8850     1.5151     2.1653     25.088     67.666      7.717  0.000e+00
    916.250    284.022   4.013451     0.9802    -0.0623    282.267    26.4750    30.8944    12.1344    12.1315    4927.25    34.8855     1.5184     2.1700     25.143     67.812      7.720  0.000e+00
    916.500    283.848   4.013471     0.9799    -0.0682    282.095    26.4749    30.8943    12.1348    12.1319    4927.25    34.8855     1.5176     2.1687     25.128     67.774      7.718  0.000e+00
    916.750    283.650   4.013471     0.9807    -0.0702    281.898    26.4745    30.8939    12.1353    12.1324    4927.24    34.8851     1.5215     2.1743     25.193     67.949      7.715  0.000e+00
    917.000    283.439   4.013504     0.9802    -0.0543    281.689    26.4746    30.8940    12.1355    12.1326    4927.23    34.8853     1.5203     2.1727     25.174     67.897      7.717  0.000e+00
    917.250    283.210   4.013550     0.9801    -0.0781    281.461    26.4746    30.8940    12.1359    12.1330    4927.23    34.8854     1.5197     2.1719     25.165     67.872      7.717  0.000e+00
    917.500    282.980   4.013584     0.9800    -0.0702    281.233    26.4746    30.8940    12.1363    12.1334    4927.22    34.8855     1.5193     2.1712     25.157     67.850      7.718  0.000e+00
    917.750    282.782   4.013610     0.9793    -0.0543    281.036    26.4744    30.8938    12.1368    12.1339    4927.21    34.8854     1.5158     2.1662     25.100     67.694      7.718  0.000e+00
    918.000    282.577   4.013530     0.9796    -0.0702    280.833    26.4737    30.8931    12.1370    12.1341    4927.20    34.8845     1.5168     2.1676     25.116     67.738      7.721  0.000e+00
    918.250    282.392   4.013470     0.9804    -0.0781    280.648    26.4732    30.8925    12.1371    12.1342    4927.19    34.8839     1.5190     2.1707     25.153     67.837      7.718  0.000e+00
    918.500    282.255   4.013437     0.9802    -0.0623    280.513    26.4730    30.8924    12.1371    12.1342    4927.18    34.8837     1.5188     2.1706     25.151     67.831      7.718  0.000e+00
    918.750    282.156   4.013337     0.9802    -0.0702    280.414    26.4727    30.8921    12.1366    12.1337    4927.17    34.8831     1.5189     2.1706     25.151     67.833      7.717  0.000e+00
    919.000    282.020   4.013357     0.9804    -0.0762    280.279    26.4733    30.8927    12.1362    12.1333    4927.16    34.8838     1.5207     2.1732     25.180     67.912      7.720  0.000e+00
    919.250    281.927   4.013637     0.9806    -0.0682    280.187    26.4758    30.8952    12.1358    12.1329    4927.16    34.8870     1.5220     2.1751     25.203     67.972      7.719  0.000e+00
    919.500    281.803   4.013610     0.9809    -0.0722    280.064    26.4751    30.8944    12.1364    12.1335    4927.16    34.8861     1.5239     2.1778     25.235     68.057      7.720  0.000e+00
    919.750    281.648   4.013810     0.9809    -0.0702    279.910    26.4758    30.8951    12.1374    12.1345    4927.16    34.8873     1.5247     2.1790     25.249     68.095      7.717  0.000e+00
    920.000    281.481   4.014149     0.9811    -0.0623    279.744    26.4777    30.8969    12.1382    12.1352    4927.18    34.8899     1.5246     2.1788     25.248     68.089      7.716  0.000e+00
    920.250    281.276   4.014342     0.9809    -0.0643    279.540    26.4775    30.8967    12.1400    12.1371    4927.19    34.8901     1.5229     2.1764     25.221     68.013      7.719  0.000e+00
    920.500    281.065   4.014515     0.9815    -0.0781    279.331    26.4768    30.8960    12.1423    12.1394    4927.20    34.8898     1.5255     2.1801     25.265     68.130      7.719  0.000e+00
    920.750    280.836   4.014795     0.9802    -0.0643    279.104    26.4772    30.8963    12.1442    12.1413    4927.21    34.8908     1.5200     2.1722     25.174     67.882      7.719  0.000e+00
    921.000    280.619   4.014968     0.9804    -0.0623    278.888    26.4763    30.8954    12.1467    12.1438    4927.23    34.8903     1.5192     2.1711     25.163     67.849      7.718  0.000e+00
    921.250    280.377   4.015168     0.9812    -0.0781    278.648    26.4756    30.8947    12.1491    12.1462    4927.24    34.8900     1.5216     2.1746     25.204     67.956      7.720  0.000e+00
    921.500    280.173   4.015421     0.9809    -0.0702    278.445    26.4760    30.8950    12.1509    12.1480    4927.25    34.8910     1.5201     2.1724     25.180     67.887      7.717  0.000e+00
    921.750    279.999   4.015694     0.9809    -0.0682    278.272    26.4760    30.8949    12.1533    12.1503    4927.27    34.8915     1.5203     2.1726     25.184     67.895      7.718  0.000e+00
    922.000    279.844   4.015847     0.9810    -0.0643    278.119    26.4750    30.8939    12.1556    12.1527    4927.29    34.8908     1.5206     2.1732     25.191     67.912      7.716  0.000e+00
    922.250    279.714   4.015900     0.9820    -0.0702    277.989    26.4736    30.8924    12.1577    12.1548    4927.30    34.8895     1.5255     2.1801     25.273     68.130      7.717  0.000e+00
    922.500    279.609   4.016047     0.9817    -0.0643    277.885    26.4731    30.8919    12.1595    12.1566    4927.31    34.8893     1.5250     2.1794     25.266     68.109      7.720  0.000e+00
    922.750    279.491   4.016213     0.9815    -0.0781    277.768    26.4732    30.8919    12.1608    12.1579    4927.32    34.8897     1.5256     2.1802     25.276     68.132      7.719  0.000e+00
    923.000    279.386   4.016160     0.9826    -0.0623    277.663    26.4713    30.8901    12.1624    12.1595    4927.32    34.8878     1.5297     2.1860     25.344     68.315      7.719  0.000e+00
    923.250    279.249   4.016266     0.9825    -0.0623    277.528    26.4713    30.8901    12.1633    12.1604    4927.33    34.8880     1.5293     2.1856     25.339     68.299      7.719  0.000e+00
    923.500    279.076   4.016386     0.9819    -0.0762    277.355    26.4715    30.8903    12.1641    12.1612    4927.33    34.8885     1.5269     2.1822     25.300     68.193      7.720  0.000e+00
    923.750    278.896   4.016273     0.9835    -0.0643    277.177    26.4702    30.8889    12.1648    12.1618    4927.32    34.8868     1.5329     2.1907     25.399     68.461      7.718  0.000e+00
    924.000    278.686   4.016266     0.9825    -0.0801    276.968    26.4697    30.8884    12.1653    12.1623    4927.31    34.8864     1.5286     2.1845     25.327     68.267      7.716  0.000e+00
    924.250    278.462   4.016239     0.9832    -0.0623    276.746    26.4696    30.8883    12.1653    12.1623    4927.30    34.8862     1.5307     2.1876     25.363     68.362      7.721  0.000e+00
