cruises/baja2025/cnv/20250424_cast1.cnv
* Sea-Bird SBE19plus Data File:
* FileName = C:\Users\ScienceTech\OneDrive - Western Flyer Foundation\Desktop\ProfilingCTD\data\20250424_SantaCatalina_cast12.hex
* Software Version 1.59
* Temperature SN =  8289
* Conductivity SN =  8289
* System UpLoad Time = Apr 24 2025 09:02:33
** Seamount south of Isla Santa Catlalina
** 4/24/2025 0520 UTC
** 25 30.497'N
** 110 47.192'W
** ~320 m water depth
# nquan = 18
# nvalues = 5903                                  
# units = specified
# name 0 = timeS: Time, Elapsed [seconds]
# name 1 = prdM: Pressure, Strain Gauge [db]
# name 2 = c0S/m: Conductivity [S/m]
# name 3 = sbeox0V: Oxygen raw, SBE 43 [V]
# name 4 = flECO-AFL: Fluorescence, WET Labs ECO-AFL/FL [mg/m^3]
# name 5 = depSM: Depth [salt water, m], lat = 0.00
# name 6 = sigma-t00: Density [sigma-t, kg/m^3 ]
# name 7 = sigma-100: Density [sigma-1, kg/m^3 ]
# name 8 = tv268C: Temperature [IPTS-68, deg C]
# name 9 = tv290C: Temperature [ITS-90, deg C]
# name 10 = svCF: Sound Velocity [Chen-Millero, ft/s]
# name 11 = sal00: Salinity, Practical [PSU]
# name 12 = sbeox0ML/L: Oxygen, SBE 43 [ml/l]
# name 13 = sbeox0Mg/L: Oxygen, SBE 43 [mg/l]
# name 14 = sbeox0PS: Oxygen, SBE 43 [% saturation]
# name 15 = sbeox0Mm/L: Oxygen, SBE 43 [umol/l]
# name 16 = ph: pH
# name 17 = flag:  0.000e+00
# span 0 =      0.000,   1475.500                 
# span 1 =     -0.155,    313.698                 
# span 2 =  -0.000021,   5.102545                 
# span 3 =     0.5420,     3.1474                 
# span 4 =    -0.1337,   128.7079                 
# span 5 =     -0.154,    311.738                 
# span 6 =    -2.4487,    26.6345                 
# span 7 =     1.9973,    31.0896                 
# span 8 =    10.4399,    22.9574                 
# span 9 =    10.4374,    22.9519                 
# span 10 =    4877.79,    5015.09                
# span 11 =     0.0000,    35.5932                
# span 12 =     0.0429,     7.9287                
# span 13 =     0.0614,    11.3309                
# span 14 =      0.685,    141.643                
# span 15 =      1.917,    354.096                
# span 16 =      7.350,      8.164                
# span 17 = 0.0000e+00, 0.0000e+00                
# interval = seconds: 0.25
# start_time = Apr 23 2025 22:18:59 [Instrument's time stamp, header]
# bad_flag = -9.990e-29
*END*
[from data line 1609]
    402.250     34.983   4.783236     2.7206     0.9038     34.787    25.2704    29.5510    19.3716    19.3669    4989.49    35.4496     6.0629     8.6644    116.113    270.767      8.077  0.000e+00
    402.500     35.131   4.782814     2.7159     1.3759     34.935    25.2725    29.5532    19.3663    19.3616    4989.45    35.4506     6.0457     8.6399    115.773    270.000      8.076  0.000e+00
    402.750     35.323   4.782234     2.7129     1.3699     35.126    25.2733    29.5541    19.3613    19.3566    4989.41    35.4499     6.0354     8.6253    115.567    269.543      8.076  0.000e+00
    403.000     35.509   4.781626     2.7123     1.3541     35.311    25.2743    29.5552    19.3559    19.3512    4989.37    35.4494     6.0363     8.6265    115.571    269.582      8.074  0.000e+00
    403.250     35.738   4.781211     2.7122     1.3838     35.539    25.2765    29.5575    19.3505    19.3458    4989.34    35.4505     6.0416     8.6341    115.662    269.819      8.075  0.000e+00
    403.500     35.961   4.780531     2.7145     1.4017     35.761    25.2767    29.5578    19.3454    19.3408    4989.30    35.4490     6.0577     8.6571    115.958    270.537      8.076  0.000e+00
    403.750     36.166   4.779922     2.7169     1.3997     35.964    25.2777    29.5589    19.3400    19.3353    4989.26    35.4485     6.0768     8.6844    116.312    271.391      8.077  0.000e+00
    404.000     36.364   4.779121     2.7165     1.3997     36.161    25.2782    29.5595    19.3338    19.3292    4989.21    35.4470     6.0866     8.6984    116.485    271.827      8.077  0.000e+00
    404.250     36.525   4.778026     2.7173     1.4076     36.321    25.2772    29.5586    19.3272    19.3226    4989.14    35.4434     6.0979     8.7145    116.685    272.333      8.075  0.000e+00
    404.500     36.674   4.777253     2.7177     0.3265     36.469    25.2797    29.5612    19.3190    19.3144    4989.08    35.4439     6.1062     8.7264    116.826    272.704      8.076  0.000e+00
    404.750     36.835   4.776839     2.7184     0.3087     36.629    25.2846    29.5663    19.3106    19.3060    4989.02    35.4476     6.1121     8.7348    116.923    272.966      8.073  0.000e+00
    405.000     36.977   4.776195     2.7189     0.3206     36.771    25.2867    29.5685    19.3038    19.2992    4988.97    35.4480     6.1145     8.7383    116.955    273.074      8.073  0.000e+00
    405.250     37.138   4.775651     2.7164     0.3146     36.931    25.2884    29.5703    19.2980    19.2934    4988.92    35.4483     6.1054     8.7252    116.768    272.666      8.074  0.000e+00
    405.500     37.318   4.775107     2.7171     0.3345     37.110    25.2902    29.5722    19.2923    19.2876    4988.88    35.4486     6.1048     8.7244    116.745    272.642      8.074  0.000e+00
    405.750     37.516   4.774371     2.7156     0.9177     37.307    25.2904    29.5725    19.2868    19.2821    4988.83    35.4471     6.0985     8.7154    116.611    272.359      8.073  0.000e+00
    406.000     37.708   4.773119     2.7119     0.8939     37.498    25.2876    29.5698    19.2811    19.2764    4988.77    35.4414     6.0853     8.6965    116.343    271.770      8.073  0.000e+00
    406.250     37.901   4.771481     2.7094     0.9038     37.689    25.2848    29.5672    19.2726    19.2680    4988.68    35.4349     6.0749     8.6816    116.121    271.305      8.070  0.000e+00
    406.500     38.068   4.770551     2.7078     0.8978     37.855    25.2890    29.5716    19.2614    19.2567    4988.59    35.4367     6.0677     8.6713    115.960    270.982      8.073  0.000e+00
    406.750     38.241   4.769751     2.7050     0.3583     38.028    25.2946    29.5774    19.2496    19.2449    4988.50    35.4400     6.0571     8.6562    115.735    270.511      8.071  0.000e+00
    407.000     38.409   4.769336     2.7013     0.3682     38.194    25.3013    29.5842    19.2393    19.2347    4988.44    35.4452     6.0440     8.6374    115.465    269.923      8.071  0.000e+00
    407.250     38.564   4.768793     2.6968     0.3622     38.348    25.3054    29.5884    19.2309    19.2263    4988.38    35.4478     6.0290     8.6160    115.164    269.255      8.067  0.000e+00
    407.500     38.718   4.768371     2.6931     0.3662     38.502    25.3086    29.5917    19.2244    19.2198    4988.33    35.4498     6.0148     8.5958    114.880    268.622      8.068  0.000e+00
    407.750     38.886   4.768057     2.6902     0.5804     38.668    25.3115    29.5947    19.2189    19.2143    4988.30    35.4518     6.0054     8.5824    114.691    268.202      8.066  0.000e+00
    408.000     39.034   4.767478     2.6882     0.5804     38.816    25.3121    29.5954    19.2141    19.2095    4988.26    35.4510     6.0006     8.5754    114.587    267.985      8.065  0.000e+00
    408.250     39.233   4.766455     2.6847     0.5864     39.013    25.3093    29.5927    19.2100    19.2054    4988.21    35.4459     5.9906     8.5612    114.385    267.542      8.067  0.000e+00
    408.500     39.456   4.765233     2.6827     0.5666     39.235    25.3069    29.5904    19.2040    19.1994    4988.15    35.4407     5.9864     8.5552    114.289    267.353      8.064  0.000e+00
    408.750     39.654   4.763475     2.6805     0.5745     39.432    25.3034    29.5871    19.1955    19.1909    4988.06    35.4332     5.9836     8.5512    114.212    267.227      8.065  0.000e+00
    409.000     39.846   4.762517     2.6783     0.2988     39.623    25.3077    29.5916    19.1840    19.1794    4987.97    35.4350     5.9815     8.5482    114.149    267.136      8.066  0.000e+00
    409.250     40.069   4.761689     2.6750     0.2769     39.845    25.3124    29.5964    19.1729    19.1683    4987.88    35.4374     5.9756     8.5397    114.014    266.869      8.066  0.000e+00
    409.500     40.267   4.761303     2.6710     0.3027     40.042    25.3191    29.6033    19.1628    19.1582    4987.82    35.4428     5.9652     8.5248    113.798    266.405      8.063  0.000e+00
    409.750     40.447   4.760824     2.6668     0.2948     40.221    25.3229    29.6073    19.1551    19.1505    4987.77    35.4452     5.9525     8.5067    113.542    265.839      8.065  0.000e+00
    410.000     40.608   4.759738     2.6659     0.5189     40.381    25.3214    29.6059    19.1491    19.1445    4987.71    35.4412     5.9504     8.5038    113.486    265.747      8.063  0.000e+00
    410.250     40.769   4.759260     2.6600     0.5130     40.541    25.3245    29.6090    19.1423    19.1378    4987.66    35.4430     5.9328     8.4786    113.137    264.959      8.065  0.000e+00
    410.500     40.924   4.758202     2.6557     0.5110     40.695    25.3236    29.6082    19.1359    19.1313    4987.60    35.4396     5.9187     8.4584    112.853    264.330      8.062  0.000e+00
    410.750     41.066   4.756702     2.6536     0.5249     40.837    25.3201    29.6050    19.1290    19.1244    4987.51    35.4328     5.9128     8.4500    112.721    264.066      8.059  0.000e+00
    411.000     41.227   4.754853     2.6503     0.2829     40.997    25.3169    29.6020    19.1195    19.1150    4987.41    35.4254     5.9044     8.4380    112.536    263.690      8.059  0.000e+00
    411.250     41.401   4.751846     2.6478     0.2710     41.169    25.3088    29.5942    19.1072    19.1027    4987.25    35.4107     5.9005     8.4324    112.426    263.516      8.061  0.000e+00
    411.500     41.580   4.748948     2.6424     0.2888     41.348    25.3056    29.5912    19.0904    19.0858    4987.06    35.4008     5.8878     8.4143    112.143    262.949      8.059  0.000e+00
    411.750     41.766   4.745537     2.6382     0.2869     41.533    25.3028    29.5889    19.0694    19.0648    4986.84    35.3901     5.8781     8.4004    111.907    262.515      8.059  0.000e+00
    412.000     41.958   4.742005     2.6346     0.2988     41.724    25.3014    29.5879    19.0460    19.0414    4986.60    35.3804     5.8696     8.3883    111.690    262.137      8.053  0.000e+00
    412.250     42.144   4.739687     2.6281     0.1659     41.908    25.3104    29.5973    19.0197    19.0152    4986.37    35.3834     5.8534     8.3651    111.329    261.412      8.054  0.000e+00
    412.500     42.373   4.738033     2.6230     0.1599     42.136    25.3219    29.6092    18.9953    18.9907    4986.18    35.3903     5.8388     8.3443    111.007    260.763      8.049  0.000e+00
    412.750     42.565   4.737713     2.6143     0.1659     42.327    25.3383    29.6258    18.9750    18.9704    4986.06    35.4049     5.8096     8.3026    110.420    259.459      8.053  0.000e+00
    413.000     42.782   4.737585     2.6051     0.1718     42.543    25.3499    29.6376    18.9612    18.9566    4985.98    35.4155     5.7778     8.2570    109.793    258.035      8.047  0.000e+00
    413.250     42.962   4.737050     2.5934     0.3364     42.721    25.3536    29.6414    18.9533    18.9487    4985.93    35.4177     5.7358     8.1970    108.981    256.161      8.049  0.000e+00
    413.500     43.123   4.736729     2.5813     0.3146     42.882    25.3564    29.6443    18.9479    18.9434    4985.89    35.4195     5.6915     8.1337    108.129    254.181      8.047  0.000e+00
    413.750     43.284   4.736573     2.5716     0.3345     43.042    25.3591    29.6471    18.9438    18.9392    4985.87    35.4217     5.6540     8.0802    107.411    252.509      8.045  0.000e+00
    414.000     43.414   4.736473     2.5643     0.3265     43.171    25.3616    29.6496    18.9402    18.9357    4985.85    35.4239     5.6267     8.0411    106.886    251.288      8.046  0.000e+00
    414.250     43.557   4.735653     2.5579     0.3622     43.313    25.3582    29.6463    18.9382    18.9336    4985.82    35.4187     5.6075     8.0136    106.513    250.430      8.047  0.000e+00
    414.500     43.687   4.735774     2.5539     0.3662     43.442    25.3612    29.6493    18.9357    18.9312    4985.82    35.4218     5.5993     8.0019    106.355    250.064      8.043  0.000e+00
    414.750     43.854   4.735361     2.5486     0.3464     43.608    25.3606    29.6488    18.9334    18.9288    4985.80    35.4203     5.5927     7.9925    106.223    249.768      8.046  0.000e+00
    415.000     44.052   4.734662     2.5462     0.3622     43.806    25.3584    29.6466    18.9308    18.9263    4985.77    35.4165     5.5977     7.9996    106.311    249.992      8.043  0.000e+00
    415.250     44.257   4.732795     2.5437     0.3662     44.009    25.3501    29.6384    18.9267    18.9222    4985.70    35.4042     5.6051     8.0102    106.436    250.322      8.043  0.000e+00
    415.500     44.467   4.732410     2.5402     0.2095     44.218    25.3541    29.6426    18.9195    18.9150    4985.65    35.4071     5.6079     8.0142    106.477    250.449      8.040  0.000e+00
    415.750     44.672   4.730985     2.5384     0.2075     44.422    25.3517    29.6404    18.9120    18.9074    4985.57    35.4015     5.6130     8.0215    106.555    250.676      8.039  0.000e+00
    416.000     44.883   4.728954     2.5347     0.1936     44.631    25.3465    29.6354    18.9033    18.8988    4985.47    35.3918     5.6094     8.0164    106.464    250.518      8.037  0.000e+00
    416.250     45.037   4.726859     2.5319     0.1976     44.785    25.3435    29.6326    18.8918    18.8873    4985.34    35.3840     5.6071     8.0130    106.391    250.411      8.039  0.000e+00
    416.500     45.174   4.725249     2.5275     0.1599     44.921    25.3459    29.6352    18.8778    18.8733    4985.21    35.3824     5.5970     7.9987    106.173    249.964      8.034  0.000e+00
    416.750     45.292   4.725250     2.5226     0.1659     45.038    25.3584    29.6479    18.8640    18.8594    4985.13    35.3942     5.5836     7.9796    105.899    249.366      8.034  0.000e+00
    417.000     45.384   4.724837     2.5161     0.1619     45.130    25.3644    29.6540    18.8544    18.8499    4985.06    35.3989     5.5618     7.9484    105.469    248.390      8.036  0.000e+00
    417.250     45.484   4.723313     2.5099     0.1559     45.229    25.3597    29.6494    18.8488    18.8443    4984.99    35.3908     5.5400     7.9172    105.040    247.417      8.038  0.000e+00
    417.500     45.589   4.722401     2.5051     0.1301     45.333    25.3603    29.6502    18.8417    18.8371    4984.92    35.3892     5.5226     7.8923    104.694    246.638      8.036  0.000e+00
    417.750     45.762   4.721255     2.4983     0.1242     45.506    25.3599    29.6500    18.8339    18.8294    4984.85    35.3862     5.4992     7.8588    104.233    245.592      8.036  0.000e+00
    418.000     45.967   4.720877     2.4936     0.1460     45.709    25.3655    29.6556    18.8250    18.8205    4984.79    35.3905     5.4836     7.8367    103.924    244.899      8.034  0.000e+00
    418.250     46.209   4.718414     2.4904     0.1341     45.950    25.3560    29.6464    18.8179    18.8134    4984.68    35.3758     5.4752     7.8246    103.741    244.522      8.035  0.000e+00
    418.500     46.450   4.717368     2.4874     0.1143     46.190    25.3601    29.6507    18.8059    18.8014    4984.59    35.3772     5.4706     7.8181    103.633    244.319      8.032  0.000e+00
    418.750     46.704   4.716735     2.4843     0.4257     46.442    25.3686    29.6594    18.7920    18.7875    4984.50    35.3837     5.4674     7.8135    103.549    244.176      8.031  0.000e+00
    419.000     46.908   4.716514     2.4812     0.4257     46.645    25.3772    29.6681    18.7809    18.7764    4984.43    35.3912     5.4650     7.8100    103.486    244.065      8.029  0.000e+00
    419.250     47.063   4.716579     2.4772     0.4297     46.799    25.3842    29.6752    18.7736    18.7691    4984.40    35.3980     5.4585     7.8007    103.353    243.775      8.028  0.000e+00
    419.500     47.212   4.716643     2.4723     0.4257     46.947    25.3881    29.6791    18.7698    18.7653    4984.38    35.4018     5.4471     7.7845    103.133    243.268      8.028  0.000e+00
    419.750     47.361   4.716735     2.4679     0.0984     47.095    25.3904    29.6814    18.7679    18.7634    4984.38    35.4041     5.4361     7.7687    102.921    242.775      8.027  0.000e+00
    420.000     47.466   4.716579     2.4651     0.1024     47.200    25.3897    29.6808    18.7675    18.7630    4984.38    35.4031     5.4281     7.7573    102.769    242.420      8.027  0.000e+00
    420.250     47.584   4.716550     2.4619     0.0984     47.317    25.3899    29.6810    18.7671    18.7626    4984.38    35.4032     5.4185     7.7436    102.587    241.990      8.027  0.000e+00
    420.500     47.745   4.715725     2.4576     0.0984     47.477    25.3853    29.6765    18.7662    18.7617    4984.36    35.3969     5.4059     7.7256    102.343    241.428      8.024  0.000e+00
    420.750     47.918   4.715191     2.4541     0.0706     47.649    25.3841    29.6753    18.7637    18.7592    4984.34    35.3945     5.3962     7.7117    102.153    240.995      8.025  0.000e+00
    421.000     48.104   4.715412     2.4523     0.0587     47.834    25.3893    29.6805    18.7595    18.7550    4984.33    35.3999     5.3930     7.7072    102.088    240.853      8.028  0.000e+00
    421.250     48.302   4.716046     2.4516     0.0706     48.031    25.3954    29.6867    18.7572    18.7527    4984.34    35.4071     5.3955     7.7107    102.135    240.963      8.025  0.000e+00
    421.500     48.507   4.715853     2.4497     0.0726     48.235    25.3933    29.6846    18.7581    18.7536    4984.35    35.4047     5.3946     7.7094    102.118    240.923      8.023  0.000e+00
    421.750     48.693   4.714117     2.4477     0.0825     48.419    25.3813    29.6727    18.7589    18.7544    4984.32    35.3893     5.3931     7.7072    102.081    240.854      8.021  0.000e+00
