cruises/baja2025/cnv/20250502_cast1.cnv
* Sea-Bird SBE19plus Data File:
* FileName = C:\Users\ScienceTech\OneDrive - Western Flyer Foundation\Desktop\ProfilingCTD\data\Leg 3\20250502_T12_cast1.hex
* Software Version 1.59
* Temperature SN =  8289
* Conductivity SN =  8289
* System UpLoad Time = May 03 2025 05:32:41
** Site "T12"
** 27-19.97'N 112-08.86'W
** Start 2025-05-02 2135Z
** Cast to 500m
# nquan = 18
# nvalues = 8299                                  
# units = specified
# name 0 = timeS: Time, Elapsed [seconds]
# name 1 = prdM: Pressure, Strain Gauge [db]
# name 2 = c0S/m: Conductivity [S/m]
# name 3 = sbeox0V: Oxygen raw, SBE 43 [V]
# name 4 = flECO-AFL: Fluorescence, WET Labs ECO-AFL/FL [mg/m^3]
# name 5 = depSM: Depth [salt water, m], lat = 0.00
# name 6 = sigma-t00: Density [sigma-t, kg/m^3 ]
# name 7 = sigma-100: Density [sigma-1, kg/m^3 ]
# name 8 = tv268C: Temperature [IPTS-68, deg C]
# name 9 = tv290C: Temperature [ITS-90, deg C]
# name 10 = svCF: Sound Velocity [Chen-Millero, ft/s]
# name 11 = sal00: Salinity, Practical [PSU]
# name 12 = sbeox0ML/L: Oxygen, SBE 43 [ml/l]
# name 13 = sbeox0Mg/L: Oxygen, SBE 43 [mg/l]
# name 14 = sbeox0PS: Oxygen, SBE 43 [% saturation]
# name 15 = sbeox0Mm/L: Oxygen, SBE 43 [umol/l]
# name 16 = ph: pH
# name 17 = flag:  0.000e+00
# span 0 =      0.000,   2074.500                 
# span 1 =     -0.188,    497.763                 
# span 2 =   0.000545,   5.060422                 
# span 3 =     0.6314,     3.5807                 
# span 4 =    -0.1654,   128.7495                 
# span 5 =     -0.187,    494.434                 
# span 6 =    -3.6771,    26.7872                 
# span 7 =     0.6936,    31.2624                 
# span 8 =     9.6430,    27.7393                 
# span 9 =     9.6407,    27.7326                 
# span 10 =    4866.24,    5021.88                
# span 11 =     0.0135,    36.5190                
# span 12 =     0.3699,     8.7707                
# span 13 =     0.5286,    12.5342                
# span 14 =      5.827,    162.294                
# span 15 =     16.521,    391.698                
# span 16 =      7.439,      8.260                
# span 17 = 0.0000e+00, 0.0000e+00                
# interval = seconds: 0.25
# start_time = May 02 2025 14:35:01 [Instrument's time stamp, header]
# bad_flag = -9.990e-29
*END*
[from data line 161]
     40.250      6.109   4.995467     2.7194     2.5165      6.076    24.9794    29.2299    21.1545    21.1494    5004.84    35.6913     5.7367     8.1983    113.654    256.201      8.217  0.000e+00
     40.500      6.097   4.990094     2.7057     2.5066      6.063    24.9335    29.1841    21.1689    21.1638    5004.77    35.6362     5.6911     8.1332    112.744    254.166      8.219  0.000e+00
     40.750      6.072   4.986747     2.6937     2.5165      6.038    24.8243    29.0741    21.2667    21.2616    5005.23    35.5280     5.6513     8.0762    112.080    252.386      8.217  0.000e+00
     41.000      6.047   4.987489     2.6844     2.8101      6.014    24.7221    28.9706    21.3846    21.3794    5005.93    35.4363     5.6215     8.0337    111.666    251.057      8.214  0.000e+00
     41.250      6.023   4.989536     2.6751     2.8101      5.989    24.6833    28.9312    21.4412    21.4361    5006.31    35.4059     5.5986     8.0010    111.304    250.035      8.215  0.000e+00
     41.500      5.998   4.991555     2.6654     2.8061      5.965    24.6877    28.9354    21.4499    21.4447    5006.42    35.4148     5.5787     7.9725    110.930    249.144      8.215  0.000e+00
     41.750      5.973   4.994471     2.6523     2.7982      5.940    24.7038    28.9514    21.4517    21.4465    5006.51    35.4366     5.5460     7.9258    110.298    247.685      8.213  0.000e+00
     42.000      5.954   4.998496     2.6386     2.2983      5.922    24.7210    28.9683    21.4597    21.4545    5006.67    35.4621     5.5097     7.8739    109.609    246.064      8.211  0.000e+00
     42.250      5.948   5.003647     2.6251     2.3043      5.915    24.7385    28.9855    21.4748    21.4696    5006.91    35.4907     5.4717     7.8196    108.900    244.367      8.212  0.000e+00
     42.500      5.942   5.005872     2.6100     2.2884      5.909    24.7346    28.9812    21.4941    21.4889    5007.08    35.4925     5.4262     7.7546    108.033    242.334      8.211  0.000e+00
     42.750      5.942   5.001428     2.5949     2.2904      5.909    24.6878    28.9345    21.5159    21.5108    5007.08    35.4390     5.3794     7.6878    107.110    240.246      8.211  0.000e+00
     43.000      5.954   5.001369     2.5820     2.2884      5.921    24.6769    28.9234    21.5276    21.5225    5007.14    35.4289     5.3381     7.6287    106.303    238.401      8.211  0.000e+00
     43.250      5.972   5.001399     2.5680     2.3499      5.939    24.6739    28.9204    21.5312    21.5260    5007.17    35.4262     5.2959     7.5684    105.468    236.516      8.214  0.000e+00
     43.500      5.972   5.002405     2.5570     2.3519      5.939    24.6760    28.9224    21.5356    21.5304    5007.22    35.4306     5.2650     7.5243    104.864    235.136      8.211  0.000e+00
     43.750      5.979   5.004332     2.5456     2.3538      5.946    24.7225    28.9692    21.4970    21.4919    5007.06    35.4777     5.2394     7.4876    104.309    233.990      8.212  0.000e+00
     44.000      5.979   5.007246     2.5360     2.3638      5.946    24.8293    29.0768    21.3988    21.3936    5006.58    35.5823     5.2252     7.4674    103.909    233.359      8.210  0.000e+00
     44.250      5.997   5.010518     2.5254     2.4550      5.964    24.9222    29.1703    21.3184    21.3133    5006.22    35.6753     5.2076     7.4422    103.466    232.572      8.212  0.000e+00
     44.500      5.991   5.014674     2.5144     2.4411      5.958    24.9827    29.2309    21.2798    21.2747    5006.12    35.7408     5.1856     7.4108    102.998    231.591      8.212  0.000e+00
     44.750      5.997   5.015506     2.5037     2.4510      5.964    24.9893    29.2375    21.2781    21.2730    5006.13    35.7488     5.1617     7.3766    102.524    230.521      8.212  0.000e+00
     45.000      6.009   5.014184     2.4909     2.4590      5.976    24.9817    29.2301    21.2775    21.2724    5006.09    35.7387     5.1297     7.3309    101.882    229.094      8.214  0.000e+00
     45.250      6.028   5.011921     2.4787     2.7169      5.995    24.9912    29.2399    21.2519    21.2468    5005.88    35.7420     5.0999     7.2882    101.245    227.760      8.214  0.000e+00
     45.500      6.040   5.009403     2.4643     2.7129      6.007    25.0155    29.2648    21.2084    21.2033    5005.56    35.7581     5.0619     7.2339    100.422    226.064      8.211  0.000e+00
     45.750      6.053   5.009666     2.4498     2.7188      6.019    25.0608    29.3105    21.1606    21.1555    5005.29    35.8003     5.0219     7.1768     99.568    224.279      8.214  0.000e+00
     46.000      6.071   5.018833     2.4343     2.7188      6.038    25.1777    29.4276    21.0940    21.0890    5005.18    35.9299     4.9767     7.1122     98.628    222.258      8.212  0.000e+00
     46.250      6.059   5.023526     2.4190     3.1433      6.026    25.2419    29.4920    21.0553    21.0503    5005.10    36.0003     4.9312     7.0471     97.698    220.226      8.212  0.000e+00
     46.500      6.034   5.018213     2.4058     3.1612      6.001    25.2115    29.4618    21.0530    21.0479    5004.92    35.9595     4.8928     6.9923     96.911    218.512      8.212  0.000e+00
     46.750      6.003   5.011105     2.4008     3.1612      5.970    25.0736    29.3233    21.1562    21.1511    5005.31    35.8156     4.8759     6.9682     96.675    217.760      8.212  0.000e+00
     47.000      5.954   5.010218     2.4063     3.1473      5.921    24.8759    29.1236    21.3673    21.3622    5006.48    35.6322     4.8903     6.9887     97.221    218.399      8.214  0.000e+00
     47.250      5.904   5.011033     2.4212     3.1671      5.872    24.7425    28.9887    21.5198    21.5146    5007.38    35.5123     4.9464     7.0689     98.537    220.907      8.212  0.000e+00
     47.500      5.867   5.012047     2.4325     2.4907      5.835    24.6756    28.9209    21.6006    21.5954    5007.86    35.4537     5.0051     7.1529     99.817    223.530      8.210  0.000e+00
     47.750      5.861   5.013915     2.4404     2.4887      5.829    24.6468    28.8916    21.6449    21.6397    5008.17    35.4320     5.0580     7.2284    100.938    225.890      8.211  0.000e+00
     48.000      5.855   5.011848     2.4497     2.5006      5.822    24.5999    28.8444    21.6830    21.6778    5008.33    35.3843     5.1138     7.3082    102.093    228.383      8.212  0.000e+00
     48.250      5.904   5.008350     2.4630     2.4947      5.872    24.5526    28.7970    21.7120    21.7068    5008.39    35.3327     5.1781     7.4000    103.398    231.254      8.206  0.000e+00
     48.500      5.947   5.006810     2.4874     2.6316      5.915    24.5367    28.7811    21.7193    21.7141    5008.39    35.3145     5.2716     7.5336    105.267    235.428      8.210  0.000e+00
     48.750      6.016   5.004564     2.5199     2.6494      5.982    24.5936    28.8389    21.6413    21.6361    5007.89    35.3607     5.3939     7.7084    107.589    240.891      8.208  0.000e+00
     49.000      6.059   5.003516     2.5509     2.6395      6.026    24.7892    29.0366    21.4180    21.4129    5006.59    35.5366     5.5231     7.8930    109.840    246.661      8.212  0.000e+00
     49.250      6.078   5.013528     2.5712     2.6474      6.044    25.0406    29.2897    21.2085    21.2034    5005.68    35.7912     5.6148     8.0242    111.413    250.759      8.210  0.000e+00
     49.500      6.084   5.011369     2.5817     3.0382      6.050    25.1310    29.3813    21.0950    21.0899    5004.97    35.8690     5.6681     8.1003    112.293    253.139      8.213  0.000e+00
     49.750      6.065   5.008690     2.5830     3.0283      6.032    25.1856    29.4368    21.0174    21.0123    5004.44    35.9128     5.6793     8.1163    112.387    253.638      8.212  0.000e+00
     50.000      6.047   5.007017     2.5834     3.0303      6.013    25.0548    29.3048    21.1493    21.1442    5005.15    35.7884     5.6521     8.0775    112.032    252.424      8.213  0.000e+00
     50.250      6.016   5.005999     2.5828     3.0223      5.982    24.8847    29.1330    21.3293    21.3242    5006.15    35.6300     5.6033     8.0077    111.320    250.244      8.211  0.000e+00
     50.500      5.997   5.006099     2.5811     3.0204      5.964    24.7657    29.0126    21.4613    21.4561    5006.90    35.5214     5.5459     7.9256    110.369    247.679      8.210  0.000e+00
     50.750      5.979   5.007243     2.5795     2.7069      5.946    24.6859    28.9319    21.5570    21.5518    5007.48    35.4514     5.4915     7.8479    109.430    245.251      8.208  0.000e+00
     51.000      5.954   5.008513     2.5808     2.6950      5.921    24.6393    28.8846    21.6171    21.6119    5007.86    35.4120     5.4596     7.8023    108.885    243.826      8.205  0.000e+00
     51.250      5.954   5.009235     2.5803     2.6950      5.921    24.6090    28.8539    21.6555    21.6503    5008.10    35.3862     5.4379     7.7713    108.510    242.856      8.208  0.000e+00
     51.500      5.935   5.008877     2.5788     2.7050      5.902    24.5833    28.8279    21.6816    21.6764    5008.24    35.3619     5.4245     7.7522    108.278    242.259      8.206  0.000e+00
     51.750      5.916   5.008482     2.5785     2.7069      5.884    24.5617    28.8061    21.7029    21.6977    5008.35    35.3413     5.4208     7.7468    108.232    242.092      8.206  0.000e+00
     52.000      5.910   5.008474     2.5843     2.6990      5.878    24.5406    28.7848    21.7262    21.7210    5008.48    35.3221     5.4376     7.7709    108.601    242.843      8.206  0.000e+00
     52.250      5.910   5.008905     2.5920     2.7050      5.878    24.5169    28.7609    21.7553    21.7501    5008.66    35.3016     5.4631     7.8073    109.154    243.982      8.207  0.000e+00
     52.500      5.904   5.009824     2.6010     2.7208      5.872    24.4978    28.7414    21.7827    21.7775    5008.84    35.2865     5.4957     7.8539    109.848    245.437      8.204  0.000e+00
     52.750      5.904   5.011065     2.6062     2.8319      5.872    24.4898    28.7332    21.7999    21.7947    5008.97    35.2823     5.5181     7.8859    110.327    246.437      8.209  0.000e+00
     53.000      5.942   5.012467     2.6058     2.8339      5.909    24.4882    28.7315    21.8110    21.8058    5009.08    35.2843     5.5213     7.8905    110.414    246.581      8.203  0.000e+00
     53.250      5.979   5.013781     2.5993     2.8339      5.946    24.4893    28.7325    21.8185    21.8133    5009.16    35.2885     5.5023     7.8633    110.052    245.732      8.206  0.000e+00
     53.500      6.004   5.014760     2.5896     2.8319      5.970    24.4906    28.7336    21.8236    21.8184    5009.22    35.2921     5.4667     7.8124    109.352    244.142      8.205  0.000e+00
     53.750      6.028   5.014628     2.5780     3.0085      5.995    24.4853    28.7283    21.8286    21.8234    5009.24    35.2869     5.4174     7.7421    108.373    241.943      8.207  0.000e+00
     54.000      6.053   5.012941     2.5672     2.9926      6.020    24.4701    28.7131    21.8342    21.8290    5009.23    35.2690     5.3646     7.6666    107.316    239.584      8.203  0.000e+00
     54.250      6.035   5.014825     2.5610     2.9926      6.001    24.4763    28.7192    21.8399    21.8347    5009.31    35.2793     5.3249     7.6099    106.539    237.811      8.203  0.000e+00
     54.500      6.010   5.018689     2.5659     2.9906      5.977    24.4791    28.7216    21.8625    21.8573    5009.55    35.2913     5.3245     7.6093    106.582    237.794      8.202  0.000e+00
     54.750      5.979   5.021575     2.5753     3.0124      5.946    24.4624    28.7043    21.9004    21.8952    5009.84    35.2831     5.3501     7.6458    107.161    238.936      8.203  0.000e+00
     55.000      5.979   5.023643     2.5827     3.0025      5.946    24.4322    28.6736    21.9477    21.9425    5010.17    35.2609     5.3810     7.6900    107.856    240.315      8.202  0.000e+00
     55.250      5.967   5.025747     2.5832     2.9985      5.934    24.4011    28.6419    21.9963    21.9910    5010.51    35.2379     5.3971     7.7129    108.257    241.033      8.201  0.000e+00
     55.500      5.973   5.027355     2.5791     2.9946      5.940    24.3725    28.6129    22.0388    22.0335    5010.79    35.2159     5.3980     7.7142    108.343    241.073      8.199  0.000e+00
     55.750      5.998   5.028832     2.5744     2.9866      5.965    24.3523    28.5923    22.0711    22.0658    5011.02    35.2013     5.3913     7.7048    108.263    240.778      8.201  0.000e+00
     56.000      6.004   5.030213     2.5686     2.8815      5.971    24.3392    28.5789    22.0948    22.0895    5011.19    35.1929     5.3735     7.6792    107.944    239.979      8.202  0.000e+00
     56.250      6.004   5.032115     2.5652     2.8696      5.971    24.3326    28.5720    22.1148    22.1095    5011.36    35.1916     5.3540     7.6513    107.589    239.108      8.202  0.000e+00
     56.500      6.004   5.035275     2.5650     2.8696      5.971    24.3351    28.5742    22.1330    22.1277    5011.55    35.2016     5.3388     7.6297    107.325    238.431      8.200  0.000e+00
     56.750      6.010   5.038172     2.5710     2.8617      5.977    24.3258    28.5645    22.1627    22.1574    5011.80    35.2003     5.3450     7.6386    107.506    238.708      8.202  0.000e+00
     57.000      5.997   5.041435     2.5820     3.2445      5.964    24.2876    28.5255    22.2270    22.2216    5012.25    35.1738     5.3734     7.6791    108.182    239.974      8.200  0.000e+00
     57.250      5.966   5.044531     2.5930     3.2564      5.934    24.2375    28.4746    22.3033    22.2979    5012.77    35.1363     5.4110     7.7329    109.064    241.656      8.198  0.000e+00
     57.500      5.973   5.047042     2.5954     3.2584      5.940    24.1953    28.4316    22.3670    22.3617    5013.19    35.1044     5.4271     7.7559    109.492    242.376      8.198  0.000e+00
     57.750      5.954   5.049018     2.5934     3.2405      5.921    24.1544    28.3901    22.4257    22.4203    5013.58    35.0726     5.4268     7.7555    109.578    242.362      8.197  0.000e+00
     58.000      5.960   5.050541     2.5872     3.1057      5.927    24.1080    28.3430    22.4877    22.4823    5013.97    35.0346     5.4066     7.7266    109.266    241.460      8.198  0.000e+00
     58.250      5.966   5.051397     2.5782     3.1215      5.934    24.0635    28.2979    22.5432    22.5378    5014.30    34.9967     5.3698     7.6740    108.603    239.814      8.198  0.000e+00
     58.500      5.973   5.052027     2.5695     3.1136      5.940    24.0284    28.2624    22.5866    22.5812    5014.56    34.9668     5.3262     7.6116    107.785    237.866      8.196  0.000e+00
     58.750      5.979   5.052422     2.5595     3.1255      5.946    23.9986    28.2323    22.6226    22.6172    5014.77    34.9410     5.2743     7.5376    106.788    235.552      8.196  0.000e+00
     59.000      5.997   5.052883     2.5499     3.1255      5.964    23.9739    28.2073    22.6533    22.6478    5014.96    34.9201     5.2234     7.4648    105.801    233.278      8.196  0.000e+00
     59.250      6.003   5.053278     2.5425     3.0223      5.970    23.9522    28.1853    22.6803    22.6748    5015.12    34.9016     5.1849     7.4097    105.059    231.556      8.195  0.000e+00
     59.500      6.004   5.053498     2.5396     3.0362      5.970    23.9324    28.1653    22.7039    22.6984    5015.26    34.8844     5.1695     7.3877    104.780    230.868      8.195  0.000e+00
     59.750      6.004   5.053644     2.5425     3.0362      5.970    23.9180    28.1507    22.7210    22.7156    5015.36    34.8719     5.1799     7.4026    105.016    231.335      8.196  0.000e+00
     60.000      5.985   5.054134     2.5468     3.0362      5.952    23.9010    28.1334    22.7434    22.7380    5015.49    34.8578     5.2014     7.4334    105.485    232.296      8.194  0.000e+00
