cruises/baja2025/cnv/20250506_cast2.cnv
* Sea-Bird SBE19plus Data File:
* FileName = C:\Users\ScienceTech\OneDrive - Western Flyer Foundation\Desktop\ProfilingCTD\data\2025\Gulf of California\Leg 3\raw data\20250506_PP130_cast1.hex
* Software Version 1.59
* Temperature SN =  8289
* Conductivity SN =  8289
* System UpLoad Time = May 07 2025 17:09:02
** "PP130"
** 27-30.89'N
** 112-19.05'W
** Depth 120m
# nquan = 18
# nvalues = 3201                                  
# units = specified
# name 0 = timeS: Time, Elapsed [seconds]
# name 1 = prdM: Pressure, Strain Gauge [db]
# name 2 = c0S/m: Conductivity [S/m]
# name 3 = sbeox0V: Oxygen raw, SBE 43 [V]
# name 4 = flECO-AFL: Fluorescence, WET Labs ECO-AFL/FL [mg/m^3]
# name 5 = depSM: Depth [salt water, m], lat = 0.00
# name 6 = sigma-t00: Density [sigma-t, kg/m^3 ]
# name 7 = sigma-100: Density [sigma-1, kg/m^3 ]
# name 8 = tv268C: Temperature [IPTS-68, deg C]
# name 9 = tv290C: Temperature [ITS-90, deg C]
# name 10 = svCF: Sound Velocity [Chen-Millero, ft/s]
# name 11 = sal00: Salinity, Practical [PSU]
# name 12 = sbeox0ML/L: Oxygen, SBE 43 [ml/l]
# name 13 = sbeox0Mg/L: Oxygen, SBE 43 [mg/l]
# name 14 = sbeox0PS: Oxygen, SBE 43 [% saturation]
# name 15 = sbeox0Mm/L: Oxygen, SBE 43 [umol/l]
# name 16 = ph: pH
# name 17 = flag:  0.000e+00
# span 0 =      0.000,    800.000                 
# span 1 =     -0.134,    131.549                 
# span 2 =  -0.194136,   4.871799                 
# span 3 =     1.3604,     2.6837                 
# span 4 =    -0.1079,   128.7654                 
# span 5 =     -0.133,    130.784                 
# span 6 =    -3.0275,    26.2262                 
# span 7 =     1.3804,    30.5074                 
# span 8 =    14.7516,    25.3102                 
# span 9 =    14.7480,    25.3042                 
# span 10 =    4851.72,    5009.60                
# span 11 =     0.0000,    36.5160                
# span 12 =     2.5617,     6.9929                
# span 13 =     3.6610,     9.9936                
# span 14 =     44.831,    123.010                
# span 15 =    114.408,    312.304                
# span 16 =      7.412,      8.140                
# span 17 = 0.0000e+00, 0.0000e+00                
# interval = seconds: 0.25
# start_time = May 06 2025 14:00:17 [Instrument's time stamp, header]
# bad_flag = -9.990e-29
*END*
[from data line 1769]
    442.250     57.800   4.342607     1.6644    -0.1000     57.475    25.9217    30.2717    15.4295    15.4258    4950.91    35.0573     3.4118     4.8759     60.464    152.372      7.908  0.000e+00
    442.500     57.986   4.333497     1.6589    -0.0762     57.659    25.8800    30.2308    15.4055    15.4018    4950.44    34.9963     3.3949     4.8516     60.113    151.616      7.907  0.000e+00
    442.750     58.178   4.328180     1.6556    -0.0623     57.850    25.8807    30.2324    15.3640    15.3603    4949.98    34.9851     3.3860     4.8390     59.903    151.221      7.903  0.000e+00
    443.000     58.358   4.325543     1.6511    -0.0781     58.029    25.9098    30.2622    15.3118    15.3081    4949.54    35.0078     3.3725     4.8196     59.610    150.614      7.902  0.000e+00
    443.250     58.538   4.325215     1.6451    -0.0722     58.208    25.9496    30.3026    15.2655    15.2618    4949.22    35.0461     3.3534     4.7923     59.232    149.761      7.901  0.000e+00
    443.500     58.711   4.324295     1.6395    -0.0861     58.380    25.9700    30.3234    15.2360    15.2324    4948.99    35.0640     3.3347     4.7656     58.874    148.928      7.901  0.000e+00
    443.750     58.891   4.323293     1.6324    -0.0801     58.559    25.9803    30.3340    15.2170    15.2133    4948.84    35.0719     3.3078     4.7271     58.380    147.725      7.897  0.000e+00
    444.000     59.058   4.322552     1.6244    -0.0643     58.726    25.9876    30.3416    15.2032    15.1995    4948.73    35.0775     3.2775     4.6839     57.831    146.372      7.894  0.000e+00
    444.250     59.226   4.321989     1.6143    -0.0781     58.892    25.9932    30.3473    15.1927    15.1891    4948.64    35.0817     3.2354     4.6237     57.078    144.492      7.894  0.000e+00
    444.500     59.393   4.321838     1.6055    -0.0781     59.058    26.0004    30.3546    15.1836    15.1800    4948.58    35.0884     3.1997     4.5727     56.441    142.898      7.894  0.000e+00
    444.750     59.554   4.321323     1.5985    -0.0781     59.219    26.0020    30.3563    15.1779    15.1742    4948.54    35.0888     3.1700     4.5302     55.910    141.571      7.890  0.000e+00
    445.000     59.697   4.321008     1.5905    -0.0702     59.360    26.0042    30.3587    15.1729    15.1693    4948.50    35.0903     3.1398     4.4871     55.374    140.225      7.891  0.000e+00
    445.250     59.858   4.320747     1.5845    -0.0643     59.520    26.0059    30.3604    15.1690    15.1654    4948.47    35.0914     3.1201     4.4590     55.023    139.345      7.889  0.000e+00
    445.500     60.000   4.320624     1.5808    -0.0722     59.662    26.0077    30.3623    15.1660    15.1624    4948.45    35.0928     3.1120     4.4474     54.877    138.984      7.889  0.000e+00
    445.750     60.149   4.320328     1.5760    -0.0781     59.810    26.0080    30.3626    15.1634    15.1598    4948.43    35.0925     3.1049     4.4372     54.748    138.664      7.889  0.000e+00
    446.000     60.310   4.320534     1.5725    -0.0722     59.970    26.0109    30.3655    15.1617    15.1581    4948.44    35.0958     3.1041     4.4361     54.733    138.629      7.888  0.000e+00
    446.250     60.496   4.320624     1.5685    -0.0781     60.155    26.0125    30.3671    15.1606    15.1570    4948.44    35.0975     3.1031     4.4346     54.715    138.585      7.887  0.000e+00
    446.500     60.663   4.320418     1.5648    -0.0781     60.321    26.0110    30.3656    15.1607    15.1571    4948.44    35.0955     3.1006     4.4311     54.671    138.473      7.889  0.000e+00
    446.750     60.862   4.320164     1.5625    -0.0702     60.518    26.0095    30.3642    15.1602    15.1566    4948.44    35.0935     3.1021     4.4332     54.696    138.541      7.889  0.000e+00
    447.000     61.072   4.320034     1.5599    -0.0781     60.728    26.0096    30.3643    15.1591    15.1555    4948.44    35.0933     3.1019     4.4329     54.691    138.531      7.888  0.000e+00
    447.250     61.308   4.319794     1.5573    -0.0801     60.962    26.0090    30.3637    15.1578    15.1542    4948.44    35.0921     3.0988     4.4284     54.634    138.390      7.885  0.000e+00
    447.500     61.506   4.319945     1.5555    -0.0722     61.159    26.0113    30.3661    15.1564    15.1528    4948.44    35.0947     3.0975     4.4267     54.611    138.335      7.885  0.000e+00
    447.750     61.717   4.318524     1.5552    -0.0801     61.369    26.0019    30.3568    15.1557    15.1520    4948.40    35.0824     3.1030     4.4345     54.703    138.580      7.884  0.000e+00
    448.000     61.934   4.317248     1.5530    -0.0781     61.584    25.9964    30.3514    15.1518    15.1482    4948.34    35.0741     3.1012     4.4320     54.665    138.501      7.882  0.000e+00
    448.250     62.163   4.315800     1.5529    -0.0762     61.812    25.9935    30.3487    15.1438    15.1402    4948.25    35.0681     3.1073     4.4407     54.761    138.773      7.883  0.000e+00
    448.500     62.374   4.314120     1.5509    -0.0643     62.022    25.9913    30.3467    15.1333    15.1296    4948.13    35.0621     3.1059     4.4386     54.722    138.708      7.882  0.000e+00
    448.750     62.566   4.314086     1.5503    -0.0801     62.213    26.0021    30.3577    15.1211    15.1175    4948.05    35.0727     3.1076     4.4411     54.743    138.786      7.879  0.000e+00
    449.000     62.752   4.313702     1.5498    -0.0920     62.398    26.0087    30.3645    15.1108    15.1072    4947.98    35.0783     3.1098     4.4443     54.773    138.885      7.881  0.000e+00
    449.250     62.919   4.312961     1.5482    -0.0801     62.564    26.0091    30.3649    15.1047    15.1011    4947.92    35.0770     3.1071     4.4404     54.719    138.764      7.878  0.000e+00
    449.500     63.087   4.311693     1.5461    -0.0781     62.730    26.0060    30.3620    15.0982    15.0946    4947.84    35.0712     3.1006     4.4311     54.595    138.473      7.880  0.000e+00
    449.750     63.223   4.310925     1.5443    -0.0801     62.866    26.0072    30.3633    15.0910    15.0874    4947.77    35.0706     3.0941     4.4218     54.473    138.184      7.877  0.000e+00
    450.000     63.359   4.310692     1.5419    -0.0702     63.002    26.0136    30.3698    15.0822    15.0785    4947.71    35.0764     3.0855     4.4096     54.314    137.800      7.877  0.000e+00
    450.250     63.496   4.310719     1.5387    -0.0801     63.137    26.0196    30.3760    15.0757    15.0721    4947.67    35.0824     3.0724     4.3907     54.077    137.212      7.879  0.000e+00
    450.500     63.638   4.310486     1.5371    -0.0861     63.279    26.0216    30.3780    15.0717    15.0680    4947.64    35.0838     3.0655     4.3809     53.952    136.904      7.875  0.000e+00
    450.750     63.781   4.310130     1.5359    -0.0920     63.421    26.0214    30.3779    15.0691    15.0655    4947.62    35.0828     3.0599     4.3729     53.851    136.656      7.873  0.000e+00
    451.000     63.942   4.310130     1.5326    -0.0841     63.581    26.0236    30.3801    15.0666    15.0630    4947.61    35.0850     3.0477     4.3555     53.635    136.112      7.878  0.000e+00
    451.250     64.109   4.308066     1.5306    -0.0841     63.747    26.0105    30.3672    15.0651    15.0614    4947.54    35.0675     3.0412     4.3461     53.511    135.818      7.874  0.000e+00
    451.500     64.264   4.307648     1.5291    -0.0702     63.901    26.0130    30.3697    15.0591    15.0555    4947.49    35.0690     3.0376     4.3410     53.443    135.659      7.876  0.000e+00
    451.750     64.456   4.307559     1.5263    -0.0702     64.092    26.0195    30.3764    15.0511    15.0475    4947.44    35.0752     3.0292     4.3290     53.289    135.284      7.875  0.000e+00
    452.000     64.655   4.307299     1.5254    -0.0801     64.290    26.0229    30.3799    15.0453    15.0417    4947.40    35.0780     3.0286     4.3281     53.273    135.256      7.874  0.000e+00
    452.250     64.884   4.307594     1.5231    -0.0563     64.517    26.0285    30.3855    15.0414    15.0378    4947.40    35.0841     3.0224     4.3194     53.163    134.982      7.874  0.000e+00
    452.500     65.076   4.307388     1.5209    -0.0861     64.709    26.0287    30.3858    15.0395    15.0359    4947.39    35.0838     3.0157     4.3098     53.043    134.683      7.874  0.000e+00
    452.750     65.299   4.307094     1.5193    -0.0603     64.930    26.0273    30.3844    15.0387    15.0351    4947.38    35.0818     3.0111     4.3032     52.960    134.477      7.874  0.000e+00
    453.000     65.498   4.306826     1.5173    -0.0801     65.127    26.0267    30.3839    15.0372    15.0336    4947.37    35.0806     3.0065     4.2965     52.876    134.268      7.871  0.000e+00
    453.250     65.677   4.306353     1.5145    -0.0801     65.306    26.0256    30.3828    15.0348    15.0312    4947.35    35.0785     2.9972     4.2833     52.710    133.856      7.873  0.000e+00
    453.500     65.832   4.305970     1.5118    -0.0702     65.460    26.0253    30.3825    15.0322    15.0285    4947.33    35.0772     2.9878     4.2698     52.541    133.435      7.873  0.000e+00
    453.750     65.981   4.306175     1.5107    -0.0623     65.608    26.0297    30.3870    15.0288    15.0252    4947.32    35.0821     2.9849     4.2657     52.488    133.304      7.870  0.000e+00
    454.000     66.130   4.305675     1.5094    -0.0781     65.756    26.0278    30.3851    15.0270    15.0234    4947.30    35.0791     2.9811     4.2602     52.418    133.134      7.872  0.000e+00
    454.250     66.248   4.305442     1.5064    -0.0702     65.873    26.0279    30.3853    15.0251    15.0215    4947.28    35.0786     2.9722     4.2476     52.261    132.740      7.870  0.000e+00
    454.500     66.365   4.305292     1.5061    -0.0841     65.990    26.0290    30.3864    15.0226    15.0190    4947.27    35.0794     2.9730     4.2487     52.272    132.773      7.870  0.000e+00
    454.750     66.502   4.305175     1.5064    -0.0682     66.126    26.0305    30.3879    15.0201    15.0165    4947.25    35.0806     2.9770     4.2544     52.340    132.953      7.868  0.000e+00
    455.000     66.638   4.304730     1.5052    -0.0643     66.261    26.0286    30.3861    15.0187    15.0151    4947.23    35.0777     2.9772     4.2547     52.341    132.960      7.872  0.000e+00
    455.250     66.781   4.304497     1.5032    -0.0643     66.403    26.0289    30.3865    15.0164    15.0128    4947.22    35.0776     2.9736     4.2496     52.275    132.800      7.868  0.000e+00
    455.500     66.935   4.304469     1.5025    -0.0841     66.557    26.0309    30.3885    15.0141    15.0104    4947.21    35.0794     2.9736     4.2495     52.273    132.800      7.871  0.000e+00
    455.750     67.128   4.304380     1.4997    -0.0623     66.748    26.0321    30.3897    15.0120    15.0084    4947.20    35.0803     2.9644     4.2365     52.111    132.392      7.868  0.000e+00
    456.000     67.326   4.304141     1.4994    -0.0702     66.945    26.0315    30.3892    15.0107    15.0071    4947.19    35.0792     2.9640     4.2359     52.102    132.374      7.867  0.000e+00
    456.250     67.549   4.304113     1.4993    -0.0722     67.167    26.0325    30.3902    15.0094    15.0058    4947.19    35.0801     2.9650     4.2373     52.119    132.419      7.870  0.000e+00
    456.500     67.791   4.304052     1.4984    -0.0643     67.407    26.0331    30.3908    15.0081    15.0045    4947.20    35.0806     2.9621     4.2331     52.066    132.288      7.866  0.000e+00
    456.750     68.032   4.303319     1.4983    -0.0781     67.647    26.0289    30.3867    15.0070    15.0034    4947.18    35.0748     2.9627     4.2340     52.074    132.315      7.867  0.000e+00
    457.000     68.268   4.301400     1.4975    -0.0722     67.881    26.0178    30.3757    15.0043    15.0007    4947.10    35.0596     2.9631     4.2345     52.072    132.331      7.865  0.000e+00
    457.250     68.497   4.299845     1.4983    -0.0623     68.109    26.0134    30.3716    14.9970    14.9934    4947.01    35.0519     2.9697     4.2440     52.179    132.627      7.867  0.000e+00
    457.500     68.714   4.298462     1.4968    -0.0781     68.325    26.0141    30.3725    14.9855    14.9819    4946.89    35.0495     2.9676     4.2410     52.129    132.534      7.866  0.000e+00
    457.750     68.906   4.297195     1.4955    -0.0623     68.516    26.0172    30.3759    14.9722    14.9687    4946.77    35.0498     2.9652     4.2376     52.074    132.427      7.863  0.000e+00
    458.000     69.098   4.297373     1.4929    -0.0643     68.707    26.0302    30.3890    14.9593    14.9557    4946.69    35.0629     2.9552     4.2233     51.889    131.979      7.863  0.000e+00
    458.250     69.265   4.296928     1.4919    -0.0702     68.873    26.0344    30.3933    14.9512    14.9477    4946.63    35.0661     2.9497     4.2155     51.785    131.735      7.863  0.000e+00
    458.500     69.414   4.294724     1.4890    -0.0722     69.021    26.0240    30.3831    14.9456    14.9420    4946.52    35.0509     2.9380     4.1987     51.568    131.210      7.863  0.000e+00
    458.750     69.556   4.294929     1.4862    -0.0781     69.163    26.0343    30.3935    14.9358    14.9322    4946.47    35.0616     2.9248     4.1799     51.331    130.623      7.862  0.000e+00
    459.000     69.693   4.294786     1.4831    -0.0762     69.298    26.0403    30.3996    14.9281    14.9245    4946.42    35.0671     2.9104     4.1593     51.072    129.980      7.864  0.000e+00
    459.250     69.829   4.294580     1.4804    -0.0643     69.434    26.0431    30.4025    14.9234    14.9198    4946.39    35.0694     2.8975     4.1408     50.841    129.401      7.863  0.000e+00
    459.500     69.972   4.294457     1.4768    -0.0861     69.576    26.0449    30.4043    14.9205    14.9169    4946.37    35.0709     2.8828     4.1198     50.580    128.745      7.864  0.000e+00
    459.750     70.133   4.294081     1.4730    -0.0861     69.736    26.0443    30.4038    14.9182    14.9146    4946.35    35.0694     2.8677     4.0983     50.313    128.072      7.861  0.000e+00
    460.000     70.294   4.294108     1.4704    -0.0702     69.896    26.0466    30.4061    14.9158    14.9122    4946.34    35.0718     2.8576     4.0838     50.135    127.622      7.860  0.000e+00
    460.250     70.468   4.293814     1.4671    -0.0801     70.068    26.0460    30.4056    14.9140    14.9105    4946.33    35.0706     2.8450     4.0658     49.911    127.057      7.860  0.000e+00
    460.500     70.635   4.292725     1.4645    -0.0643     70.235    26.0403    30.4000    14.9119    14.9083    4946.28    35.0625     2.8375     4.0550     49.774    126.721      7.858  0.000e+00
    460.750     70.821   4.291699     1.4624    -0.0623     70.420    26.0364    30.3962    14.9082    14.9046    4946.23    35.0564     2.8323     4.0476     49.677    126.489      7.857  0.000e+00
    461.000     71.007   4.290172     1.4597    -0.0861     70.604    26.0307    30.3907    14.9025    14.8989    4946.15    35.0475     2.8260     4.0386     49.559    126.209      7.859  0.000e+00
    461.250     71.217   4.289379     1.4581    -0.0762     70.814    26.0339    30.3940    14.8928    14.8893    4946.07    35.0488     2.8241     4.0359     49.517    126.124      7.857  0.000e+00
    461.500     71.416   4.288736     1.4557    -0.0563     71.011    26.0385    30.3988    14.8827    14.8792    4945.98    35.0519     2.8200     4.0301     49.437    125.943      7.856  0.000e+00
    461.750     71.602   4.287853     1.4533    -0.0861     71.196    26.0397    30.4002    14.8745    14.8709    4945.90    35.0512     2.8154     4.0236     49.348    125.738      7.855  0.000e+00
    462.000     71.794   4.287737     1.4509    -0.0702     71.387    26.0459    30.4065    14.8668    14.8632    4945.86    35.0570     2.8093     4.0148     49.235    125.465      7.853  0.000e+00
