cruises/baja2025/cnv/20250429.cnv
* Sea-Bird SBE19plus Data File:
* FileName = C:\Users\ScienceTech\OneDrive - Western Flyer Foundation\Documents\Profiling CTD\20250429_Mulege_cast1.hex
* Software Version 1.59
* Temperature SN =  8289
* Conductivity SN =  8289
* System UpLoad Time = Apr 30 2025 09:07:20
** Resampling Cayuse GG-103 ("Mulege")
** SB Cast 29
** WF Cast 14
# nquan = 18
# nvalues = 5721                                  
# units = specified
# name 0 = timeS: Time, Elapsed [seconds]
# name 1 = prdM: Pressure, Strain Gauge [db]
# name 2 = c0S/m: Conductivity [S/m]
# name 3 = sbeox0V: Oxygen raw, SBE 43 [V]
# name 4 = flECO-AFL: Fluorescence, WET Labs ECO-AFL/FL [mg/m^3]
# name 5 = depSM: Depth [salt water, m], lat = 0.00
# name 6 = sigma-t00: Density [sigma-t, kg/m^3 ]
# name 7 = sigma-100: Density [sigma-1, kg/m^3 ]
# name 8 = tv268C: Temperature [IPTS-68, deg C]
# name 9 = tv290C: Temperature [ITS-90, deg C]
# name 10 = svCF: Sound Velocity [Chen-Millero, ft/s]
# name 11 = sal00: Salinity, Practical [PSU]
# name 12 = sbeox0ML/L: Oxygen, SBE 43 [ml/l]
# name 13 = sbeox0Mg/L: Oxygen, SBE 43 [mg/l]
# name 14 = sbeox0PS: Oxygen, SBE 43 [% saturation]
# name 15 = sbeox0Mm/L: Oxygen, SBE 43 [umol/l]
# name 16 = ph: pH
# name 17 = flag:  0.000e+00
# span 0 =      0.000,   1430.000                 
# span 1 =     -0.134,    335.360                 
# span 2 =   0.000305,   5.067635                 
# span 3 =     0.5672,     3.1733                 
# span 4 =    -0.1694,   128.6979                 
# span 5 =     -0.133,    333.247                 
# span 6 =    -2.4035,    26.5530                 
# span 7 =     2.0451,    30.9923                 
# span 8 =    11.1998,    22.8042                 
# span 9 =    11.1971,    22.7988                 
# span 10 =    4877.74,    5011.38                
# span 11 =     0.0114,    35.8293                
# span 12 =     0.1234,     7.4792                
# span 13 =     0.1763,    10.6885                
# span 14 =      2.001,    140.986                
# span 15 =      5.509,    334.022                
# span 16 =      7.343,      8.215                
# span 17 = 0.0000e+00, 0.0000e+00                
# interval = seconds: 0.25
# start_time = Apr 29 2025 17:52:47 [Instrument's time stamp, header]
# bad_flag = -9.990e-29
*END*
[from data line 5387]
   1346.750     16.682   4.932796     3.1254     1.8143     16.590    24.9738    29.2320    20.7342    20.7292    5001.14    35.5336     7.0036    10.0088    137.580    312.780      8.190  0.000e+00
   1347.000     16.497   4.938178     3.1255     1.7984     16.405    24.9787    29.2364    20.7654    20.7604    5001.47    35.5512     6.9973     9.9999    137.548    312.500      8.189  0.000e+00
   1347.250     16.323   4.934397     3.1233     1.8183     16.233    24.9119    29.1692    20.8134    20.8084    5001.63    35.4805     6.9863     9.9841    137.394    312.009      8.189  0.000e+00
   1347.500     16.144   4.938678     3.1253     1.8321     16.054    24.9184    29.1754    20.8353    20.8303    5001.87    35.4969     6.9883     9.9869    137.500    312.096      8.187  0.000e+00
   1347.750     15.952   4.940230     3.1224     1.3977     15.863    24.9114    29.1681    20.8537    20.8487    5002.01    35.4942     6.9770     9.9708    137.322    311.593      8.189  0.000e+00
   1348.000     15.778   4.944840     3.1152     1.3898     15.691    24.9225    29.1787    20.8727    20.8677    5002.25    35.5155     6.9507     9.9333    136.868    310.419      8.190  0.000e+00
   1348.250     15.605   4.946371     3.1094     1.4017     15.518    24.9102    29.1662    20.8967    20.8916    5002.42    35.5080     6.9272     9.8996    136.457    309.367      8.190  0.000e+00
   1348.500     15.444   4.947424     3.1068     1.3977     15.358    24.8940    29.1496    20.9218    20.9167    5002.59    35.4956     6.9121     9.8781    136.212    308.695      8.191  0.000e+00
   1348.750     15.301   4.952072     3.1029     0.8224     15.217    24.9064    29.1617    20.9395    20.9345    5002.82    35.5183     6.8930     9.8508    135.898    307.843      8.188  0.000e+00
   1349.000     15.159   4.955276     3.1007     0.8304     15.075    24.9041    29.1589    20.9638    20.9588    5003.05    35.5240     6.8794     9.8314    135.694    307.236      8.191  0.000e+00
   1349.250     15.004   4.958910     3.0958     0.8344     14.921    24.8997    29.1540    20.9933    20.9883    5003.32    35.5287     6.8586     9.8017    135.359    306.307      8.188  0.000e+00
   1349.500     14.837   4.965796     3.0926     0.8363     14.755    24.9137    29.1674    21.0244    21.0193    5003.69    35.5583     6.8422     9.7782    135.135    305.574      8.188  0.000e+00
   1349.750     14.657   4.971841     3.0904     0.5110     14.576    24.9149    29.1679    21.0639    21.0588    5004.09    35.5740     6.8329     9.7649    135.059    305.157      8.189  0.000e+00
   1350.000     14.465   4.965823     3.0856     0.5189     14.385    24.8354    29.0882    21.1110    21.1059    5004.17    35.4865     6.8197     9.7460    134.842    304.566      8.190  0.000e+00
   1350.250     14.291   4.965299     3.0842     0.5170     14.212    24.8187    29.0714    21.1260    21.1209    5004.24    35.4700     6.8165     9.7414    134.802    304.424      8.188  0.000e+00
   1350.500     14.112   4.966572     3.0833     0.5249     14.034    24.8283    29.0809    21.1240    21.1189    5004.25    35.4819     6.8154     9.7400    134.787    304.378      8.193  0.000e+00
   1350.750     13.957   4.970974     3.0670     0.5130     13.880    24.8546    29.1070    21.1248    21.1197    5004.38    35.5166     6.7641     9.6665    133.800    302.084      8.192  0.000e+00
   1351.000     13.808   4.973295     3.0560     0.2412     13.732    24.8568    29.1090    21.1380    21.1329    5004.51    35.5243     6.7230     9.6079    133.025    300.250      8.189  0.000e+00
   1351.250     13.684   4.976323     3.0485     0.2194     13.609    24.8567    29.1084    21.1586    21.1535    5004.71    35.5315     6.6913     9.5626    132.453    298.835      8.192  0.000e+00
   1351.500     13.573   4.979432     3.0428     0.2293     13.498    24.8555    29.1069    21.1808    21.1757    5004.93    35.5380     6.6649     9.5248    131.987    297.653      8.191  0.000e+00
   1351.750     13.443   4.980050     3.0357     0.2154     13.369    24.8366    29.0877    21.2059    21.2008    5005.08    35.5222     6.6365     9.4843    131.472    296.387      8.195  0.000e+00
   1352.000     13.319   4.981091     3.0300     0.1500     13.245    24.8258    29.0767    21.2249    21.2198    5005.21    35.5148     6.6158     9.4546    131.100    295.460      8.191  0.000e+00
   1352.250     13.201   4.981703     3.0273     0.1559     13.128    24.8169    29.0676    21.2388    21.2337    5005.31    35.5082     6.6076     9.4429    130.966    295.095      8.191  0.000e+00
   1352.500     13.022   4.982751     3.0228     0.1718     12.950    24.8137    29.0642    21.2495    21.2444    5005.39    35.5078     6.5996     9.4314    130.831    294.736      8.189  0.000e+00
   1352.750     12.848   4.986284     3.0211     0.1559     12.777    24.8259    29.0762    21.2598    21.2547    5005.54    35.5276     6.6054     9.4398    130.987    294.999      8.193  0.000e+00
   1353.000     12.644   4.986583     3.0198     0.2095     12.574    24.8141    29.0642    21.2749    21.2698    5005.63    35.5175     6.6097     9.4459    131.099    295.188      8.192  0.000e+00
   1353.250     12.452   4.986029     3.0174     0.1936     12.383    24.7971    29.0470    21.2900    21.2849    5005.69    35.5006     6.6083     9.4440    131.095    295.128      8.193  0.000e+00
   1353.500     12.266   4.984448     3.0150     0.2035     12.198    24.7821    29.0320    21.2960    21.2909    5005.67    35.4831     6.6070     9.4420    131.069    295.067      8.193  0.000e+00
   1353.750     12.105   4.984433     3.0133     0.1936     12.038    24.7847    29.0347    21.2931    21.2880    5005.64    35.4855     6.6078     9.4432    131.080    295.105      8.191  0.000e+00
   1354.000     11.950   4.986058     3.0118     0.1837     11.884    24.7986    29.0486    21.2886    21.2835    5005.65    35.5022     6.6069     9.4420    131.065    295.066      8.192  0.000e+00
   1354.250     11.820   4.986546     3.0096     0.1024     11.755    24.7998    29.0496    21.2907    21.2856    5005.67    35.5044     6.6022     9.4352    130.978    294.856      8.193  0.000e+00
   1354.500     11.690   4.989832     3.0092     0.1083     11.625    24.8113    29.0609    21.3001    21.2950    5005.81    35.5229     6.6014     9.4341    130.999    294.819      8.194  0.000e+00
   1354.750     11.547   4.990904     3.0082     0.1044     11.484    24.8055    29.0550    21.3137    21.3086    5005.92    35.5203     6.5978     9.4288    130.956    294.656      8.194  0.000e+00
   1355.000     11.392   4.990714     3.0070     0.0984     11.330    24.7925    29.0418    21.3269    21.3218    5005.98    35.5079     6.5945     9.4242    130.913    294.510      8.194  0.000e+00
   1355.250     11.256   4.991632     3.0047     0.1341     11.194    24.7893    29.0384    21.3366    21.3315    5006.05    35.5072     6.5880     9.4150    130.806    294.221      8.194  0.000e+00
   1355.500     11.083   4.991493     3.0022     0.1341     11.022    24.7822    29.0313    21.3435    21.3384    5006.08    35.5005     6.5805     9.4042    130.668    293.885      8.192  0.000e+00
   1355.750     10.909   4.991427     2.9995     0.1301     10.849    24.7789    29.0280    21.3468    21.3416    5006.09    35.4973     6.5715     9.3913    130.495    293.484      8.197  0.000e+00
   1356.000     10.742   4.990480     3.0001     0.1282     10.683    24.7725    29.0216    21.3475    21.3424    5006.05    35.4892     6.5734     9.3940    130.528    293.568      8.195  0.000e+00
   1356.250     10.594   4.990611     2.9989     0.0984     10.535    24.7763    29.0254    21.3443    21.3392    5006.03    35.4929     6.5706     9.3900    130.467    293.442      8.195  0.000e+00
   1356.500     10.439   4.990414     2.9964     0.1044     10.381    24.7774    29.0265    21.3418    21.3367    5006.00    35.4935     6.5634     9.3798    130.319    293.122      8.195  0.000e+00
   1356.750     10.296   4.990713     2.9941     0.0885     10.239    24.7809    29.0300    21.3400    21.3348    5005.99    35.4975     6.5568     9.3703    130.186    292.826      8.197  0.000e+00
   1357.000     10.172   4.991850     2.9912     0.1024     10.116    24.7886    29.0376    21.3392    21.3341    5006.02    35.5072     6.5479     9.3576    130.016    292.429      8.198  0.000e+00
   1357.250     10.061   4.992375     2.9893     0.0984     10.005    24.7882    29.0372    21.3431    21.3380    5006.05    35.5082     6.5417     9.3487    129.902    292.151      8.197  0.000e+00
   1357.500      9.937   4.993578     2.9878     0.1024      9.882    24.7908    29.0396    21.3484    21.3433    5006.11    35.5135     6.5366     9.3414    129.817    291.924      8.199  0.000e+00
   1357.750      9.825   4.994751     2.9866     0.1083      9.771    24.7912    29.0399    21.3559    21.3508    5006.18    35.5167     6.5319     9.3347    129.743    291.713      8.197  0.000e+00
   1358.000      9.720   4.995626     2.9881     0.0925      9.666    24.7880    29.0366    21.3653    21.3601    5006.25    35.5160     6.5355     9.3399    129.837    291.876      8.200  0.000e+00
   1358.250      9.615   4.995662     2.9893     0.0984      9.562    24.7800    29.0285    21.3744    21.3693    5006.30    35.5087     6.5412     9.3480    129.965    292.129      8.195  0.000e+00
   1358.500      9.503   4.995954     2.9905     0.1024      9.451    24.7760    29.0244    21.3808    21.3757    5006.34    35.5058     6.5486     9.3587    130.126    292.462      8.195  0.000e+00
   1358.750      9.361   4.994977     2.9915     0.1123      9.309    24.7662    29.0146    21.3851    21.3799    5006.33    35.4945     6.5563     9.3697    130.280    292.806      8.195  0.000e+00
   1359.000      9.193   4.995494     2.9923     0.0964      9.143    24.7691    29.0174    21.3855    21.3803    5006.33    35.4984     6.5626     9.3786    130.409    293.086      8.195  0.000e+00
   1359.250      9.045   4.996275     2.9912     0.0865      8.995    24.7748    29.0232    21.3844    21.3792    5006.34    35.5055     6.5614     9.3769    130.387    293.031      8.198  0.000e+00
   1359.500      8.896   4.994780     2.9893     0.0568      8.847    24.7638    29.0122    21.3865    21.3814    5006.30    35.4919     6.5560     9.3691    130.274    292.789      8.195  0.000e+00
   1359.750      8.710   4.996406     2.9890     0.0706      8.662    24.7747    29.0230    21.3855    21.3803    5006.33    35.5058     6.5532     9.3651    130.227    292.664      8.197  0.000e+00
   1360.000      8.568   4.996048     2.9858     0.0627      8.521    24.7720    29.0203    21.3862    21.3810    5006.32    35.5024     6.5400     9.3463    129.964    292.075      8.197  0.000e+00
   1360.250      8.450   4.997091     2.9822     0.0647      8.403    24.7741    29.0223    21.3908    21.3857    5006.37    35.5070     6.5241     9.3236    129.663    291.367      8.198  0.000e+00
   1360.500      8.351   4.997879     2.9829     0.0389      8.305    24.7755    29.0236    21.3946    21.3895    5006.41    35.5101     6.5219     9.3204    129.630    291.267      8.197  0.000e+00
   1360.750      8.264   4.998447     2.9858     0.0429      8.219    24.7745    29.0225    21.3996    21.3944    5006.45    35.5106     6.5290     9.3306    129.783    291.585      8.195  0.000e+00
   1361.000      8.196   4.998396     2.9879     0.0429      8.151    24.7687    29.0167    21.4056    21.4004    5006.48    35.5052     6.5366     9.3415    129.945    291.926      8.197  0.000e+00
   1361.250      8.116   4.998987     2.9910     0.0409      8.071    24.7690    29.0170    21.4092    21.4041    5006.51    35.5070     6.5500     9.3606    130.221    292.524      8.196  0.000e+00
   1361.500      8.035   4.999082     2.9921     0.0409      7.991    24.7669    29.0147    21.4123    21.4071    5006.53    35.5052     6.5581     9.3722    130.387    292.885      8.198  0.000e+00
   1361.750      7.924   4.999942     2.9914     0.0587      7.880    24.7695    29.0173    21.4151    21.4100    5006.57    35.5098     6.5594     9.3740    130.423    292.942      8.198  0.000e+00
   1362.000      7.800   5.000351     2.9883     0.0647      7.757    24.7683    29.0160    21.4193    21.4141    5006.59    35.5096     6.5519     9.3633    130.283    292.606      8.198  0.000e+00
   1362.250      7.657   4.999964     2.9857     0.0587      7.615    24.7612    29.0089    21.4246    21.4195    5006.61    35.5022     6.5424     9.3498    130.102    292.184      8.200  0.000e+00
   1362.500      7.496   5.000095     2.9848     0.0726      7.455    24.7607    29.0084    21.4260    21.4209    5006.61    35.5021     6.5343     9.3382    129.944    291.823      8.200  0.000e+00
   1362.750      7.329   4.999307     2.9870     0.0429      7.289    24.7554    29.0031    21.4267    21.4215    5006.58    35.4953     6.5363     9.3411    129.980    291.912      8.197  0.000e+00
   1363.000      7.168   4.998855     2.9893     0.0409      7.128    24.7544    29.0021    21.4248    21.4197    5006.55    35.4933     6.5413     9.3481    130.072    292.133      8.197  0.000e+00
   1363.250      7.050   4.999176     2.9874     0.0429      7.011    24.7593    29.0070    21.4216    21.4164    5006.53    35.4986     6.5353     9.3396    129.950    291.867      8.201  0.000e+00
   1363.500      6.945   4.999409     2.9866     0.0349      6.907    24.7618    29.0095    21.4204    21.4152    5006.53    35.5015     6.5337     9.3373    129.917    291.793      8.202  0.000e+00
   1363.750      6.852   5.000941     2.9876     0.0389      6.814    24.7720    29.0196    21.4195    21.4143    5006.56    35.5145     6.5385     9.3441    130.020    292.008      8.200  0.000e+00
   1364.000      6.784   5.003714     2.9876     0.0409      6.747    24.7843    29.0317    21.4245    21.4194    5006.67    35.5325     6.5401     9.3464    130.078    292.080      8.198  0.000e+00
   1364.250      6.710   5.006757     2.9899     0.0329      6.673    24.7902    29.0374    21.4383    21.4332    5006.83    35.5454     6.5462     9.3552    130.242    292.354      8.200  0.000e+00
   1364.500      6.604   5.007391     2.9909     0.0389      6.568    24.7757    29.0226    21.4587    21.4535    5006.96    35.5336     6.5475     9.3570    130.306    292.410      8.198  0.000e+00
   1364.750      6.480   5.007566     2.9927     0.0329      6.445    24.7604    29.0071    21.4768    21.4716    5007.06    35.5201     6.5507     9.3616    130.402    292.554      8.196  0.000e+00
   1365.000      6.338   5.006690     2.9938     0.0389      6.303    24.7457    28.9924    21.4872    21.4820    5007.09    35.5046     6.5543     9.3667    130.485    292.713      8.202  0.000e+00
   1365.250      6.183   5.007537     2.9922     0.0270      6.149    24.7474    28.9940    21.4910    21.4859    5007.13    35.5082     6.5508     9.3617    130.428    292.558      8.201  0.000e+00
   1365.500      6.035   5.009106     2.9882     0.0310      6.001    24.7543    29.0008    21.4939    21.4887    5007.18    35.5184     6.5364     9.3412    130.156    291.917      8.199  0.000e+00
   1365.750      5.892   5.007631     2.9848     0.0468      5.860    24.7391    28.9855    21.5009    21.4957    5007.17    35.5008     6.5218     9.3203    129.867    291.263      8.200  0.000e+00
   1366.000      5.768   5.007288     2.9822    -0.0087      5.736    24.7358    28.9823    21.5022    21.4970    5007.16    35.4971     6.5086     9.3015    129.606    290.676      8.199  0.000e+00
   1366.250      5.675   5.007441     2.9815    -0.0246      5.644    24.7390    28.9855    21.4997    21.4946    5007.15    35.5004     6.5014     9.2912    129.459    290.354      8.197  0.000e+00
   1366.500      5.595   5.008354     2.9847    -0.0305      5.564    24.7461    28.9926    21.4980    21.4929    5007.16    35.5091     6.5086     9.3015    129.605    290.676      8.200  0.000e+00
